9.099572552895052180e-01
-6.145368979805758691e-01
5.671474559035838414e-01
-5.058018086028863713e-01
1.000000000000000000e+00
-9.483383832144618442e-01
-7.024417271632359405e-01
7.327091991399040660e-01
-3.694644974180923969e-01
-7.350139440232986709e-01
-2.880371647966747939e-01
-2.822659614958173413e-01
5.181053273684582683e-01
-2.306134347150612385e-01
3.367370310944430845e-01
-7.289220961714872882e-01
-1.235694069561632386e-01
5.462440501849565866e-01
5.222155687346482500e-01
4.734057179351289918e-02
-3.220013598801455545e-01
3.693515598445695214e-01
-6.712525492970390362e-01
-9.470709686806695338e-01
7.919263761817985081e-01
2.088011801211831220e-01
-7.472745186605176393e-01
-5.015860851932587572e-01
3.920156373191295562e-02
6.543166053753086964e-02
-3.306620577955129425e-01
-6.498778136022986818e-01
-5.325384772584174087e-01
3.046389644277790465e-01
4.807500933401975263e-01
5.716712898504446860e-01
2.463506255476100026e-01
-6.673306436353464433e-01
1.938709158874719896e-01
-4.217872040927693744e-01
-6.275088743570000904e-02
-5.295537375078592790e-01
-7.523843294702551310e-01
1.000000000000000000e+00
-7.794336148838377776e-01
1.000000000000000000e+00
-1.000000000000000000e+00
-9.939654182213621958e-01
7.238969821106843172e-01
-2.661533776602845180e-01
5.437610108515493756e-01
9.662108687858458334e-01
-6.136765059010662604e-02
9.044257985618330276e-01
2.472728024711666472e-01
4.226018343774632369e-01
-5.299800770290222784e-01
6.629050265039647671e-01
3.920907873396591303e-01
9.407928275860649725e-01
6.877243516400475265e-01
8.862588573623092492e-01
-5.704518373187286162e-01
-1.562490063688781183e-01
-2.712499303257038807e-01
-2.506656811161325771e-01
3.118670274554958821e-01
1.579352321067188647e-02
-5.604971880347888735e-01
3.970323070544025390e-02
-1.841708896639883408e-01
4.373078794676057424e-01
-8.042679391650878751e-01
7.768917790585075922e-01
7.218407760447128618e-01
7.949891017108708935e-01
1.608935708459720282e-01
-2.475933087388272613e-01
-4.343578269175770723e-01
2.803061812515948992e-01
-1.609475906447627447e-01
6.286341028408700682e-01
5.594105423886382988e-01
-9.776106522466758708e-01
-6.397286284184505734e-01
8.086696946246473283e-01
-6.030791333590359571e-01
5.120311426365224960e-01
7.984306066391230750e-02
5.408868757532593330e-01
7.977727007730088804e-01
-2.987907398781740054e-01
1.020633816189656096e-01
-3.825930913041172832e-01
-8.772404228411838645e-01
8.925089976745593789e-01
-7.326389007280524890e-01
7.085712267143756682e-01
-1.942231631163543470e-01
7.715369020292212054e-01
-1.000000000000000000e+00
7.960405367737699578e-01
3.252083043835543585e-01
2.311338211442872659e-01
2.294049561121886960e-01
1.586661944032279406e-02
8.963486101984748100e-02
-5.619290371883524093e-01
-1.828459460268176406e-01
-7.314030994405426034e-01
6.448253608284973959e-01
-1.978611004323691247e-01
-2.035764373572084840e-01
1.230967546455079970e-01
-3.779105250855181453e-01
8.589940684411088989e-02
-6.184653257657033443e-01
-8.454454161061460971e-01
-8.334858330861316666e-01
3.891631481881712151e-01
8.925268926270014669e-01
4.738380576356622242e-01
-4.416505907420757993e-01
-1.628796678055561553e-01
1.713295573791151771e-01
-1.319239394923762410e-01
-8.714925407700282456e-01
-5.136016990419234318e-01
2.286262872752465036e-01
9.250606996723296227e-01
1.000000000000000000e+00
-9.430578446535748949e-01
5.577956702737432021e-02
-5.383619638916363748e-01
9.934700618660349258e-01
-3.481755347128684397e-01
-6.658291044064995612e-01
-4.424904055828318694e-02
2.620600576909603574e-01
8.561520599445927582e-01
-2.505942836098706133e-02
4.043517365955726084e-01
-9.619329629954486149e-01
3.667137407348159406e-01
1.000000000000000000e+00
-7.984846436226583632e-02
1.587118658917871517e-01
9.751987519068761046e-01
-2.014951138659933083e-01
-3.013021093135128670e-01
-6.996448789641198651e-01
-8.326892296172057062e-01
4.524251980712714061e-01
-5.678861036510218785e-01
-9.799119110612257710e-01
-5.242120263678057279e-01
1.000000000000000000e+00
9.995307848448439225e-01
-8.170747067263162133e-01
1.203373650027787373e-01
7.955955837223218641e-01
5.336064995399318611e-02
-9.791248160857136673e-01
9.107369612749616206e-01
2.979090151468425929e-01
-2.692665281839896063e-01
1.000000000000000000e+00
7.548973243669675481e-01
-1.000000000000000000e+00
2.745591139843606698e-01
-6.326469465451998175e-01
2.641326958510827883e-01
-9.088478226583202035e-01
-1.000000000000000000e+00
-1.689618155561994350e-01
-8.933112404247324223e-01
2.746448685326897121e-01
4.468136139611093016e-01
-2.339156476133485152e-01
-9.177226167074549190e-01
-6.050094963351991817e-01
-8.727879841547905304e-01
8.765185226429847987e-01
-7.297498287900655578e-01
-7.081347874843686441e-01
-7.630854928321981756e-01
-5.650536022359400334e-01
7.870082084200802353e-01
5.805395449594010771e-01
-5.000277480305113098e-01
5.684016826268852851e-01
-1.988397163985511085e-01
1.971337574427549921e-01
2.878114258292870931e-01
1.564620441637382398e-01
-5.879612277431275347e-01
-6.199325284337307007e-01
-2.769131642185604716e-02
-5.003438006618561307e-01
7.243083252542892314e-01
-9.823517286242036128e-01
-4.867845175282904946e-01
5.053976470972053603e-01
-4.492180492840083805e-01
-5.978261868445056137e-01
7.431091332759267587e-01
1.815911917345257032e-01
-1.000000000000000000e+00
4.959486836119985503e-02
-2.884922981183562496e-01
-1.000000000000000000e+00
-3.394661935690415078e-01
7.690672898357692189e-01
-8.266729710229686612e-01
7.249121963234455013e-01
-3.145730759512952446e-01
1.942235698205059535e-01
8.381660376875950114e-01
3.933993711808911331e-02
-5.207674842433748230e-01
1.819321222374776226e-01
4.352154305985598826e-01
-1.410040811484419843e-01
-1.666185278293220717e-01
3.141350665830127675e-01
-8.536898006910539349e-01
-1.460195290643145072e-01
-6.306048896259113662e-03
-1.350838911271579068e-02
-8.550979829968222701e-01
-9.221161061158222871e-01
4.605983289588804208e-01
-5.117181543448245939e-01
7.642913503946295872e-01
-3.137709313172307724e-01
-1.029495599526692867e-01
-2.966111546060148374e-01
-2.619028545641258754e-01
5.346892972035037772e-01
-4.659043859450252567e-01
9.113395902511689517e-01
1.046362652702819557e-01
7.718177545312682186e-02
4.246354086998583299e-01
4.907611883436694411e-01
3.392137783286802710e-01
-3.219563920641795862e-01
1.000000000000000000e+00
9.499071970422017230e-01
-2.862815688474033560e-01
5.976594247006475902e-01
-7.358084223289133030e-01
8.417145662479462720e-01
1.498067967324623884e-01
3.443253596995192178e-01
-6.069708950842004347e-01
4.442109866093124637e-02
6.571238234995760985e-01
8.537212526561870352e-01
-5.121179588453738107e-01
-4.009318358237424218e-01
-6.294893891491369908e-01
-9.858741451442221138e-01
5.841049670599453292e-02
-6.039740278217399228e-01
