3.578359421877022051e-01
2.038876990838101033e-03
7.582467508106204013e-02
-3.886102425042957109e-01
-1.933119553637274723e-01
1.335999041848384694e-01
-8.771092962284557371e-02
6.424343840435360609e-02
4.537430052623401405e-02
2.124910884917782516e-01
1.118302585292513807e-01
-1.639853632989574650e-01
-1.726383669796345555e-02
8.487605739070006039e-02
-1.738280369808981041e-01
3.023348602901732574e-01
-4.550640256487870072e-01
-3.050094231942103717e-01
-4.814037028185504941e-01
-4.095803229441776772e-01
2.790221542553653067e-01
-1.041564967276964460e-01
-3.982529588575601798e-01
2.520641809277098799e-01
7.631605337790377253e-02
1.115309592667740324e-01
2.549093627861510059e-01
3.495175877652565433e-01
6.689950228183660919e-02
-5.546971767184376290e-02
-3.943888447298675159e-01
4.666427429249644931e-01
-4.217074634805235700e-01
1.066767664146420214e-01
-3.294598247618613640e-01
3.799281772888658537e-01
3.988220164802147583e-01
3.434038155545012794e-01
1.536927825101518374e-01
-1.197708121210705884e-01
-3.908396219259535620e-02
2.010823469561243970e-01
3.408290439991769338e-02
-1.222350811161883322e-01
5.646577996875407068e-01
4.887378940447489328e-01
8.360743614720381189e-02
-3.439790712225094804e-01
2.364690278809068180e-01
-4.727434179229258460e-01
5.045347484018012363e-01
2.933325675806159813e-02
8.497289174438954484e-02
-3.213060259176060418e-01
9.047330726509672516e-02
6.209115636995873877e-02
4.092660605575070276e-01
-4.505457896069839929e-01
-6.423384669924172563e-01
7.974968182627231728e-02
2.603060234081009949e-01
1.975614256025925997e-01
2.665225821457103406e-01
2.406996195202261435e-01
2.543900880654701435e-01
-5.848900279757003329e-01
-1.254344402454621865e-01
1.661148565215831985e-01
3.788203311149699326e-01
-1.225389129239546904e-01
-4.466907589786881516e-01
-5.990086553098857708e-02
5.848123462407206485e-01
-6.601499971746981332e-01
-4.173983161683091914e-01
1.763259328137243842e-01
-5.609539423127981594e-01
5.803191084146735318e-02
-1.011245069891429371e-01
-3.053504004411493611e-01
2.820480693683343199e-01
-3.606014216305100661e-01
8.473092381572036591e-02
3.363812682693779754e-01
-8.141177851036211777e-02
-1.097043947239247919e-01
1.029328221508181707e-01
3.816593357096306760e-02
3.504097832605609225e-02
-7.534505079529532634e-02
-4.567652122248355706e-02
6.066002640445977701e-02
4.806372541713840874e-02
-3.973789043393586295e-01
1.211640918692401814e-01
-2.468953854415082139e-01
4.947438835364258436e-01
-4.890251923932537048e-01
1.593818795550321354e-01
-3.309804621602335239e-01
5.120544710035514896e-02
-1.686636977889883482e-01
-1.609862182768119210e-01
6.285313669936712921e-01
3.713844458183479524e-02
2.441745151041890272e-01
-3.708185408379068293e-01
-5.875557482425534106e-01
-4.652414312472681612e-02
-3.357346056067339601e-01
1.425917774253800951e-01
-3.696583537754125071e-01
6.587766247125986796e-02
-3.326929251550292954e-01
-3.724969469835970326e-02
1.110889570758158973e-01
-5.345728154553195388e-01
-2.576870122750906100e-01
-3.844825788699618996e-01
-5.528880938629316955e-01
4.094504268811552938e-01
2.554278676774354717e-01
6.731344380053136955e-01
8.033941509392220071e-02
2.159739714132318522e-01
-2.548478190076491207e-02
5.186207733612823167e-01
2.633189358009040415e-01
6.131801666008070972e-01
-3.831957433681097425e-01
3.501706115839622324e-01
4.354901671483141223e-01
-1.816719860397946196e-01
8.315471564973198060e-01
-1.262399204111996354e-01
4.229764172151210255e-01
-1.423704474589790325e-01
-5.707321879870450032e-02
1.600754235408681780e-01
2.270040084560817628e-01
-1.800905891418475291e-01
-2.908993247149864736e-01
-2.325740722314202369e-01
6.855036254870211510e-02
1.207415288260784703e-01
4.846387108208498606e-01
1.510653401818874697e-01
-6.475987701091119320e-01
-6.162634194131336174e-02
1.787570928157207195e-01
-2.131380954554653595e-01
2.213318483215772070e-01
6.957682433928927268e-03
-1.438284923922375502e-01
-3.887762919060352429e-01
-1.422721254665634816e-02
2.470393575889417437e-01
-1.944740000823212134e-01
2.616156615000829744e-01
-2.456508739822087783e-01
2.009127218632088541e-01
4.174475337515154427e-01
-3.689226712533006936e-01
-2.425192419287099388e-01
-1.988812527791861129e-01
-7.341102185593771645e-02
-2.250265568140634165e-01
-2.360469875471709056e-01
-2.826848632433642816e-01
1.687062087449507364e-01
7.150089623698685504e-02
-1.621624010754220968e-01
6.273978163784450779e-02
2.431215459171436888e-01
-4.520482795347871008e-01
-2.041185163698676364e-01
-9.068687896231432399e-02
4.813923352637856645e-01
2.323318093423854258e-01
2.707242685259131365e-01
-2.075889472426244442e-01
2.459254545265700531e-01
2.208395608657152953e-01
-1.920014979547246536e-03
1.094611049892833532e-01
1.226536850493207681e-01
-3.173513267129493554e-01
2.674593530661557861e-02
8.362490350239759618e-02
4.348949995481285469e-01
-4.149530554388708992e-01
-1.740547472445158339e-01
2.250964661427990454e-01
1.337170374721396438e-01
1.392468260692458493e-01
-6.071536411841925718e-01
-4.623513388485545050e-02
-2.022380834960226526e-01
-1.392608340650456356e-01
-2.877062190931285457e-01
-3.252628283405550325e-01
-2.470009796349399434e-01
3.840850816786363364e-02
-3.833130654264545467e-01
4.928756882644322879e-01
4.113717928586088646e-01
-3.105775294258105723e-01
-1.271186990104241077e-01
-1.710764115311509126e-01
-1.771784665725639751e-01
-1.092990315030771403e-01
1.836756858505996237e-01
1.451930117708484513e-01
-6.704232592783100630e-02
-7.217505394593187740e-02
1.414470726993329319e-01
1.861748020497123179e-01
1.533276138948114764e-01
-6.573783888164982936e-02
-5.513069741855743944e-01
-2.705522901036588879e-01
-1.682018899770358067e-01
-7.598943326979332169e-02
3.351008018965059287e-01
3.172700317518104551e-01
-7.433875491683961112e-02
-3.186433501962219750e-01
-1.762559849726115235e-01
-3.664010865609644563e-02
2.336790820205920938e-02
-1.754929229566163373e-01
-1.788412020925253532e-01
5.992587056681410174e-03
1.688302845274667341e-01
2.283917079786576543e-01
1.357633377788629581e-01
3.661921392689116428e-01
3.644197940752035292e-01
-4.751778192150010738e-01
-4.471625542204452630e-01
1.881573614920949711e-01
6.998127286565561933e-01
-1.377847020840821668e-01
2.726127517812135248e-01
-1.041291706489336777e-01
1.870451792686507464e-01
1.965041198549865864e-01
1.502101251388039960e-01
2.079972503970561326e-01
4.569175023180281903e-01
3.579927530425726090e-01
-1.320357162366549986e-01
-1.012125702979309316e-02
8.006103822310092766e-02
-6.207266536827303616e-02
-3.036750117264724880e-01
-1.440575413233843860e-01
8.651908206771115328e-02
4.874102354216695576e-01
-4.316177788767286971e-01
1.719093397002414148e-01
-1.215587346833357368e-01
9.752088190774488297e-01
4.409445732195720891e-01
-3.122496812149223033e-01
