8.888485275198039215e-01
2.261475151158496288e-01
5.276418991245346302e-02
-9.009857252171595832e-01
7.123732229138801664e-02
7.861175751962519165e-01
-2.999531211574651413e-01
9.375749781798725646e-02
5.875968392142449925e-01
7.474144046308554001e-01
-1.882459108847533424e-01
-3.101785845398004060e-01
-6.429937952810744761e-01
-4.512466030183581722e-01
8.957161499537040494e-02
-9.266616255329305218e-01
-2.250173591042729515e-01
-4.646612210481129157e-01
-8.701592070550261404e-01
-6.314711972002273743e-01
2.515676687560169933e-01
1.000000000000000000e+00
9.700946340334275497e-01
-3.575273484793951018e-01
4.294718441146461174e-02
2.904824306061908334e-01
-4.739982161326479204e-01
-8.414730394469518426e-01
3.525591943838388698e-01
2.174070980519857699e-01
-1.502988357776402495e-01
-3.151909421974050662e-01
-3.244987903955263708e-01
9.782512281455992831e-01
-6.609558348951147799e-01
9.045482091824927906e-01
8.870127436988792802e-01
-3.093840094613592440e-01
-2.363667451301298961e-02
-5.888677444587273602e-01
7.261697629039354229e-01
-5.330653072467617104e-01
5.240148049403441366e-01
3.958535899061438323e-01
3.373674879165809437e-01
4.564522281415222538e-01
6.431688782139823868e-01
-2.867452805500034785e-01
-7.839887139802472760e-01
-3.763515138405721938e-01
1.000000000000000000e+00
-6.487836723415714157e-01
-4.492539164745859015e-01
6.652774840668206346e-01
-6.980181089061554545e-02
-1.554740237238368961e-01
-5.090672244781169198e-02
-5.430770071324499959e-01
9.838981410207567890e-01
4.878124630263449557e-01
4.066722491906740178e-01
-5.000872711977266682e-01
2.810729854322382426e-01
2.750272598655120193e-01
-3.741446551127880493e-01
8.164999137989916722e-01
-4.917582559741484616e-02
9.093914603043236067e-01
7.635722301646625798e-01
-1.365882177156072519e-01
1.922973610972003033e-01
4.312069218619762889e-02
-3.575776784163927635e-01
1.667569316556878345e-01
-5.724639740621301209e-01
1.855221265280539433e-01
4.424276339318890527e-01
7.206062056472541943e-01
-1.000000000000000000e+00
-4.363798311081240056e-01
3.101898009596300021e-01
-1.473145056492874971e-03
4.300203978870917876e-01
2.511289732229208815e-01
-6.620357644832197686e-02
8.235398402252398498e-01
-1.730743676009757204e-01
3.064631948869067646e-01
8.085435313744377961e-01
-4.372923828204211549e-01
-5.317941056638029185e-01
-4.485906295332670046e-01
4.335438167197923631e-01
6.341345938309146391e-01
5.741195201250191005e-01
5.675902554481648821e-01
3.037040966999796643e-01
-2.706136047061676875e-01
3.376724441134987265e-01
-1.360324379669497485e-01
-5.430348360614720704e-01
8.497987824839505766e-01
3.813112463624324100e-02
-4.299683724964862286e-01
3.400803101049759691e-01
-2.845729324477415667e-01
-1.000000000000000000e+00
8.182194048567237310e-02
-4.985795906774488362e-01
1.000000000000000000e+00
6.404884845971279272e-01
-5.203139839641757192e-02
-9.129870955519078235e-01
9.191490483656350463e-02
1.515226537446291433e-01
8.944653422424420075e-01
-7.757078120632077134e-02
-7.391044873255674386e-01
8.293057449499873224e-01
-6.442860549603544040e-01
-3.353980882003146924e-01
3.673763651267154540e-01
4.258399596009068144e-01
1.000000000000000000e+00
-8.233567492630768925e-01
4.802324011125052028e-01
3.762868018238574308e-01
2.048295417366796656e-01
-7.279721622140729043e-01
8.011947950526948636e-01
-6.985501794526460806e-01
4.693130572780832566e-01
-1.000000000000000000e+00
-2.107153648587329897e-01
3.214482919850703557e-01
-6.274570706313561397e-01
-9.652698064272036138e-01
2.761905223659971709e-02
4.470275200629356127e-02
-8.771428709464519358e-01
-1.203131608550919857e-01
-2.315585799811250844e-01
-7.432174909673627816e-02
-1.000000000000000000e+00
-1.165264488691477585e-01
-6.865749924574395813e-01
-3.870445636130950828e-01
9.108273799420832928e-01
2.357388354585912005e-01
-9.815983484141028725e-01
1.000000000000000000e+00
-1.000000000000000000e+00
-6.904307487226821749e-01
-8.272598518753973007e-01
7.412145696983785115e-03
6.921369030393773603e-01
3.123150907796234943e-01
2.749562412512529530e-02
1.170271959220176572e-01
3.475292446876939723e-01
5.811345504716821653e-01
1.000000000000000000e+00
2.988524546121047454e-01
-3.108987295115701599e-01
7.207033021935040917e-01
-4.666650476938030145e-01
7.995951204052637040e-02
6.617134427133002372e-01
4.797322921580065014e-01
3.423922511415830039e-01
2.243464927783762608e-01
-1.385400209139466821e-01
4.282841948462208226e-01
6.018601935247489543e-01
2.728114052862663508e-01
1.247969746828105908e-01
4.846011993523553496e-01
1.000000000000000000e+00
-3.027850003972635817e-01
1.838617554109054641e-01
-5.297134809567547453e-01
-9.497798574359542778e-01
-1.311502013325601679e-01
-4.005434347489316149e-01
3.523845132026783844e-01
3.837015525204979793e-01
3.176238342229193989e-01
-3.800439842511436073e-01
-6.562975922775058368e-01
-4.120312950191218349e-01
1.744695338885753344e-01
1.000000000000000000e+00
2.510979048724648610e-01
1.966990065822324940e-01
1.519036511695313063e-01
-8.363508594392790041e-01
4.693616291633879722e-01
7.678564473029465542e-01
-3.830757286203466672e-01
4.348765697613359849e-01
-1.831994983261640009e-01
1.459981962489176333e-02
-8.257503108397716840e-01
-2.592043887630779420e-02
6.686218470970484162e-01
7.981116123754976588e-01
1.924429592970693381e-01
-8.900938951739123528e-01
-7.914279771928209861e-01
-1.000000000000000000e+00
-3.299851991838684828e-01
-1.279165416042959968e-01
2.766356633421240829e-02
2.824653296682915204e-01
7.781081297322844925e-01
5.598525830323972663e-01
-4.372208508974688712e-01
7.087445079352283628e-01
1.000000000000000000e+00
-2.512608282748651778e-01
1.000000000000000000e+00
3.022355296175547323e-01
-1.000000000000000000e+00
-2.512635972909185167e-01
-6.992505851020214269e-01
4.414350631555102322e-01
-5.391698260838551082e-01
-6.269705937012473029e-01
-7.117949141419313008e-01
-6.700726873009630324e-01
2.426025468648234096e-01
3.022984960839241175e-01
1.008277919228233177e-01
9.283768566193071337e-01
-3.704615763623867464e-01
1.478656194405005841e-01
-6.316702211428337765e-01
3.788208505728214437e-01
3.940242683018195802e-01
-8.126708132683641006e-01
-1.449919402313408767e-01
4.630289980259270077e-01
2.556974505034146361e-01
9.219364065976187739e-02
-4.853442567457333379e-01
-8.377553110340835163e-01
-9.190367737746667487e-01
-6.753761079119202648e-01
-3.191552880719912277e-01
7.431834436450718284e-01
-5.649460448018110981e-01
-6.582061989709684369e-01
-5.430142967689037814e-01
6.398849082160065205e-01
-6.776969512423429709e-01
-8.810106934183283833e-01
4.047622931614660580e-01
-1.144832272602710477e-01
6.254389464389902287e-01
-2.726512149028026410e-01
6.962030280000486293e-02
-1.000000000000000000e+00
6.183741235917143975e-01
-2.678832633908307947e-01
-6.149192471963234041e-01
