1.000000000000000000e+00
-1.059882160174226706e-01
-9.737972100495209116e-01
7.504198497531356926e-01
-4.354250432376366997e-01
2.271886239591817958e-02
-1.000000000000000000e+00
2.964245016679400990e-02
3.963566594072200910e-01
4.539704887845824044e-01
-1.830715145005794020e-01
-9.156921402005300248e-01
1.000000000000000000e+00
-5.849300723578082506e-01
6.429587987737221955e-01
5.859197424728794790e-01
6.141703510639606733e-01
1.000000000000000000e+00
-9.978324783585152957e-01
-5.222269010435599546e-01
1.000000000000000000e+00
-1.000000000000000000e+00
1.000000000000000000e+00
5.860320329801045336e-01
6.806673023713496473e-01
1.000000000000000000e+00
1.000000000000000000e+00
2.898021057707023118e-01
1.000000000000000000e+00
-5.404800057778968991e-01
-1.459451682334608758e-01
9.372636726768293070e-01
-2.215637947810045194e-02
1.000000000000000000e+00
-2.271583048414744788e-01
7.987499364696836190e-01
-1.000000000000000000e+00
5.596835187845425885e-01
-1.000000000000000000e+00
-7.061843784973895755e-01
-3.073037227193403664e-01
-3.374852812888399223e-01
1.000000000000000000e+00
4.052987221420515374e-01
8.780935678579019354e-01
5.310910415927546646e-01
6.804924030283254766e-02
1.561997044773577870e-01
-1.000000000000000000e+00
-6.033607695797120751e-01
-4.265331887459872240e-01
-7.731840579856169571e-01
-4.426344397132044861e-01
4.339393435580743974e-01
-1.000000000000000000e+00
-1.000000000000000000e+00
9.682045239678146453e-01
4.817945519617327643e-01
-1.000000000000000000e+00
1.000000000000000000e+00
-5.349232323985539939e-01
-9.665430249539829211e-01
1.171013845456682634e-01
-8.088642870635414095e-01
-9.339634921039505766e-01
-3.408948056459285558e-01
-3.025089226388205099e-01
5.484704006135867616e-01
5.544218777871305903e-01
1.000000000000000000e+00
-1.000000000000000000e+00
-2.126883151241465986e-01
-3.074149712753092012e-01
-2.872843304924669883e-01
-8.344722684070586816e-01
8.100185502047848596e-01
1.000000000000000000e+00
9.380496276457235549e-02
-6.759136154779255001e-01
1.000000000000000000e+00
-1.000000000000000000e+00
5.943586051360075784e-01
-1.000000000000000000e+00
-9.130219276238064063e-01
-1.000000000000000000e+00
3.958067560742927204e-01
6.380082407261766786e-01
3.525825765974224812e-03
1.369825710108022454e-01
7.497674056470835513e-01
1.179228743783347078e-01
8.559849097961246267e-01
-3.513306208604736192e-01
-1.000000000000000000e+00
1.000000000000000000e+00
8.548603370722951400e-01
-3.335631070460900460e-01
2.827339517374695688e-01
-1.000000000000000000e+00
9.707913484332828524e-01
-8.937477233143121813e-01
-7.807153326780781333e-01
1.000000000000000000e+00
1.000000000000000000e+00
1.000000000000000000e+00
3.091508538929229610e-01
-8.110544967184095677e-01
9.860642654956905950e-01
-4.835681707470740331e-01
-8.512970403687257770e-01
8.567657533679471360e-01
3.364654977800495828e-01
-7.317253142092361440e-01
-1.000000000000000000e+00
1.000000000000000000e+00
-4.624481500882778873e-01
-1.000000000000000000e+00
-1.986653923743758599e-02
9.537581111676538548e-01
-6.931047761574944399e-01
-1.669217346385739043e-01
-4.596570364427636224e-01
-6.091651455704325535e-01
-4.360186748811811785e-01
-1.060507492635051063e-01
-1.000000000000000000e+00
1.000000000000000000e+00
-8.698124832539169127e-01
2.496458588214485463e-01
-7.299312192062575866e-01
1.000000000000000000e+00
2.098721530020414283e-01
6.949450224780178154e-01
1.000000000000000000e+00
-1.000000000000000000e+00
1.000000000000000000e+00
-5.128175452394689859e-03
8.818560272125235411e-01
5.318177726369009983e-01
-8.723402737582477418e-01
8.016166047890050939e-01
-9.155197200348268449e-01
-4.935132982043975991e-01
-8.151544408570223776e-01
-8.494352681991885756e-01
-8.911397603571044046e-01
7.684902614374127250e-01
2.038674662675924454e-01
2.136356977576711613e-01
-1.000000000000000000e+00
-2.776041259217262303e-01
-3.980349534020559688e-01
-1.000000000000000000e+00
3.391609174396750248e-01
7.315945166061463834e-01
9.536697289279234546e-01
-2.224639043775024083e-01
1.000000000000000000e+00
1.000000000000000000e+00
-2.397735372535633180e-01
-1.000000000000000000e+00
-5.587231569909612006e-01
1.319243080400458457e-01
3.658316776709149565e-01
-5.796590868396414020e-01
-5.004614103959322824e-01
-1.000000000000000000e+00
9.396516876298194321e-01
-1.000000000000000000e+00
-2.013348439308187965e-02
4.473960893754838075e-01
-1.000000000000000000e+00
-1.213445789189762092e-01
-1.000000000000000000e+00
4.549652634043686028e-01
5.885660075819932890e-01
-1.540440296395693132e-01
2.128608717039208731e-01
4.461236697478410118e-02
-9.619290387096829376e-01
6.099998756139862754e-01
1.261592201087978204e-01
-2.894958613530663749e-01
-7.608835158190229153e-01
-9.406132712586566802e-01
5.911628972436010487e-01
-5.851822946645452994e-01
8.676192355738827633e-01
1.000000000000000000e+00
2.513408254222886384e-01
-6.281695180946577084e-01
3.677066192650991772e-01
-7.361097230143079928e-01
-4.788470751256105884e-01
1.000000000000000000e+00
-3.482906449908305113e-01
5.933514780470661165e-01
-1.000000000000000000e+00
-1.000000000000000000e+00
-2.888042779470334498e-01
6.122406048735726802e-01
-1.000000000000000000e+00
2.612976784815065345e-01
6.117772281440325699e-02
7.919632766592641371e-01
5.947239111156299440e-03
-1.000000000000000000e+00
6.447777246002974749e-01
1.000000000000000000e+00
-1.000000000000000000e+00
-1.000000000000000000e+00
-3.947687003545818918e-01
-1.000000000000000000e+00
9.605246761526077259e-01
-1.000000000000000000e+00
1.000000000000000000e+00
-5.347414368363819781e-01
-2.181979725496543399e-01
8.659105746993882580e-01
-9.831027294564231855e-01
-3.717824970257805339e-01
-5.320572706570952937e-01
1.439378916253781227e-01
-4.325294428015887260e-01
6.296581927600828354e-01
-1.000000000000000000e+00
-2.368789798594166940e-01
9.228319807858820223e-01
6.626689411434552035e-01
-3.908424960749213306e-01
-4.622057497329598030e-01
2.827744185585912007e-01
-7.854624410615823615e-01
-1.000000000000000000e+00
-1.000000000000000000e+00
-2.536751427977868012e-01
3.669803457344243958e-01
-1.000000000000000000e+00
-9.387477167137451284e-01
1.000000000000000000e+00
-6.739173317138524855e-01
-1.000000000000000000e+00
8.328869851818010428e-01
2.750983409949652181e-01
-4.538019426063462092e-01
-6.971955343341957878e-01
2.362314866522419732e-01
-7.076854858228642797e-01
-3.563948778450474197e-01
2.790655284265613489e-01
-9.169090554529084613e-01
-1.000000000000000000e+00
5.105807497058472144e-01
-2.848545881187117823e-01
4.095922421775276545e-01
-1.000000000000000000e+00
-9.071095454504612965e-01
1.000000000000000000e+00
4.882399608183627393e-01
-3.590316580074685571e-01
4.288558705709518137e-01
7.433610275183042404e-01
-2.717194793634865602e-01
-1.000000000000000000e+00
1.000000000000000000e+00
