2.173470552164820935e-01
1.422613846579472985e-01
-4.878734527320597314e-01
6.092309590957492027e-01
3.627444907131938678e-01
2.684949027912713060e-01
5.165500360028278948e-01
2.723194859166527815e-03
-9.743135967702663824e-02
1.724928473617279578e-01
6.230135300733536524e-02
-8.124027520610105357e-02
1.433609542510207446e-01
3.116668378015689522e-01
3.108214456014208871e-01
1.117328137687559342e-01
-2.513960298177903563e-01
5.955905408862591233e-02
2.706722627022455363e-01
3.601630669932127105e-01
-3.520506340273705792e-01
2.018370793593469159e-01
2.628230249105724045e-02
-2.754603058100261737e-01
4.350345323261473052e-01
1.191664170511125415e-01
-5.792511065802221637e-01
-3.747122437255190341e-02
3.223512505738776457e-02
3.261797134744963411e-02
-2.692471633261003111e-02
-1.499714743352742463e-01
-2.373212312376101751e-01
-3.205640196485110005e-02
3.863525611704285434e-01
-1.076634536483305205e-01
-1.101623692130276888e-01
-1.578252090968189081e-01
1.372757031029314401e-01
3.653684869522201284e-01
1.798294349311423956e-01
-2.092339706857625492e-01
-1.782695461977876206e-02
-3.077497877142899019e-01
5.042103417282448596e-01
4.045755469926896053e-01
6.289641313449303994e-02
3.013936571709293077e-01
2.529672869694060133e-01
-3.049559323545456557e-01
-5.275234399038919442e-02
-3.759952696128531779e-01
-1.408785497217482363e-01
3.008431324219097980e-01
6.764687292178891975e-02
2.688122114916181860e-02
2.852243547906474497e-01
-3.390088674240526179e-01
-6.999698981750088200e-02
9.797463840404904700e-02
-8.942289378948364842e-01
6.499817558672135176e-01
-1.411172624269487752e-01
-2.341170243096846182e-02
-2.780206875285297086e-01
-2.710660763396202655e-02
6.726035027225907292e-02
-5.059777301099058766e-01
-1.884966317660602686e-01
-2.730979650622287203e-01
-2.029519925350927179e-01
5.349784545244413714e-01
6.853795352373337479e-02
-5.550493535344427354e-01
4.331715494276155987e-02
2.721498640968697535e-02
4.170271521937528592e-01
1.461325590733417723e-01
-3.764133558421672854e-01
6.753289282055729981e-02
-1.627988553145692519e-01
-1.598557473800166773e-01
-3.418040891168532269e-01
4.848035066000344617e-02
3.700443857220990229e-01
-1.324276145645459091e-01
-1.328832570955747194e-01
-2.993910425617363202e-01
6.105099966954719015e-02
-9.092831138955032033e-02
4.787806647601136056e-01
-3.354800923500302345e-01
-3.223502980435624110e-01
2.555615572842028227e-01
-9.635784465101049356e-03
4.714190809049917386e-01
-1.541409122154634159e-01
-2.004704642706345852e-01
4.866615581198766027e-01
-2.513371679294719163e-01
6.062563873567794470e-03
-2.664797751904651735e-01
-2.210837939094960347e-01
-8.584516332775832259e-02
4.683546288807640123e-01
9.228040656653019314e-02
3.861100952825440857e-01
-3.249130997318672165e-01
-1.784637744886103383e-01
-1.385156970528542697e-01
2.344324945186296305e-02
2.169356426204658433e-02
1.289822423591997225e-01
-2.229036363473679838e-01
2.687390051907600497e-01
-1.994910371679660122e-01
-6.415893138714314770e-01
3.164740599939989685e-01
1.412809600089864615e-01
3.844515392183321667e-02
1.951413336481377381e-01
-9.769291065438751032e-02
9.015435388332845856e-02
1.916536814378466957e-01
-5.888740901878066758e-01
-3.091389910680928943e-01
-1.857394509198383448e-01
4.675645748490114828e-01
5.028279762624789928e-01
-1.056668969241087441e-01
-4.557044379984470095e-01
-6.421239749653771811e-02
-5.497202240930194606e-01
-7.345206739715334776e-02
1.447793340848933519e-01
2.030527182814351739e-01
4.565931794965608082e-01
2.331489559638792730e-02
2.662979637485556328e-01
-2.891179386470704715e-01
5.215809507502102704e-01
3.172164243259452676e-01
3.970900383464289196e-01
-2.222612091994025929e-01
-1.057429903557214890e-01
9.516215330538202455e-02
2.644238752461162689e-01
5.661977183336858177e-01
9.821641686602651522e-02
2.355821702141692175e-01
-5.838392473113990233e-01
6.755304432297095651e-01
1.093006719178808150e-01
1.338244426264613429e-01
1.698605820747356443e-01
-7.446120998595933127e-01
2.455067651180181110e-01
1.296577099818217726e-01
2.756899819010505404e-03
-1.164866880532492849e-01
-1.297843377999384484e-01
1.071151070803118277e-01
1.051127870236405470e-01
4.242938879502268779e-01
-7.207289429329292174e-01
-4.735974527031908826e-02
1.151338959259051997e-01
-1.218996491085360401e-01
4.173047552147614025e-01
-4.843083280871270102e-02
-3.313298746009982754e-01
2.787030906230626437e-01
1.676406650652762648e-02
-1.177046775128816614e-01
-1.998300277929657837e-02
1.196495223584047307e-01
-1.307230860132477246e-01
7.571435077740140684e-02
3.953371190764998211e-03
-5.785312474003527494e-02
1.019252406740938921e-01
5.486883031793618470e-02
1.680955473431919034e-01
-5.043422953649221580e-02
4.855046014374350127e-01
-1.202690499040125344e-01
-5.212341538992167067e-02
-7.893588004913476563e-01
-1.688335926584581537e-01
-4.043908661633561774e-01
-2.920129324280528182e-01
1.293067634633515706e-01
1.910763782096303043e-01
1.491172613953477624e-02
-3.847757447800180808e-01
-4.193474977448333196e-01
-6.630207206478137827e-02
4.516283839630187424e-01
1.224145042187097382e-01
1.742596592618426143e-01
8.250553909124820617e-02
-2.871270882206002351e-01
-5.363405842627726461e-01
-2.481327199005769202e-01
2.623712932309771872e-01
-4.950959594583692613e-01
1.760736331755819450e-01
-1.678799476597838403e-01
3.952641278885654641e-02
-3.618105174941617652e-01
-2.380815118384431717e-01
-5.351772980864522022e-01
2.919671726771457809e-01
1.918712371670645567e-01
-4.736656274226144214e-01
1.362388229893584102e-01
-6.064117291645429453e-02
-1.468500008359687747e-01
-3.144431848680080410e-01
1.934350307815627668e-01
7.991199310164970315e-02
5.918812669080303346e-01
2.894164336266012993e-01
1.533660542146129679e-01
9.952975782191055831e-01
7.957285802802777086e-04
-1.661228240916923227e-01
-4.402208903427403675e-01
1.256865618091593251e-02
-5.639734542073324697e-01
-1.600716736180289868e-01
1.845978228400790289e-01
2.028952133722018991e-01
9.870227291875449671e-02
3.875750071020864218e-02
-1.773200197946267209e-01
7.023499335649749931e-01
1.323856404277984622e-01
4.577682140948571288e-01
-5.631757203040728132e-01
4.498611528949864047e-01
-1.036057763018237293e-01
3.607090360799777295e-01
8.618398207782744791e-01
-1.539895566750109912e-01
3.609329559360597295e-01
-5.833717428751236667e-02
-1.261389876040258130e-02
-6.803163168802739413e-02
-1.297178732378862220e-01
3.848144451808398481e-01
2.872956800419249057e-02
2.949288804679842668e-01
-4.939739437401078903e-01
3.507035017895972495e-01
-5.127451117913466305e-01
-7.551012180512325922e-02
1.892771555041194986e-03
2.489104439822491799e-01
-2.485571622041874429e-01
1.631447042953969584e-01
5.692239356663567063e-02
2.232551588960729472e-01
-3.583485442727725179e-01
2.041639258185165562e-01
