2.137674992391689899e-01
-1.000000000000000000e+00
8.160628107112977148e-01
1.623317161047796164e-01
-6.917344227758581710e-02
1.969076407531702433e-01
-5.640485879164760519e-01
5.271273635579803996e-01
-2.137283751119109232e-01
1.574520768583181352e-01
-3.702484530203082880e-01
-7.008616401048113342e-01
2.423576490548988160e-01
-3.990339070401913713e-01
2.956660668344549547e-01
4.553221712659181186e-01
-6.353355560035369720e-01
-5.111877695740995042e-01
-7.709877020922329960e-01
9.041679545552263608e-01
-1.612228714789699091e-01
1.347003845398460076e-01
1.000000000000000000e+00
6.269533823847587284e-01
-6.470579041644477503e-01
8.584222743107521314e-01
-7.163400725965097804e-01
9.006466671947394032e-01
5.227115708650641457e-01
7.032029546418716581e-01
7.263419847640264493e-01
-3.252536570963311391e-01
-2.919920201359604839e-02
-4.189503272132638623e-01
-1.000000000000000000e+00
-7.110622378951882983e-01
4.115407678629301458e-02
-2.736973643398354916e-01
-6.985199277740118395e-01
8.982442730844347745e-01
1.849873961841164705e-01
-7.500016250436417065e-02
-6.419593368212628270e-03
9.252001463588044317e-01
-7.518517531562577405e-01
6.200557740981341714e-01
-1.000000000000000000e+00
1.000000000000000000e+00
-6.146733003143625140e-01
-6.604037151791380955e-02
3.580198303317891906e-01
-3.964392720184483077e-01
5.367408695943275410e-01
-1.122540800224214319e-01
-1.012429561975489722e-01
-3.148343347412917992e-01
4.388864518756253608e-01
-4.425784601172817467e-01
6.264678417632831842e-01
7.503148804426129637e-01
-5.018896945059927450e-01
-1.000000000000000000e+00
-9.523816165176060000e-01
-6.558089577084353916e-01
-8.456810885404090206e-01
7.865042342489023675e-01
-6.496683496904616106e-01
4.455188437667602086e-01
6.801472574719575892e-01
8.457400393353470269e-01
1.000000000000000000e+00
1.238234315156705456e-01
-1.593959897639964929e-01
1.000000000000000000e+00
6.547594309059837636e-01
-5.968945274426395997e-01
4.198664727113200490e-01
-5.671351281697597502e-01
8.595698392359569784e-01
-2.371221061387298878e-01
2.384895221352703598e-01
-2.145359248239194772e-01
-3.233289369298575355e-02
7.576380290608009105e-02
8.288682955908148742e-01
-3.602597757687971969e-01
-8.187908166290943646e-01
-2.611383672865069117e-01
4.234722010235982825e-01
-7.696045473872423770e-01
-1.000000000000000000e+00
-1.943667447376695168e-01
9.284155873657249369e-01
9.687390295657041239e-01
-4.309344557452715607e-02
-1.914538541869926225e-01
7.610278790767712742e-01
-6.179895091782696692e-01
-4.580029291491803378e-01
-1.601048416999513169e-01
-7.575617522859295905e-01
9.128252828540357466e-01
-5.822527532180234999e-01
-7.359721956587721436e-01
5.516520358560486059e-01
-2.553767083270774840e-02
-6.087867327926974603e-01
5.924845946955710208e-01
-2.482697801328916376e-01
-3.096144371729312450e-01
-1.000000000000000000e+00
4.938250599420046516e-02
8.176619048137961920e-01
-5.618012113240956618e-01
4.954521009720380675e-03
7.510109256108267184e-01
9.339890933856015431e-01
8.835812798109105026e-02
-2.171445565949592926e-01
-5.582843152432075406e-01
1.818315486291764427e-01
9.864640524730050597e-01
8.127845458621769659e-01
-1.162094640133050777e-01
-1.000000000000000000e+00
2.868892544239487474e-02
9.547661047083311203e-01
-8.685589966392224248e-01
8.425780473245985114e-01
-2.446105159309756860e-01
3.048096727324000055e-01
-5.570343512036647349e-01
4.623699026193195394e-01
-1.000000000000000000e+00
5.213851891845893149e-01
7.980346196091443467e-01
5.448227796122315780e-01
8.602070550071627686e-01
-1.000000000000000000e+00
1.137236566514909786e-02
8.989097260548544188e-01
9.027941256096210232e-01
7.701154272984307436e-01
-9.390233151417615165e-01
4.398330165309921602e-01
7.922985772531242477e-01
-5.890684952754341452e-01
1.026525845536605530e-01
-4.019367607253150343e-01
-1.747312434657030400e-01
4.811066481898392810e-01
4.265175802901345903e-01
1.000000000000000000e+00
3.216262991360446244e-01
-1.108856544017358114e-01
-5.409717129698068394e-01
-6.316694183222559822e-01
-1.081104522840936610e-03
-1.000000000000000000e+00
-8.428381571758825075e-01
1.174791566745750915e-01
5.330556269466002473e-02
5.678877205129566619e-01
2.659559108843120301e-01
-5.053133657341429830e-01
-1.518145132840478251e-01
-6.146313271033008174e-01
3.727573484610434695e-01
9.454867057585986112e-02
-5.012942780597784420e-02
6.071360058361202627e-01
8.957168729598048440e-01
-9.695598282995334660e-01
8.453960079313787013e-01
-3.092817229866287043e-01
-7.689772608970076861e-01
3.565302184344998349e-01
1.072402463634644920e-01
6.802864362473516335e-01
6.045828837239619613e-01
1.811060479795202627e-01
2.422146566590616112e-02
-2.306041114104598333e-01
2.539123287065301882e-01
-3.384996497630397005e-01
-8.684964143963235239e-01
-8.302146237542711305e-01
1.000000000000000000e+00
-2.613791898280501957e-01
4.306095634149749163e-01
-7.265762260059933642e-01
-4.209092121046860147e-01
-8.821904074307733712e-01
8.375700520350825018e-01
-9.903507011984153952e-01
2.243790254421031971e-01
-5.994232737351085083e-02
-2.866126835738869172e-01
-3.251134525813613174e-01
-1.370796064478740917e-01
6.560720742401123795e-01
-7.863571653082770951e-02
4.231869881051113502e-01
3.119142642116606856e-02
7.160693778117650510e-01
2.705497144199093817e-01
6.977235104665860388e-02
8.180245312294389670e-01
-1.000000000000000000e+00
7.379207805653863472e-01
-3.468964062687507344e-01
-9.920898529384198916e-01
2.537781442041082691e-01
7.069671018184329192e-01
-2.371635952273861703e-01
-9.465379935807212153e-01
-3.972380383661992531e-01
3.401650352655649634e-01
8.160937114686049876e-01
6.333233353732433679e-01
1.000000000000000000e+00
-8.769069889473205537e-01
-6.979645559862708293e-01
1.000000000000000000e+00
6.966776840219274236e-01
1.444145001913483828e-01
5.232416347150939395e-02
3.730438412113115110e-01
4.702728339347772568e-02
-8.736483850587580813e-01
-8.010323804495430577e-01
5.607088472590270323e-01
-7.142396295522783489e-02
8.805618161310408976e-01
-6.723762748683703716e-01
7.428785585588764118e-01
-3.695008411054094832e-01
1.000000000000000000e+00
-2.939933313296151374e-01
6.752333568063778602e-01
-8.554933068595553802e-01
3.429210319867794787e-01
-1.562959803456293595e-01
3.908559990411933915e-01
2.886119977155803262e-01
-7.948641151917341940e-02
-1.000000000000000000e+00
1.000000000000000000e+00
7.753010518401954876e-01
8.461598729811874442e-01
-9.564286853999857119e-01
-3.813901178976552009e-01
9.657297229263615002e-01
9.794280352157793690e-01
-7.029222820821123818e-01
-4.786361405401907687e-01
-3.042343700382000304e-01
5.833559418266526242e-01
1.796544879971428976e-02
-7.298896436319032288e-01
4.839507767878603595e-01
3.273732816914471933e-01
-5.816559426403793420e-01
3.600002778441214746e-01
1.000000000000000000e+00
