1.697500189851851027e-01
4.714285009848967478e-01
-1.000000000000000000e+00
6.105324309280991957e-02
-5.736282576876829964e-01
2.768068360245587445e-01
-4.743287153039956738e-01
-3.064843684172266491e-01
-8.318740587097602779e-01
1.000000000000000000e+00
-6.812708090881940404e-01
7.941554090458373683e-01
-9.967702881019419037e-01
9.879545589023867036e-01
9.669242510569058258e-01
-9.725540109172428060e-01
1.299355156472680184e-01
-1.000000000000000000e+00
-6.397510796754033446e-01
4.464430872296531461e-01
-2.407092747790840759e-01
-4.371060517093023901e-01
-2.702918586288111658e-01
2.696307262624736412e-01
-8.289926409301657806e-01
-3.820472531025021490e-01
-7.210035802220182699e-02
2.682798991406242228e-01
-9.936139820379501497e-01
7.813983803751084478e-01
2.198869324609781795e-01
2.650829162349800372e-01
6.893881840727366095e-01
-6.358520150077591471e-02
7.964104561052226527e-01
-9.551205188265005086e-01
2.614205459954970223e-01
-1.749098132008609363e-01
6.693414871740505090e-01
8.858328714846070984e-01
-4.973622201055929448e-01
1.833641612005474930e-01
-6.848622055292903354e-01
-8.926902310098180360e-01
-2.892008457923834208e-01
9.463542841247243320e-01
4.900397002738498403e-02
-4.699775604872716839e-01
6.654731243649241179e-01
1.382034897968835163e-01
2.017016974583737965e-01
8.938322536399008200e-01
2.654399641999821702e-01
-3.595891885496752538e-01
1.000000000000000000e+00
-5.383479119736686025e-01
3.883640403786041695e-01
-4.691389858752951780e-01
-7.432155717932533712e-01
5.542960826096904325e-01
1.636373440950383007e-01
-9.885503711691012718e-01
-5.728862448377600725e-01
-1.629266458719310084e-01
-5.966514848122171921e-01
8.554318423979497821e-01
-5.327134493804853710e-01
7.347534944561591175e-01
2.106118318744622797e-01
9.987922740505421615e-01
-7.457922192262532723e-01
1.000000000000000000e+00
6.000275152859200212e-01
7.923810011592217206e-01
-2.963555061748989194e-01
1.000000000000000000e+00
3.344795884516998385e-01
8.218952814379233418e-01
-7.012966752223875888e-01
3.967224828229377054e-01
5.631288812643823194e-01
7.994760360289614454e-01
-7.183382293141206409e-02
9.724536795294154157e-01
5.512322070508693939e-01
7.762234729397194943e-01
-6.911574803835358605e-01
6.945231758006081835e-01
-1.000000000000000000e+00
9.912091216929187487e-01
-6.849325271994478603e-01
-7.821239579096159744e-01
-2.217590878999957729e-02
-7.674659870795503824e-01
6.410755657952431630e-01
-1.000000000000000000e+00
-2.978144599879270493e-02
6.033720547203643703e-01
8.662670643831149597e-01
7.707926983417671130e-01
2.471703813624505086e-01
-7.377652376985207594e-01
8.975169108693361597e-01
1.000000000000000000e+00
-4.124325745870375259e-01
-2.638315659319823148e-01
-3.476886719240256940e-01
-4.972923965596940388e-01
-4.730467769763984642e-01
7.317196363695820105e-02
9.833958810158824337e-02
-5.978486588565262716e-01
-5.957667952432136316e-01
2.323463623568723935e-01
-8.012499570370326119e-01
9.703797967936442781e-01
-1.287518582844507653e-01
-6.258865504410343616e-01
8.051388090037401302e-01
-8.642228459936295293e-01
-2.116338158607809494e-01
-2.694982722602414227e-01
-2.213150840903006511e-01
9.478970878178881732e-01
-3.716315769566866378e-01
1.737516989144886614e-01
4.642578604474247306e-01
-7.681222474019722135e-01
-4.138899210780126459e-01
-4.895276673434522108e-01
-2.953711993778783129e-01
-6.266572456525069112e-01
2.991444266225623538e-01
-6.185132627935859828e-01
4.880541108821435103e-01
-5.142076642543869092e-01
-6.961320706328495422e-01
8.850710962859712483e-01
2.080282668717654826e-01
3.102117525200981385e-01
9.179840913102316202e-01
4.438900206510391078e-01
-6.698524804691059487e-01
-2.930999182689784099e-01
-8.002553454051890558e-01
7.403988244278569830e-02
-3.186994227830562965e-01
3.355425911644506209e-01
5.825077163473479924e-01
-8.144647800661258819e-01
-5.133969845037189561e-01
5.413653730727144842e-01
-4.258457546766078461e-02
-2.274281693355816036e-01
-2.515026245304019525e-01
1.360411332015776797e-01
-6.426608317864677122e-01
-7.735897633160113696e-01
-6.772676621329395408e-01
2.739771572134761524e-01
-1.831026202418607474e-01
-9.609093745379602147e-01
-1.245199844487196311e-01
-6.488078350541790495e-01
-8.231454090208374375e-01
1.452803637254941049e-01
-4.321070293180072630e-01
7.497653157921715383e-01
9.228398727408859692e-01
-3.856861721571306495e-02
-7.204471333252832066e-01
-7.791523477666798536e-01
-3.621627591155871517e-01
-3.914815940519900117e-01
7.009842454163344172e-01
-8.831336962911925381e-01
5.978567834762785749e-01
4.322724936289119024e-01
-4.290732432470648616e-01
5.178422847469286161e-01
6.619481702326633910e-01
-8.656462364086408012e-01
-4.475539533492451372e-01
-5.374902442807014680e-01
-3.844840508122620015e-01
5.235082941731660222e-01
-8.156766107912960528e-01
-2.430178241024806840e-01
-1.000000000000000000e+00
6.797584778936304195e-01
-1.583902935042612592e-01
-3.831018802977474436e-01
5.822794678395062373e-01
8.619062799831537225e-01
-5.108218664069436032e-01
-1.998770245912407095e-01
6.013564352035506017e-02
-5.832627059128333569e-01
-6.773621022744716891e-01
7.744695777047186924e-01
2.162623088532715787e-01
6.680951352423659673e-01
-8.874103888350319824e-01
-1.762995173195912590e-01
3.014484293647833879e-01
9.129734502173326716e-01
-1.087121794479918302e-01
-1.000000000000000000e+00
-8.884734328599439568e-01
4.605050786581204592e-01
-1.619381647415806535e-01
4.293504403815533443e-01
-9.967023659959721449e-02
4.297665728668625951e-01
6.007466079244705437e-01
-9.940245598059107568e-01
-2.396217283170007373e-01
1.461315330946667823e-01
-8.588484169859287309e-01
3.053881221117113465e-01
-2.651647188980799097e-01
-6.310058693662597973e-01
9.522470423850111221e-01
3.374879104277348496e-01
5.091512781780626051e-01
8.302575502955633624e-02
5.175572315786655109e-01
-6.960858352059213772e-01
-9.415239225959183278e-01
2.498941291031484269e-01
-6.363271128927069364e-01
6.121985382949313159e-01
3.525294274249896609e-01
-3.009759026686998490e-02
8.525768696075566311e-01
8.271919719968853224e-01
2.816889158546010408e-01
-9.573604723746408363e-01
-4.438582422453137277e-01
9.453884225787378970e-01
4.061403336864736341e-02
5.050311005768126638e-01
1.000000000000000000e+00
5.530718394697112794e-01
5.958169545857383564e-01
-3.270668983301293631e-01
2.505380160049762717e-01
-7.979057255774189006e-01
-6.983507565031022990e-01
6.042352674382068800e-01
-1.184967475282845684e-01
-2.376734170488717379e-01
-3.836680967994319791e-01
-3.977420369002669376e-01
5.515907180017241007e-01
-6.057151617805536237e-01
-6.204581156419051169e-01
9.763059095620690853e-01
-2.273842483183103891e-01
-5.963943968864282574e-01
-5.949005438786223454e-01
-1.000000000000000000e+00
5.460905123288030127e-01
7.713008535023200274e-01
-6.989845516624395572e-01
