2.132230547321274650e-02
-2.695137283483361457e-01
-2.114120829830505033e-01
1.468756166823032006e-01
-1.334465873233771083e-01
2.403218213888140276e-01
-3.814549739085386082e-01
-4.885292300176938274e-02
-1.257310655896744234e-01
1.808667578853802027e-01
1.416839770642328300e-01
-1.171462430455892656e-01
-3.492635479194936693e-02
5.267469805999864807e-01
-1.622306421398907877e-02
-1.548551059897579907e-01
-1.301506085595194838e-02
-2.738738588717379296e-02
-3.487084913321546464e-01
8.072793814222481434e-02
-6.010280182400955934e-02
-1.220042736472426170e-01
-5.182274906595318864e-01
2.519585796049969018e-01
3.154551606987255341e-01
8.054818033820271284e-02
-2.843267738463552824e-02
3.204756456856210356e-01
2.696585991189528464e-01
3.573776995171390469e-01
2.159392267151233613e-01
-4.129788228658189397e-01
1.445243274285917812e-01
-1.921729524762380570e-02
-1.937445946633281624e-01
-2.301539150888783913e-01
2.660642036486203788e-01
2.566013315394116701e-02
1.162296767247379126e-01
-3.537274619208969906e-01
3.615824016778909078e-01
-2.385196475261688875e-01
-1.983159971149647538e-01
-4.180107792938217992e-01
1.170702576051655397e-01
2.117919827362851337e-01
8.805186767068620690e-02
9.200776422495954288e-02
2.384372200820041865e-01
1.789891436278989723e-01
2.281787092982243137e-01
-1.927255037671965765e-01
-9.271258506787009857e-02
2.372570726772779692e-01
-1.780591397399148845e-01
-3.164569465017187666e-02
-4.371353430003531160e-01
4.585885772518116799e-01
1.528108358151545332e-01
6.458320077080359489e-03
1.731623896927528272e-01
-4.703190714750556944e-01
1.554358920146433343e-01
-7.977958288797137865e-02
-2.400762783077984297e-01
3.861649343788473021e-01
4.346315982400981298e-02
-3.158449885559239112e-01
1.059688112631821111e-01
-1.496063879951963493e-01
1.317096289556094757e-01
-1.492753695405587555e-01
1.570975414610140675e-01
2.485060874213082527e-02
-2.610284537820334316e-02
1.847106278330784002e-01
1.106295892463625280e-01
-4.135886801047518047e-01
-2.411859561576744082e-01
-2.398791736453479428e-01
4.436178976065381641e-02
7.816260069674195454e-02
-5.301463476089757210e-01
7.788041159506972622e-02
-3.249161749213405059e-01
2.338074077246676263e-01
5.580808385914698411e-02
-1.209090071446536074e-01
8.521895423898218080e-02
1.133460747826089965e-01
-1.844598610089503432e-01
-2.767722377182046389e-01
-4.986709300393767780e-02
-3.959317708236818889e-02
1.301597690897996762e-01
2.504501938006754025e-01
-9.570815609691825376e-02
-1.066218460668584972e-01
-1.722968584803152292e-01
-2.209149562804930689e-01
-1.432620695325224347e-01
-5.335212780445852676e-03
2.600488394591226049e-01
2.128646864706995878e-01
3.830413588568011285e-01
3.932103460641380721e-01
-1.067618174906492107e-01
4.363843910130359993e-01
-1.728827660933584531e-01
-2.432521329445014036e-01
5.696564254287100892e-02
2.874086655512691491e-01
5.003345989927439064e-01
1.023620499178785476e-01
-1.476261121483045946e-01
-3.608939039343607158e-01
1.315063314027992980e-01
-2.169675056762521148e-03
-2.813679104615350590e-02
1.631211106255692767e-01
-2.476767388978376450e-01
-1.394315899828560967e-01
3.026268682577014646e-01
-2.044541375827594876e-01
-1.264572950814264740e-02
-3.444556594399292293e-02
7.237748159701067052e-02
4.652359705556859126e-02
-1.506013717846937661e-01
-2.917664809564967099e-01
-4.374618900587732284e-01
-1.129081443006175328e-02
-2.808141455116638929e-01
-2.217516070510039405e-02
-4.345983815864535443e-02
9.430936156745298171e-02
-3.196464196916682515e-02
-4.242936284214836040e-01
5.440612955272255968e-02
2.295944740679983498e-01
-2.644505435082617484e-01
-2.895825360201520482e-01
4.358807084923340680e-01
2.385374101571226535e-01
-2.251997572140557735e-01
2.732469984995664070e-01
-2.383176973918840480e-01
6.773210974156554376e-02
3.878923320043937695e-01
3.793488910636688694e-02
2.228855855952670828e-01
1.441253553195700754e-01
-8.653513718882611949e-02
2.278581243733102668e-01
-5.341053557414357500e-02
3.214449857951196532e-01
-1.028752582010990790e-01
5.367134589556105118e-01
-1.651338778365343540e-01
-1.143030713809985305e-01
-1.628223413721158475e-01
-1.594317962737030192e-01
1.338986644933178038e-02
-1.699386712454842296e-01
-3.067620716794837443e-02
2.651813020569510626e-01
2.627115495151085070e-02
3.272180643156821778e-01
8.016487400396732355e-03
2.673053336736351537e-02
7.293573802004882367e-02
-3.744245746809929387e-02
-3.100916512272420267e-01
-3.431778100924440800e-01
-4.501789655031866455e-01
2.139411570259675544e-01
-1.038317274055708950e-01
-1.130528580428450669e-01
-1.039108954108194094e-01
1.302738526245119377e-01
1.058906598150620298e-01
-6.653602174331608998e-02
-3.831888168158471830e-02
2.011089401694567819e-02
6.678934958342765960e-01
6.491296889214555332e-02
-6.325118955580512348e-02
-9.819107065920076871e-02
1.385310811400282949e-01
-2.861063756898977739e-01
1.270304998840707800e-01
1.218675876106816297e-01
-1.002958444194237964e-01
6.196417531842627335e-01
-1.113457671432087209e-01
2.344630378982421048e-01
3.787087979660468118e-02
1.973745410928107458e-01
-1.978577369604046787e-02
2.389338194409158511e-01
-8.744421740913554952e-04
1.337005530758652028e-01
-2.204350923980082644e-01
-8.747184720629580523e-02
-5.017779878185567588e-01
-5.312531920867732960e-02
9.348826069924026649e-02
2.190999864782698370e-01
2.069206680143284849e-01
6.483631276782264585e-02
3.959278360197748814e-01
-1.921496099102716626e-02
1.725007772268058112e-02
4.337635649864265974e-01
-2.649324599376913225e-01
-2.540357214228232408e-02
-1.966790320124269797e-01
2.113958909128726693e-01
-2.473723505116148524e-01
3.439667415347947843e-01
-8.342832640916399145e-02
1.111825197476677962e-01
6.275819977602180577e-01
1.670321627993019975e-01
1.558263518355738064e-01
-9.898964669170395858e-02
-3.132897078616873054e-01
-1.846534660248081161e-01
5.480067806253580143e-02
2.964646743312556176e-01
-2.148928692009808572e-01
2.685789010063761584e-01
5.092106696395248822e-02
9.787092874246207386e-02
-3.777336448739439523e-01
9.728743929176028593e-02
2.151530810967246243e-01
-3.346134413813826036e-01
-2.277323450378331005e-01
1.928746044110841162e-01
-6.218258727057103252e-01
-6.685010724778492341e-02
2.132000619617573645e-01
5.882135688501176352e-02
1.704976787634490953e-01
6.189812482179149478e-02
8.106560781755231537e-02
-1.032041088485773500e-01
2.537099801541628508e-01
1.891409147803627400e-01
2.358886898445381464e-01
3.442667969632116909e-02
1.813686606188354422e-01
2.371407409977794312e-01
1.207553911362839461e-01
-3.341460763880638729e-01
-8.238713635209321540e-02
-2.459620159008316098e-02
1.100592084179605884e-01
-2.565485756542688067e-01
6.452232460179584128e-02
-8.407836834795401337e-02
-2.655878293409202340e-01
2.319421153362510590e-01
1.160116863615220928e-02
