-2.216491582851877196e-01
-1.187259283268951582e-01
-2.785772578530519850e-01
2.798076762478463042e-01
1.557653966722653133e-02
6.826016895071279622e-02
4.110036006342178139e-01
-3.666358621196992573e-02
2.983672014601300715e-01
-4.204843365544297384e-01
9.181042526353602740e-02
-1.877903525932195228e-02
4.677181245468847726e-02
-7.633885785812114522e-01
4.699348778920156011e-01
-7.256805842469715717e-01
-6.150527537858538896e-01
4.235343829470317178e-02
4.760521551076863367e-01
-1.382134739670656809e-01
9.415529653042955527e-01
-5.395410518155169255e-01
-6.886291198615863696e-01
-1.236343499821769276e-01
1.865630442652837506e-01
-2.027974261480853246e-01
9.152712016036324005e-02
7.177562563734068979e-02
-5.488323722660041204e-01
3.298829172071761628e-01
-5.337843152186328988e-01
-3.374455500896840210e-01
-4.306448081802659589e-01
-5.288177500148363852e-02
-6.865968270403755014e-02
3.828159987581311596e-01
3.212977303053081712e-01
-6.911289788097783049e-01
2.828066645764001352e-01
4.438518058163984925e-01
-4.391675652922851780e-01
-6.597352914317927697e-02
-4.087094342718312623e-01
-6.013181326985210795e-01
-3.362225379318740659e-01
-8.126416706262924450e-01
-1.817961686029723190e-01
-5.349676895794965858e-01
5.227183590117294720e-01
-8.265320668542535110e-01
1.055591534433127088e-01
-5.763755637488756634e-01
3.384628495696579559e-02
4.643451589705317462e-01
2.456819805548391411e-01
-2.946349055496484404e-01
5.575289379060647255e-01
2.574795156326614709e-01
-6.493769886838482996e-01
-8.457946645884906189e-01
-1.270273859734297739e-01
-6.330970886150436572e-01
-4.892136034991927396e-01
-5.400144644349487433e-02
6.162935157739530823e-01
-8.352922963154659763e-01
3.008355607702167256e-01
-2.846327444871304957e-02
-3.377402990624093770e-01
-4.219902713457245047e-02
-3.133846342536009688e-01
8.601209924573300913e-01
1.483796393222250043e-01
8.051241786301714942e-01
-1.000000000000000000e+00
2.000034104565425741e-01
-3.866211668877800878e-01
-7.122761552624682357e-01
-2.979632480130913197e-01
-9.437974096321833928e-01
-5.412150960885631079e-01
-4.227078591825792486e-01
-2.649806489835584422e-01
7.919605846591820653e-02
5.193238565270816842e-01
2.406837737411571254e-01
-3.237351083087529613e-01
-3.158827482265194053e-01
-2.829579743015999682e-01
-3.266885846350474076e-01
-1.673812855022435431e-01
-2.515772936056812070e-02
2.444565784629409433e-01
-8.985533759985456920e-03
-3.697643840968646289e-01
-6.138240688683074264e-01
-2.639306447396244093e-01
4.085479853785324855e-01
-5.449934445179925868e-01
-5.620489145946999665e-01
-5.456552903211658867e-01
8.495066385544315368e-01
1.000000000000000000e+00
-1.655674184877826971e-01
8.886982359435355860e-01
-5.046618996912872745e-01
-4.830441655834002979e-01
-3.098226871747482569e-01
1.115300258397726174e-01
-2.107836736236258224e-01
1.000000000000000000e+00
-4.988466364185433766e-01
-6.512171840387807054e-01
-2.968710553364818927e-01
8.827708890859803370e-01
-1.000000000000000000e+00
9.423014584977187913e-02
1.847684848104578781e-01
3.022809409354714205e-01
-4.989848423635805941e-01
3.488234199715745110e-01
2.847341807664296454e-01
-7.029941150950060891e-01
3.980147081931137976e-01
5.213366471824092824e-02
-5.605540704393296991e-01
-6.715437832363978510e-01
6.173160159833319671e-01
-5.482907486906755112e-01
-8.693840820111340406e-01
1.556412108357569934e-01
-3.894556353612138033e-01
-1.870424067907067722e-01
1.844674016893558255e-01
-9.319736082021748969e-01
3.927380284584410797e-01
-4.034508263147290608e-02
2.544930843668627984e-01
-4.382746308537803781e-01
-1.000000000000000000e+00
5.397912675887737155e-01
-3.217947520174980758e-01
-3.225892828287602598e-01
-9.528017258399834599e-02
-8.361588372227798382e-01
-8.844879412859563139e-01
-9.392469203069617190e-03
-1.000000000000000000e+00
-8.719780542042824267e-01
4.124058201562047499e-01
-1.699867972272464667e-01
-3.299138282842893899e-01
-2.619777940665657945e-01
-7.409990284184775344e-02
1.517272922655261147e-01
3.897418162649365359e-01
8.880360108802041186e-01
-3.079939091422352337e-01
-5.207159212213656740e-01
6.884370265337821926e-03
-1.299306507539508548e-01
4.965331084102134196e-01
6.984407360554882871e-01
4.924600404823560873e-01
-5.888497987906864406e-01
7.857448015268625463e-01
-4.665354193180214493e-01
-1.434899181320526962e-01
-3.616080944684801346e-01
4.760358565230219940e-01
-2.724737213180411510e-02
1.019293044955033034e-01
-5.730989972117253584e-03
2.793930947456626512e-01
-5.041598688447235244e-01
4.800843209344006768e-01
1.000000000000000000e+00
-5.496630085347526951e-01
-3.425390643907131327e-01
-3.295031369205368432e-01
-9.051832251829752263e-01
2.061280794121248539e-01
7.769823844230063781e-01
-5.942238034990007245e-01
-2.895081075917537924e-02
1.909778981069860659e-01
-8.441728578260948579e-02
-5.782230688394528473e-01
8.319831642839649044e-01
2.851162799803185210e-01
9.869999033643730990e-02
5.378371590956119164e-01
9.732928823893171044e-01
3.468793459406518398e-01
-3.229213477150865153e-01
-1.000000000000000000e+00
5.475714011033340212e-01
-4.410409716618122200e-01
7.448664785618691608e-02
2.385363891019368632e-01
-1.201945428561554396e-01
-8.675022865668724492e-01
-1.652819702194953666e-01
-2.210053129289372142e-01
-5.845859039413049407e-01
4.731156529753981488e-01
-6.694314286435121275e-01
7.212397211826571120e-01
-7.761986889851841820e-01
-7.584130991384950837e-01
-6.961715078511894195e-01
-5.645225537828013618e-01
3.188382174047962869e-01
1.000000000000000000e+00
-8.500560101206567909e-01
-7.029890494991744010e-01
1.000000000000000000e+00
7.281352807517283976e-01
-1.802524953166582400e-01
-5.378757953810487935e-01
-2.933883546424864708e-02
-6.674502931411372408e-01
-1.832061498492611740e-01
-1.126063387503898477e-01
-2.520590220024836459e-01
-4.072597610359426912e-01
9.653894967371088320e-01
4.340459992612798468e-01
5.777996779651703996e-01
4.525562779476093866e-01
-4.797381618800494740e-02
-3.278150219312550018e-01
-4.836997030534948561e-01
-4.807405711636869583e-01
-4.332434731283621998e-01
-6.875321007793118167e-01
-7.219757473189962749e-01
7.843237611241193896e-01
1.865186781083526812e-01
3.322221071417669203e-01
1.515364251359396786e-02
-2.537254002907707862e-01
-2.486313568217577707e-01
-9.924507379188065581e-01
-4.582862600483439408e-01
-3.356855370765603475e-01
3.734490802938311149e-01
-4.832018021878035641e-01
-8.905387912455837995e-02
-4.221748198210684144e-02
5.251539701453042386e-02
-6.536611519777882906e-01
-7.074069336824513332e-01
-1.200023482123671464e-01
5.035238628437962438e-01
-5.222168044716949398e-01
3.987822984602318321e-01
-3.275361760853932047e-01
1.396545467703444732e-01
8.007797309287867371e-02
4.807080253751960797e-01
-3.528330023459091969e-01
1.858347236973104666e-01
-8.029544272886568468e-01
-5.535810885011275273e-01
