5.500979328495649856e-01
6.564371322868715053e-01
-5.205324180213924401e-02
4.937938157451264853e-01
-1.000000000000000000e+00
3.582009941164058242e-01
-1.000000000000000000e+00
7.914115312346051145e-03
-6.653062459563439113e-01
9.423293334264053467e-01
-2.189608786604408941e-01
4.048351082030159365e-01
-4.047626096321649269e-01
-6.925271496115360526e-01
-4.847256040382445508e-01
5.846400734417563083e-02
-9.127448903435841920e-01
-3.891758962578261150e-01
-5.639715916665157813e-01
7.713804701536274289e-01
-6.628650693640100178e-01
-1.000000000000000000e+00
6.153523976457474509e-01
-2.459794556509503904e-01
1.000000000000000000e+00
4.069020241412151240e-01
6.135793967357668910e-01
9.076361237304634288e-01
-4.355730920947935014e-01
-6.290858557814337226e-01
-1.000000000000000000e+00
-1.000000000000000000e+00
6.008398337709007775e-01
-4.389883902639448165e-01
-6.054974385355813560e-01
-2.129296476321863585e-01
1.425925204083090536e-01
-2.731723964003037186e-01
2.567867250143715530e-02
-7.796905203331747636e-01
-1.000000000000000000e+00
-1.000000000000000000e+00
1.859437942428635859e-01
-3.362201816388640796e-02
7.992881092821169098e-01
-2.843026693152192474e-01
-5.464975867004694399e-01
-4.796709903344943404e-01
-1.460948560970505294e-01
8.678725064359141816e-01
8.333541909333053166e-02
6.209303700288225647e-01
6.184749403371593290e-01
-1.818120123975607849e-01
-4.240205477011663171e-02
8.076937999910349664e-02
8.773373733697448218e-02
-8.401084673921478396e-01
-1.000000000000000000e+00
1.814235604597637663e-01
-4.627912148076797072e-01
5.575555996297423267e-01
-3.643608957729367326e-01
1.000000000000000000e+00
-1.000000000000000000e+00
4.884222978622377864e-01
-9.811421139777021239e-01
5.434332555427414668e-01
-3.308307849062580575e-03
-2.585674648385174468e-01
4.493764039371443975e-01
9.130121564277823287e-01
7.522639237938000267e-01
-1.000000000000000000e+00
1.653046695420275214e-01
-2.134885347753683049e-03
-6.681027134053093564e-01
-4.278646888738527054e-01
-1.000000000000000000e+00
6.216548720322296884e-01
-1.000000000000000000e+00
-4.556470037048486188e-01
3.136926218175791203e-01
9.983343081863105262e-03
1.151366599474610286e-01
1.000000000000000000e+00
9.587705852026955355e-01
1.000000000000000000e+00
2.614710060918636891e-01
-7.233646933755444319e-01
-3.469759769189769694e-01
-8.755051373305506868e-01
-2.573616641962385154e-01
-8.269219539936510932e-01
8.867595824959684236e-02
7.882153716642634755e-01
-1.912711909330666038e-01
7.960106279418527331e-01
7.641823877944652066e-02
-1.814419044994085572e-01
5.898270053033884130e-02
4.122186904407533770e-01
-8.943649941904332490e-01
-3.830390264405486023e-01
8.606233742989992663e-01
5.254482767408266142e-01
1.905294250636681563e-01
8.377692417323425733e-01
1.195541012292685168e-01
7.507842271899645148e-02
6.569451304123337110e-01
-1.163038943484235033e-01
8.449421653692544831e-01
-5.920517377261467207e-01
6.081869481187157644e-01
5.298442664654133827e-01
-3.801701325874844439e-01
-6.409070581150386747e-01
-9.270628036287376084e-01
-2.040024632653594516e-01
-9.484111589629833361e-01
-3.645008126157127104e-01
1.731039889989091640e-01
1.402691518348124777e-01
3.957620513106624993e-01
-1.359229393515370143e-01
-5.022965554247896813e-01
-2.444481880301027088e-01
-4.796817777908828767e-02
-5.311576490354011915e-01
7.541992354917559371e-01
2.698432074785020451e-01
8.318646734193285708e-02
-3.027569512264792762e-01
3.634750668864936696e-01
1.000000000000000000e+00
-1.000000000000000000e+00
-1.000000000000000000e+00
7.984708241802922490e-01
-5.453821450528484327e-01
-9.743274598844602341e-01
-1.596546458003050284e-01
1.000000000000000000e+00
-5.518406293327308143e-01
6.651074143839332820e-01
5.027574331704889321e-01
1.000000000000000000e+00
1.000000000000000000e+00
1.000000000000000000e+00
1.000000000000000000e+00
4.246559281581632206e-01
2.432154044472397414e-01
9.769399798066303875e-01
-6.038310388417122976e-03
-6.436833881018222403e-01
7.080533516180732567e-01
-6.377852618433961229e-01
4.979912587177639516e-01
5.643460331390642848e-01
-6.116802813818518203e-01
8.552250774585610227e-01
-1.307308399651329611e-01
4.799539388125247941e-01
7.267510750607800163e-02
-4.826034994851680637e-01
8.461747737326509311e-01
1.295375307623942707e-01
-3.239429066426818826e-01
-2.428315473100350341e-01
9.403224980913548192e-01
8.238218848606577716e-01
-1.000000000000000000e+00
-1.946480275414191885e-01
4.890835362941646225e-01
4.341715625517461596e-01
1.000000000000000000e+00
-8.722795884337178896e-01
-8.981130067969405051e-01
-6.726220566930033451e-01
-7.613459346955098184e-02
-4.105291064777816246e-01
5.804672606725174155e-01
-1.000000000000000000e+00
-2.301150609470905273e-01
-1.570946483678511696e-01
-7.718045771749653117e-01
7.026869441399097305e-01
-6.548513142050349511e-02
-5.816029104416079454e-01
1.488125758983012692e-01
5.232789780481987840e-01
-1.714354567401646379e-01
-8.386014486152584269e-01
4.901138361510146702e-01
-5.118568315110249012e-01
-8.353658214503532076e-01
-3.123587084840833139e-01
9.756953142555995218e-01
-1.907889437899415452e-01
-7.623483662176810949e-01
-1.834802738283953724e-02
1.922496922145865844e-03
6.976505801513395166e-01
-3.763855675161708603e-01
3.305763991767324272e-02
5.737851095304308258e-03
1.097564227489658817e-01
-1.000000000000000000e+00
-5.120474375270835932e-01
9.732260028922581352e-01
8.013618819069545651e-01
6.385745303070168299e-01
6.839430639861665551e-01
9.910499260350033590e-02
5.603054519243382270e-01
7.633718231838486357e-02
5.375091819582515917e-01
-4.466465176448903840e-01
1.456537087026910093e-02
1.000000000000000000e+00
8.898630168495457182e-01
-8.858413638371737120e-01
8.391764362265692334e-01
-8.876840569542272519e-01
-1.000000000000000000e+00
-1.000000000000000000e+00
-6.787860781759748052e-01
-4.390697380443428499e-01
7.409447283120059735e-01
6.545294205402211185e-01
6.889675798426031506e-02
-1.000000000000000000e+00
6.715043234497288793e-01
-9.277712264653278362e-01
-1.000000000000000000e+00
-1.802204755467634589e-01
9.719785832148452043e-01
1.788131262232955238e-02
-1.650817399775891814e-03
-8.752534035930428780e-02
-3.992568466534762162e-01
9.373801471731652013e-01
7.531616406435055477e-01
9.612800418551283865e-01
-1.000000000000000000e+00
9.626033272186075296e-01
-8.215674164314868966e-01
2.439381996386248419e-01
-5.872540887442408986e-01
9.506170307843516687e-01
-1.000000000000000000e+00
4.664191619184907545e-01
3.051034464973472193e-01
4.522187293393800100e-01
-5.132944557662978413e-01
8.125091268594522020e-01
4.977167707993686296e-02
5.066051830611902895e-01
-1.000000000000000000e+00
6.242392167308740136e-01
4.610243441109458939e-01
-5.245730671874202500e-01
6.248807769103555954e-01
3.746498106374642201e-01
4.531878511057244596e-01
