-3.975903327599907833e-01
2.840937064127294076e-02
1.696680154932852513e-01
1.800871397259452278e-01
1.000000000000000000e+00
-9.166233685487835681e-01
9.037928626895670448e-01
9.126368399323262492e-01
-7.230369347545344549e-01
1.000000000000000000e+00
7.130205516500663920e-01
1.000000000000000000e+00
-5.448796880993720393e-01
-7.862444318299907642e-02
1.292226378333238279e-01
2.512525548028965439e-01
-5.784952981291828777e-01
4.475779162181596216e-01
-8.474341897087801501e-01
-7.918515127104789331e-01
1.000000000000000000e+00
-4.026336136760247375e-02
-5.280696125103054861e-01
9.160026936449632284e-01
-1.305462195098888167e-01
-6.001931540025486900e-01
9.822812833825328438e-01
6.071346851694826574e-01
-3.689453591781749475e-01
1.000000000000000000e+00
-4.918379733714460522e-02
5.569341637269885625e-01
-5.568762877324173743e-01
-1.587307663546463354e-01
-7.673583930306131506e-01
-3.810890792047288977e-01
1.000000000000000000e+00
-3.202622143236072416e-01
-2.996976569760501641e-01
5.083041351373822625e-01
-4.372852120375606000e-01
8.151643160605746841e-02
1.000000000000000000e+00
-1.579526439980766250e-01
7.975421193027040223e-01
-1.016022781756409366e-02
-1.000000000000000000e+00
2.544208410763226236e-01
-6.104356400609550759e-02
1.000000000000000000e+00
-1.600183842194617678e-01
1.114110528799708011e-01
7.220512427663794419e-02
8.363434995804819305e-02
-7.892224840766411953e-01
1.000000000000000000e+00
2.236464895222774474e-01
-6.957742848538452929e-01
1.000000000000000000e+00
4.059355210023938287e-01
-7.988750231401465784e-01
-7.241628621223533679e-01
-4.496537677776993314e-01
5.665937587982476931e-01
6.882966013553541984e-01
-9.892837657905406701e-02
9.848900841392520533e-01
3.482539699797165267e-01
2.364133499493954182e-01
2.174492811348623378e-01
5.752771550003601408e-01
1.000000000000000000e+00
3.206112972855876264e-01
1.365969507156311324e-01
-3.447816499301648019e-02
-3.880274784127142884e-01
6.587246604110589265e-01
-7.273503008597697050e-01
5.742112997028898658e-01
-6.547617452204044231e-01
2.031557053339455854e-01
1.895646046099688231e-01
-3.023358387073326603e-01
-7.118281113167226892e-02
6.987137450680375172e-01
7.301096996646885273e-01
2.251563829525910498e-01
1.000000000000000000e+00
2.298307896918891369e-01
8.550619865433114475e-01
-1.606462782670616818e-01
-6.621425162022799293e-01
1.000000000000000000e+00
9.486409104005631976e-01
5.566770808651306801e-01
3.464971302845409329e-01
5.333052781312949131e-01
2.587096889837090519e-01
5.625137272339183481e-01
2.054834100354179793e-01
-9.245571092605894825e-02
3.758345914647109876e-01
-1.000000000000000000e+00
-9.150489936179531103e-01
1.000000000000000000e+00
8.225790719963708142e-01
-3.958040267377202492e-01
-3.037543211709908264e-01
1.000000000000000000e+00
-4.137311951899776963e-01
6.855974444790670086e-01
7.352635587640862225e-01
1.000000000000000000e+00
1.258049711782267543e-01
1.000000000000000000e+00
8.182152395439832304e-01
-3.463495549001746610e-01
-7.216796573798353598e-02
7.751302281255982862e-01
-2.653231077422284478e-01
1.000000000000000000e+00
-5.157027077758461614e-02
1.023052100639181561e-01
-4.478205641486919797e-01
-1.687254579011213951e-01
8.568173279283486377e-02
1.000000000000000000e+00
-4.763618417031532659e-01
1.000000000000000000e+00
4.163652748711254015e-01
-9.141032409357742194e-01
4.744161406417886639e-01
-1.291332206948489769e-01
8.122661507659458824e-01
-7.945223068073339334e-01
-3.750088710631250821e-01
-1.000000000000000000e+00
2.307052062017159733e-01
-3.963426488447456819e-01
-1.000000000000000000e+00
-7.099583365012868130e-01
-4.358807247367004756e-01
2.015549826290856106e-01
-1.000000000000000000e+00
9.100422911890168054e-01
7.708771902888360561e-01
1.000000000000000000e+00
1.000000000000000000e+00
-4.116217391460228470e-01
3.928213710155598060e-01
3.295096741790546346e-01
-3.768462835617160112e-01
8.424086354968062240e-01
4.712961366198280544e-01
-3.659389294432472961e-01
2.004741320861462839e-01
-8.708772742004090572e-01
-7.175449464759733331e-01
2.568569445340210811e-01
-5.371931490529893161e-01
-1.000000000000000000e+00
-8.633270238658498075e-01
-1.615674551556604555e-01
2.181468088936716621e-01
3.968991391987103379e-01
-1.000000000000000000e+00
-5.816414807120258157e-01
4.123360391077598996e-01
7.570462511293427621e-01
5.867435974193215831e-01
-1.000000000000000000e+00
5.310028257475724045e-01
-1.000000000000000000e+00
1.000000000000000000e+00
4.819687262438668851e-01
-3.241096950196036275e-01
-7.134804156083567328e-01
-1.000000000000000000e+00
4.389792187538283375e-01
-7.446322579682196352e-01
9.740435438882391050e-01
9.143298809591843268e-02
1.000000000000000000e+00
1.481310090373794408e-01
-7.917414097985937538e-01
-2.497548819007752996e-01
7.260316976433526248e-01
1.000000000000000000e+00
-8.309034718887046145e-01
-1.000000000000000000e+00
-3.205448286416018866e-01
-1.336184430046074845e-01
-4.601395827760736967e-01
9.528831704094535837e-01
1.000000000000000000e+00
1.000000000000000000e+00
-1.000000000000000000e+00
-6.898573860338726993e-01
2.423043553987127008e-01
-4.424668841026104249e-01
9.130279697346874723e-01
1.000000000000000000e+00
-2.374329806021069356e-02
-6.741520547308457179e-01
-4.751395479714760617e-01
3.684810513968783119e-01
5.925196584895657814e-01
-1.000000000000000000e+00
1.414943291842977180e-01
4.319659197810444828e-01
-4.344454263265613569e-01
-9.131821484520025178e-02
1.000000000000000000e+00
-2.680460734107962262e-01
-5.712805135008161006e-01
-3.233865726340063862e-01
-5.270580522322654282e-03
4.322681711915123404e-01
5.058963064533109621e-01
-1.269308367586761133e-01
-9.466224169102267494e-01
-3.442976664387760732e-01
4.101951355149917045e-01
1.292039635806321307e-01
1.170432445368080193e-01
-3.660745875981770148e-01
-5.487162612290460428e-01
-9.859242265273369110e-01
3.330816812421857342e-01
-1.669997616024515019e-01
7.391360460510653096e-01
-2.992772124511796639e-01
9.841398985232099883e-02
-1.480016605519197948e-01
-6.917515464100548739e-01
-2.206546323488923766e-01
-7.108814836261557746e-01
-6.564687082552851383e-01
8.827004807658403451e-02
1.598585713996504842e-01
-3.211292705766877753e-01
4.365946301726510992e-01
-5.048713505265008950e-01
1.946973812751254251e-02
5.227801607817632590e-01
-1.000000000000000000e+00
-2.133017437292597240e-01
4.914917269912527642e-02
3.853611506847541834e-01
7.603097396672834352e-01
-1.620234247558998975e-01
-3.021721990860548601e-02
1.000000000000000000e+00
1.000000000000000000e+00
9.751790038374129610e-01
1.722646489044410978e-01
-8.909106796876000711e-01
3.969869195614463830e-01
6.831973574992006304e-01
-8.660398578808102821e-01
3.107503396004152041e-01
3.635759973761192865e-01
2.475956605517042608e-01
6.267647325305480965e-01
-2.743925162277154883e-01
