-4.684695543697625086e-01
-4.405517338274015371e-01
1.000000000000000000e+00
-2.068518064775234089e-01
-6.239317599325563402e-01
-8.000707862725862096e-01
-5.808302094852444419e-01
-4.491633515287998257e-01
3.518021131255881229e-01
-2.249642664060292341e-01
6.901623779551332993e-02
2.317380908267222817e-01
-1.641693666855236489e-01
-8.213848922434380251e-01
6.005763899466761702e-01
2.848801245000395777e-01
-4.789737744941110487e-01
6.503241340863745723e-01
-3.378005383739520751e-01
-7.022055357027182643e-01
-4.235233851617459799e-01
-4.707244692883411075e-02
-5.001175847886877301e-01
5.039525403211120302e-01
-3.054732839528217503e-01
-6.345541524419573420e-01
1.685407003202641918e-01
6.000370001396653219e-01
7.986931875115310664e-01
-1.092643992483522120e-01
7.374693336584761671e-02
1.725244287730667292e-01
2.159154931879296302e-01
-2.120094846560003077e-01
-7.713951398408770421e-01
-3.319820922767804383e-01
-6.149939933537119652e-01
-6.282589765142223559e-01
-6.912295416416127658e-01
2.100377614203043919e-01
2.233344249924061609e-01
7.688696680616793344e-01
-5.535381460742013759e-01
-3.570446307914996731e-01
1.588182298747219390e-01
-5.901823557743632875e-01
-3.780566259729531420e-01
3.476656479148745316e-01
-3.971177544989222263e-01
-7.018382991653360214e-03
-4.988182531011350895e-02
3.288692981735253373e-01
1.876700450348609550e-01
-8.203543955616352523e-01
-7.084617381788896884e-01
-7.619884476905334214e-01
-3.627382152045862673e-01
-2.925296956515119895e-01
6.856589174976257528e-01
-9.359481633096191633e-01
3.687335844869903401e-01
5.276812485102431172e-01
5.527314992695665508e-01
-2.558393561257802373e-01
-9.820392110653455298e-01
-9.876906487503989140e-01
1.119918501000898986e-01
-7.334661769551952260e-01
-3.769470844674550902e-02
6.222593149579431770e-01
-2.163200586743604659e-01
8.914795339086470927e-01
2.480464999159968376e-01
-9.602944131192786559e-01
1.000000000000000000e+00
-1.778242844501982112e-01
6.033342545209294805e-01
4.255191662121282081e-01
-6.669462925871650905e-01
-4.631574290360900292e-01
-5.630650544759476794e-01
-6.996649769199747571e-01
-3.008948304531446905e-01
2.421751854163680384e-01
-3.173487317775640359e-02
-8.866161411857829966e-02
-6.616071015349067608e-01
-1.764705738713514549e-01
1.000000000000000000e+00
-5.238277555851698075e-01
9.111103427981386282e-01
2.874168287470136862e-01
-5.251474290336080597e-02
4.896690841304302544e-01
-3.161902745231377487e-01
2.274056833599193417e-01
-7.489750383273001688e-01
-1.000000000000000000e+00
2.996347528622396728e-01
5.520500113241582074e-01
-3.404667823830743734e-01
-7.751342094432308594e-01
7.327004318266487903e-01
2.712161786084715809e-01
2.577130725569686809e-01
8.149580861147887045e-01
5.464939399119028707e-01
1.440354106748921448e-02
1.000000000000000000e+00
4.373015953744291417e-01
8.170574777456335314e-01
-5.510950275070570781e-01
1.000000000000000000e+00
-4.773005156209563782e-01
-2.530295621880431778e-01
-2.725297087469080726e-01
-4.153687674212598324e-01
-4.509589748775444940e-01
7.546268787682572365e-02
-2.600839530139940070e-01
3.782839906734204449e-01
1.333836886946959399e-01
3.343225117632624421e-01
-6.893308562852941135e-01
-6.908431494493499914e-01
-2.996293392739783346e-01
-1.635674277381314323e-01
-1.186761266199958531e-01
-2.936197145735289782e-01
-4.002593595097153623e-02
-6.079439659324046286e-01
3.274114420495506939e-01
1.766851391930441550e-01
-3.550273470011832688e-01
-5.886566110965481269e-02
2.163924506485400689e-01
-3.143761776126625662e-01
-9.038913068268998874e-01
-3.885192496014491792e-01
-2.673970738558144045e-01
-2.172261651740274302e-01
3.984264762912842484e-01
-2.726642071265535372e-01
-3.229426278178721410e-01
-4.809435991584730674e-01
3.986611019530281186e-01
9.767700474075746708e-02
-7.321421824091901842e-02
6.682998913898251514e-01
2.817176920925837935e-01
-2.140731296609015288e-01
2.622890927263357153e-01
1.940698038144146598e-02
-5.500057774372657526e-01
-5.335860868809768620e-01
2.545329741958847758e-01
-9.685354350278294056e-02
6.706683592241979852e-02
2.909969898791711640e-02
1.227214982001714333e-01
3.128162434411488890e-01
-5.963340899687672447e-01
3.135778128852519941e-01
-4.747441098961335260e-01
-3.150782388962624081e-01
7.406264754808056239e-01
-5.069325844061294273e-01
-2.193636713290785800e-01
3.683169968622944102e-01
-2.779669945382022833e-01
2.242587650228056173e-02
2.777569232586175052e-01
-1.407090187906892553e-02
9.165081099372794637e-02
3.193342987958719403e-02
6.807990797528151727e-01
2.960334669205675340e-01
-6.323283139701403321e-01
-6.355013271182688994e-01
3.059288385164123381e-01
-2.581428670103538825e-01
-1.000000000000000000e+00
4.629350194072980873e-01
-1.978468763830054655e-01
-6.396122007776080531e-01
1.548283699246367773e-01
-4.756503146080913180e-01
1.765529215018115938e-01
4.021452778837328323e-01
-6.146516808805289056e-01
6.665562923988792576e-01
-4.864236351633114408e-01
-2.141193223080159191e-01
2.949843462393807458e-01
2.132894988310194695e-01
1.723238711933666734e-01
8.500466439143237185e-01
-7.078584930398779118e-01
2.535180438554754390e-01
3.600578929322502120e-01
-6.562837501875071755e-01
4.667566988460709887e-02
3.837266117992272352e-01
6.576380702846019721e-01
-3.020483828578872654e-01
-6.855266376951353602e-02
3.343900632110645144e-01
-3.786450424482112886e-01
-5.717237959750262055e-01
-4.942590642557592728e-01
-8.581337124795861415e-01
1.695556723273466404e-01
-5.917619778457022806e-01
-7.751816372558747448e-01
2.777187563693725991e-01
-1.000000000000000000e+00
-1.429107361069650306e-01
1.055568453279948082e-04
1.000000000000000000e+00
3.727704769630156290e-01
6.299434512583996781e-01
7.120073666479584951e-01
8.562396511164389601e-01
1.216721533942927841e-01
-3.574681311265867079e-01
1.670849163586208275e-01
-6.403287875240237792e-01
1.215461874342450149e-01
9.129383892488629471e-01
2.539747647992013357e-01
-9.713820312122953826e-01
1.415775182659936293e-01
3.366650214853815770e-01
-3.331404151128816715e-01
-6.876727361982779563e-01
-9.945585689528829709e-02
-2.069311882780735246e-01
1.915594785449642456e-01
-5.009309874521059580e-01
-1.895771231934962608e-01
9.746815501018191163e-01
-3.668338541626488536e-01
7.697479814447174551e-01
3.115050592941537855e-01
6.503348040714176381e-01
-4.290785166579694776e-01
3.222787410716508316e-01
9.773931071512942381e-02
-3.197362160964621614e-02
-7.118955208558600534e-01
-4.786152164673339593e-01
-6.279377585257401861e-01
1.225625888854268569e-01
-2.019075606296695802e-01
1.334729726714239395e-01
-2.432115936630084296e-01
9.003268029848796039e-02
3.813189779148380421e-01
3.871513678705322259e-01
-7.320351936302117446e-01
-6.718782266878861043e-01
-6.309523940475434411e-01
3.420736997389779988e-01
5.597987242560961696e-02
3.418485966164780399e-02
