-3.410520441956743642e-01
4.841161983642079947e-01
-3.487550572424999995e-01
-1.984771802074926372e-01
-5.049659986663038169e-02
3.500463526224530941e-01
2.125618571500306198e-01
8.879338384938054163e-02
3.564038130872623777e-01
1.681380229783470681e-01
1.494503757598415750e-01
3.776688529326027721e-01
3.491414551530895305e-01
2.849455902870471347e-01
4.034526257998778676e-02
-8.191784307417662725e-02
7.129443700707450704e-01
-2.984317276568870803e-01
-1.234209827836467155e-01
-2.960423661305266463e-01
-1.723789126787239057e-01
-2.412176712501832576e-01
-4.159134713632561819e-02
2.158856544052216997e-01
2.512758647073325968e-01
1.351353300519692602e-01
1.506069711599067329e-01
1.800223554761190559e-01
6.821699047327300924e-01
1.203868558347989115e-01
-1.513530024820575193e-02
6.461118225136823767e-01
-2.199152509484147422e-01
-4.503097413226392343e-02
1.539463458244501592e-01
1.836874616708465691e-02
-2.973138209360205453e-01
-1.645698433729096966e-01
3.115296396574164239e-01
8.511372636515442958e-01
3.277282214711697561e-01
-2.412329212357581243e-01
-4.280772170780760555e-01
-6.767909414990731509e-01
9.952864890405899168e-02
-7.904220881883181615e-01
2.627522063838823585e-01
-1.847278687651976448e-01
1.560921303608849009e-02
2.480806807399593972e-01
-8.206873331069980404e-03
-4.668537750829767075e-01
4.211544568063837479e-01
-1.101366385588098407e-01
1.340216271305766371e-02
-8.770820934788109424e-02
5.099716850443219984e-03
-2.540047246244769852e-01
2.781436522113618914e-01
-2.444785267745130386e-01
-1.954509455333582613e-01
3.379214332053713798e-01
-4.791247870173398482e-01
-9.296986806421751737e-02
-6.230100160633975648e-01
3.041114096899520947e-01
9.818053617318964754e-01
1.400750097684263784e-01
-9.185187154257584696e-02
-1.804424360749386780e-01
2.206108409366749901e-01
3.133014869318345719e-02
-3.164125379438188501e-01
-2.668946468322116461e-01
3.029182134041776275e-01
4.226989450511760005e-01
-2.098610917449192093e-01
4.989058834678996024e-01
-2.466277623751786385e-01
-2.218295233670096178e-01
1.710126592392686440e-01
3.471660091552833394e-01
7.954088342466625328e-02
-8.460071141845360021e-02
2.461029864860176386e-01
-5.498140629167531657e-01
-1.214369968016063006e-02
5.851092405229982862e-01
-5.868879000310500693e-01
1.619236346939229021e-01
-4.296034155884878580e-01
3.968422805765686734e-01
-3.489664875558691759e-01
-7.675241169944568842e-02
-1.092170362564448549e-01
1.085527077824602338e-02
-5.853203258754069438e-01
4.299474237296208590e-01
-5.075744113683570147e-01
1.904389541791098039e-01
9.898691780929597117e-02
6.586471543606187140e-02
5.651303059801432438e-02
-1.430427834120920894e-01
3.243330421497346849e-01
-9.488601796029197399e-02
2.769881404556568533e-02
-2.963679944864557880e-01
4.487532819751082758e-01
-4.924411694300924736e-01
-1.313573424249898924e-01
4.228120467828605511e-02
1.350868493775154722e-01
9.710658757904022664e-02
2.711030887931287214e-01
-8.934063195739699870e-02
-1.517250646224545529e-01
7.872629390436694519e-02
-4.820578079640965852e-01
3.553383757409402099e-02
4.758703475361780733e-03
-7.778190185829535197e-02
4.419125005679453433e-01
-2.504669005248577607e-02
4.854670424721305722e-01
-2.237533857475995647e-01
-2.253466378110776380e-01
5.461539159675738997e-01
-3.133659264432137048e-01
2.023855707010316363e-01
-1.990129148545646265e-01
-5.393746641529606478e-02
4.451428572439355968e-01
-2.474955395123118462e-01
-3.369970927915507120e-01
2.533040052028681099e-01
-7.787513525170902673e-03
1.428952005166128081e-01
-2.873007780266716993e-01
-1.271739147623973665e-01
6.036225430587878193e-01
1.489393545417350417e-01
6.729290492518330558e-02
3.333974195471549606e-01
-2.652445803446911166e-01
1.744250301758715205e-02
2.588204370904844120e-01
-1.238071179203885097e-01
-4.225949059731343160e-02
-3.876651658350195873e-01
3.281766827228655425e-01
-1.298780947349719717e-01
-3.923206574315007966e-02
4.309994213169585781e-02
-5.813100156474312330e-01
-4.155355337895064172e-02
-2.405879268090240775e-01
6.083007799486250811e-02
1.298090141950128396e-01
1.182870670487810583e-01
-8.119523298461491789e-01
1.945188971543673206e-01
-3.466315501696952128e-01
-4.235665375307716141e-01
-5.320039777582941803e-02
2.807302785206550189e-01
-2.765392866314506648e-01
-2.873058663686486880e-02
-4.043137135257435233e-01
2.220298755283694192e-01
1.567836620892924804e-01
-1.750642549896390676e-01
-4.286233376788195493e-02
-9.123644133291280989e-02
-3.518600354471268510e-01
5.095075433353588590e-01
-3.192795054351948991e-01
3.661193979310757851e-01
7.442929106396822814e-02
2.837379541661663174e-01
1.848684889442259172e-02
3.023910968839593760e-01
7.142454529022825016e-02
-1.712283848554907451e-02
-1.424454076039468053e-01
-5.614982695046040473e-02
8.333863936718294285e-02
1.490674132935646823e-01
-3.600220778839476887e-01
-5.587270018250384274e-02
-1.496527875380542633e-02
-3.862008433057984025e-02
-4.793821983370094575e-01
2.074512889338257227e-01
1.589737466104894636e-01
1.792520660999551985e-01
4.975276387694035907e-01
-6.985595902220531617e-03
-2.330976342605612650e-01
-5.262317925128376928e-01
9.570194052408970142e-03
-1.934051308685863502e-01
-1.981072780633762187e-01
2.795561683070235670e-02
3.664452181569644029e-01
-7.458970254823629187e-01
-5.022054695611428698e-01
-2.592424120811923083e-01
-1.917559989575062795e-02
-2.544260324185365629e-02
-6.163314602824017108e-01
-1.271920695137481738e-01
2.681012802725485922e-01
1.882207376772948582e-01
-1.968303213951329289e-02
-1.172389469040654997e-01
1.711286350617814353e-02
2.222333955680664830e-01
-3.600910754121588453e-01
-4.938866104877633334e-01
-2.823357514516601219e-01
2.060696589981562132e-01
-2.179565381150497250e-01
4.559978688918959189e-01
6.107397963352190207e-04
-3.875819295222474037e-02
-2.349664729674323105e-01
-4.827831233111822828e-01
3.499087068149497326e-01
-2.844129747301413214e-01
2.326229422856262163e-01
-6.327117046000610978e-01
-1.530651369680650908e-02
-5.673546911836386819e-01
6.531460220906784575e-02
-6.684302460467234086e-02
4.059869902723903246e-02
-7.897218364986446915e-02
2.936082685013340909e-01
-3.598007239609120056e-01
2.349190984140655525e-01
-5.460596059992953721e-01
1.428915328153397835e-01
3.448659418671895516e-01
1.156409925790552184e-01
-1.089264609441000231e-01
1.695229595231910746e-01
-4.179612526087425617e-01
4.188171656377495111e-01
-3.496893162267776800e-01
4.160315111283936496e-01
1.405180172724054821e-01
-1.310277335692770773e-01
2.726472534754234012e-01
-2.448926347941685622e-01
-1.020585357319851172e-01
1.236170942938192019e-01
7.216801908203271942e-01
-5.792344962774728656e-02
-2.039521370202241890e-01
1.471917052576439122e-01
-5.289653748890869034e-01
6.515674613242483648e-02
1.639116017105313183e-03
-2.949713408128835646e-01
