1.000000000000000000e+00
1.705984966260776226e-02
-1.948425789040471034e-01
-1.000000000000000000e+00
1.000000000000000000e+00
-1.000000000000000000e+00
5.706403860455453447e-01
2.912819170355450127e-01
5.954670742754197832e-01
-1.333263208178516734e-01
4.203596540651426405e-01
9.839578953157377406e-01
-1.000000000000000000e+00
-3.094595295586722861e-01
-7.395663367902138852e-02
6.325986842518240838e-01
2.184437813351294277e-01
4.295257772519649464e-01
1.182848266175279967e-01
-6.612174531418779644e-01
4.783928342440433301e-01
7.904243523878939914e-02
2.138133585155918559e-01
-8.569937861637313414e-01
5.698653214134379308e-01
1.504022410115379849e-02
2.271792809601878016e-01
7.969953285477167082e-01
1.588787090053743190e-01
2.246946087724885355e-01
1.000000000000000000e+00
-1.000000000000000000e+00
8.166683059855450733e-01
-5.769260316320155013e-01
-6.888956286690002262e-01
-5.214652683092129148e-01
5.370346459476342815e-01
-1.000000000000000000e+00
1.000000000000000000e+00
1.000000000000000000e+00
-7.255312436186711622e-03
-8.681662547337216651e-01
4.265420880633212786e-01
3.629667799320290822e-02
1.000000000000000000e+00
1.636312802667749811e-01
7.933950273977583567e-01
-8.240571115458105167e-01
1.000000000000000000e+00
1.000000000000000000e+00
1.000000000000000000e+00
1.000000000000000000e+00
1.000000000000000000e+00
1.000000000000000000e+00
2.414644081644901075e-01
1.000000000000000000e+00
4.614639669888889184e-01
-8.415147533337413721e-03
-9.787843477182756047e-01
6.344510811064580924e-01
6.862366414961946770e-01
-6.479759684739079262e-01
1.000000000000000000e+00
-3.351804749590214794e-01
-8.724901316313793398e-01
-1.000000000000000000e+00
5.418188219241495407e-01
3.192295131937314956e-01
-2.473079963398569503e-01
-3.667415923124159871e-01
9.937739305951854840e-01
-1.000000000000000000e+00
-1.000000000000000000e+00
5.916209116717776606e-01
-3.484911612250367607e-01
1.000000000000000000e+00
1.000000000000000000e+00
-1.445462520156252650e-01
-4.266309366950830628e-01
9.017319622744590646e-01
5.871053330246668311e-01
4.043004276540079212e-01
2.388986487653119717e-01
-6.090128564698555902e-01
6.964515107194081400e-01
9.801258383898333593e-01
6.589606797185432185e-02
-9.868940800763975618e-01
-3.662701321571346647e-01
-2.936872026847666683e-01
-2.881453861958904739e-01
-1.000000000000000000e+00
-1.000000000000000000e+00
-4.487117250274772484e-01
-1.000000000000000000e+00
-9.617506615740012421e-01
1.000000000000000000e+00
-3.107069943286644431e-02
-1.000000000000000000e+00
-5.665672567633237566e-01
9.150494862495570647e-01
1.000000000000000000e+00
2.661809809221484802e-01
-4.159144283688426258e-01
-1.000000000000000000e+00
1.000000000000000000e+00
-6.628204766503280609e-01
6.831128525948915176e-01
-7.536148987434754254e-02
7.432680489748102470e-01
-3.191682886571962641e-01
1.000000000000000000e+00
-3.283505392362170427e-01
-1.000000000000000000e+00
5.934117930022817511e-01
-5.366619504456424661e-01
2.981662020716313588e-02
-5.804701853883793561e-01
1.000000000000000000e+00
-1.000000000000000000e+00
4.666957566216796138e-01
-1.000000000000000000e+00
-7.266803935812400361e-01
4.271493699445234604e-01
-1.597251241811370459e-01
8.209716603261063561e-02
4.489463000247293500e-01
5.481826464432293378e-01
-1.547248787294194239e-01
-1.000000000000000000e+00
-4.278804062710472866e-01
3.454971788131371291e-01
3.309830625688641170e-01
9.048074120088999139e-01
-7.184664426050035857e-02
2.133062014071607781e-01
5.568788378320048693e-01
8.281235304516558760e-01
6.527032482394061752e-01
1.000000000000000000e+00
5.520848853511799437e-01
9.688900541162858149e-01
1.000000000000000000e+00
3.135226845012556440e-02
4.770002906057728698e-01
-9.994387764120876705e-01
2.791616303188982906e-01
1.000000000000000000e+00
-9.021953787624588106e-01
-9.415479441577478958e-02
-1.000000000000000000e+00
3.348928737734637728e-01
1.000000000000000000e+00
-2.179496259859365903e-01
-5.539235282354401102e-01
5.321074075335436859e-01
-8.345890390975392314e-01
1.248540708521108655e-01
-7.361609177089361022e-01
9.990944523010493183e-01
-5.812761405175049800e-01
-3.453537182789743198e-01
5.791748296586838318e-01
-9.634844150785046857e-01
7.262674653920142553e-02
-1.000000000000000000e+00
8.347324809457916661e-01
2.058586829757662606e-01
-5.907238048232466010e-01
-3.353274583464678216e-01
-1.000000000000000000e+00
1.531869770190957825e-01
1.638444234632158714e-01
4.614907566702690644e-01
-1.000000000000000000e+00
-3.927711343392272791e-01
9.972040746224541952e-01
8.695946919915645834e-01
-7.521668000778808372e-01
-3.215832482991882735e-01
-5.001099228118027762e-01
-2.093915337979368463e-01
-6.549034353316761647e-01
1.611405818414064495e-01
3.983843428633961903e-01
-9.016418375683054043e-01
4.522266706580224671e-01
-3.426010720955615652e-01
1.000000000000000000e+00
1.392069139495822894e-01
9.685458564989950503e-01
-1.000000000000000000e+00
-1.890827222347053471e-01
1.000000000000000000e+00
-4.460153838986726793e-01
-8.377158297743224624e-01
-7.867983871123926942e-01
-8.612756496997818756e-01
2.943258018271310839e-02
2.126401969337038400e-01
4.370606871081726963e-01
-3.331034972250470627e-01
1.000000000000000000e+00
-1.000000000000000000e+00
9.467323524739770235e-01
-3.105956987080991105e-01
-1.000000000000000000e+00
-3.838836400720402331e-02
1.000000000000000000e+00
1.200186309357920145e-01
1.252257037082051827e-01
-7.421055206354741918e-01
-1.000000000000000000e+00
1.000000000000000000e+00
8.349287393993456430e-01
-1.000000000000000000e+00
9.533665558795645367e-02
-1.054398389112076728e-02
-1.036341610068967078e-01
-1.000000000000000000e+00
6.798610771834612265e-01
5.357560904366720500e-02
1.558801563424351277e-01
7.775035294323832114e-01
-1.000000000000000000e+00
-1.022961500805963375e-02
1.137121846094135691e-02
7.922423671269572809e-01
4.821206848948249579e-01
-1.712716014229127559e-01
1.095575871735618434e-01
1.602504755025724315e-02
2.253849254810605385e-01
1.000000000000000000e+00
-1.000000000000000000e+00
-8.903288669932609700e-01
-5.767236022419588437e-01
2.990004628927775965e-01
3.838705259956495808e-01
-6.823584546343830493e-01
-5.572013619281082075e-01
-1.000000000000000000e+00
4.798958817469753946e-01
7.269652004752595875e-01
-7.358863630972090064e-01
-1.000000000000000000e+00
-7.215465300673965521e-01
-1.376452784635806559e-02
-7.677372596372631364e-01
2.039972261733029590e-01
2.064946708656607566e-01
1.000000000000000000e+00
-8.277291089675256064e-01
-5.703475773015778127e-01
-9.729874486476675077e-01
-5.854110683759037315e-01
1.000000000000000000e+00
3.457489000982991723e-01
5.974601908298973196e-01
8.496244564320583059e-01
5.865654221306965121e-02
-1.861775652090869038e-01
6.725081922678605162e-01
-6.377026128293670215e-01
1.000000000000000000e+00
