-8.764727880514102676e-01
4.457666497524999105e-01
-9.212802388535425990e-01
-3.654566261881765366e-01
5.207590138829292226e-01
-3.554831447042627879e-01
1.000000000000000000e+00
-1.000000000000000000e+00
-4.718582029259531518e-01
-7.355109659366192432e-01
-7.276147538115886881e-01
5.752260630186808443e-01
-7.349974192569646014e-01
5.282824891625432784e-01
4.538100173661309134e-01
9.635974923801922110e-01
-6.254074485345507695e-01
5.570725325490319957e-01
5.844837492893136810e-01
6.513043979694863594e-01
-1.000000000000000000e+00
-9.606264210809742909e-01
5.221879203749054676e-01
4.294486763696425680e-01
1.621337900580850366e-01
-1.000000000000000000e+00
5.616043152860837884e-01
9.835092317109579430e-01
-7.349654458884347097e-01
-8.201522694951606240e-01
-9.365912702826433289e-01
1.000000000000000000e+00
1.000000000000000000e+00
7.911157867800643340e-01
1.000000000000000000e+00
8.758197316914482222e-01
-4.609536108554860290e-01
4.484234679581575733e-01
1.000000000000000000e+00
-3.702700505388724639e-01
-1.000000000000000000e+00
9.374193730276201286e-01
-7.255786159443957661e-01
-2.638275395144220603e-01
-7.021091779365610241e-01
-2.919746874493819866e-01
1.000000000000000000e+00
-8.193502052918851808e-01
4.965277495174779121e-01
-1.323258918270325268e-01
4.726902485960388645e-01
2.171345623389424606e-01
-5.763647819767145908e-01
-1.838688055664480236e-01
-8.296681833723626998e-01
-4.351314649787715871e-01
-4.580770291215781054e-01
-3.175621536635402364e-01
-2.405713690618915823e-01
-4.282179688905947690e-01
7.381282829403534862e-01
9.553158469149058973e-03
6.668856331668913118e-01
-9.491056262194335069e-01
-4.528311496091985688e-02
-7.254185932083343502e-01
-6.050886774575684468e-01
-6.798097756543365344e-01
7.875087622250074304e-01
6.186340424732839072e-01
4.125829925228119421e-01
-8.954163437663621439e-01
9.694596883527859532e-01
-4.778452732510568013e-01
-2.940159764850124313e-01
-3.168328406671303554e-01
3.346962345575796305e-01
1.459985156995664002e-01
-5.562129358037350979e-01
1.000000000000000000e+00
-3.509161573524383626e-01
-7.507101395036259728e-01
-2.549658738775828493e-01
-6.327666623054380990e-01
-4.377171695946380225e-01
-8.717465857904374005e-01
-9.638314007586337162e-01
1.000000000000000000e+00
-3.503830832174886223e-01
-8.559891685969076569e-01
-1.049499526481664780e-02
-6.708170132485922199e-01
-3.710630531752112660e-01
-6.323364584152874057e-01
-1.000000000000000000e+00
-1.000000000000000000e+00
-2.026184583713315224e-01
6.486632871875422368e-02
2.691112892822402625e-01
-3.458715390881627050e-01
9.066016063086632659e-01
1.000000000000000000e+00
-5.249177735204724193e-02
9.306724051372508577e-02
-4.889225775912245942e-01
1.000000000000000000e+00
3.727922872119364128e-01
-2.367188931856970546e-01
1.000000000000000000e+00
-1.000000000000000000e+00
-1.806237683526146220e-02
1.000000000000000000e+00
-1.000000000000000000e+00
-7.742924096111808430e-02
6.046060386995382174e-01
-1.000000000000000000e+00
-8.245068303268583421e-01
-6.091252267493879602e-01
3.721565284713734267e-01
7.359966677137335100e-01
4.485222362555377762e-01
-8.024759262266822901e-01
1.000000000000000000e+00
-7.067226924660544585e-01
-1.000000000000000000e+00
1.000000000000000000e+00
2.078887240286555471e-01
9.101784359805320523e-01
4.606636464731905800e-01
4.091358432411337231e-01
7.329464190496599585e-01
9.842264624743599644e-01
2.908140767176627950e-01
-5.126867093528949537e-01
-1.665793665882386865e-01
-4.709856024904942040e-01
1.795344956588451613e-03
3.375620080392243150e-01
1.079895012661083453e-01
-1.685486084302297294e-01
1.364208664616072264e-01
-5.372384011775133139e-02
3.178306544901978725e-01
2.737397378548505067e-01
8.221612549989900653e-01
1.139115679393488678e-01
6.485230641362921267e-01
-3.067869372693114993e-01
-4.630520107501511773e-01
6.292018226575613049e-02
-7.490870507927571698e-01
1.000000000000000000e+00
2.415324920043403489e-01
-7.759415198056708318e-01
7.412129061179295597e-02
2.324192312385637837e-01
-8.954670114628846544e-01
-2.960266217608507056e-01
7.245307367298491341e-01
-7.593957338145210234e-02
-1.675945087797299782e-01
7.489443796832773170e-01
1.000000000000000000e+00
-9.104698633791821205e-01
4.689012084082850307e-01
-7.081774706967984834e-01
1.000000000000000000e+00
-1.000000000000000000e+00
5.047696518210814665e-02
3.460667243333446219e-01
5.769770301696657278e-01
-7.903320126709797444e-01
1.000000000000000000e+00
1.000000000000000000e+00
-7.955720071444127850e-01
1.000000000000000000e+00
1.000000000000000000e+00
6.061014208733611630e-01
-2.377285434885014204e-01
8.448475512095281470e-01
-1.000000000000000000e+00
-1.881757241507152623e-01
1.000000000000000000e+00
-3.972041322766339810e-02
7.771148249688794030e-01
2.267677435277045128e-01
-5.582535207328893634e-01
7.605068727146120366e-01
6.699781638274890927e-01
-8.005422110132149882e-01
-1.000000000000000000e+00
-3.504904180618295673e-02
-1.000000000000000000e+00
-1.000000000000000000e+00
-1.000000000000000000e+00
-1.000000000000000000e+00
-1.000000000000000000e+00
4.664832932375149177e-01
-5.671709252334350415e-01
-3.558822088150170870e-03
4.164470284510510822e-01
-1.000000000000000000e+00
-9.220105551568189561e-01
1.000000000000000000e+00
-3.422655256107113853e-01
7.193571743925926132e-01
-1.000000000000000000e+00
-4.804443890670089257e-01
-3.857562718539356283e-01
1.000000000000000000e+00
-7.920345184037915764e-01
-1.000000000000000000e+00
1.000000000000000000e+00
9.079789265768392070e-01
7.806902306179347439e-01
3.692653959273566322e-01
-3.134552670737390523e-01
1.000000000000000000e+00
5.177375884663680816e-01
3.759870398113646095e-01
2.013633118136838041e-01
-2.187430649622444934e-01
3.231043019233403868e-01
-1.250593529857038089e-01
-1.000000000000000000e+00
-6.659431267488646888e-02
-8.996830830781641364e-01
1.000000000000000000e+00
-8.770640964362181879e-01
-5.119595796997175041e-01
-3.980726498856648199e-01
-2.945020844225504364e-01
6.575672825585375803e-01
1.652778654197550878e-01
2.994280231796829783e-01
-9.647461196421172058e-01
-7.006916138848038322e-01
-4.036641028478119564e-01
9.609002406519389083e-01
1.000000000000000000e+00
-6.631987166989725679e-01
6.530988254639409352e-01
9.535530783792653953e-01
-1.217776671669459354e-01
-2.152418219046926540e-01
-8.045455243750735397e-01
7.286044268327953599e-01
7.865803166908347244e-01
6.677031284679870726e-01
-9.334577816223859070e-01
-4.552545949488356891e-01
-9.754940228811710412e-01
9.543346456213890328e-01
2.481770382889031401e-01
-1.000000000000000000e+00
-2.555243867556677428e-01
3.701863127509987805e-01
-6.562115201890605931e-02
8.429738985062528167e-01
1.000000000000000000e+00
-9.431971712596660673e-01
5.751782535134621899e-01
-8.471783370116940937e-01
8.434690748684434691e-01
8.697846427934631253e-01
