8.219514480341176821e-01
9.221453102644661115e-01
1.000000000000000000e+00
9.468621429102633824e-01
-9.500834615852415954e-01
7.263171603954785560e-01
-7.415834034340791359e-01
-2.866277531564862535e-01
-1.000000000000000000e+00
1.000000000000000000e+00
-8.184141927267629679e-03
-6.828513124097477238e-01
4.883144041595602336e-01
-7.911256992514009712e-01
2.513495430342134185e-01
-2.157482497835137569e-01
-3.141645465298664730e-01
-8.522110849406480115e-01
1.653569149344825129e-01
-3.140854502646229784e-01
-5.041666784027482029e-02
-9.513810416269248282e-01
1.000000000000000000e+00
1.000000000000000000e+00
1.000000000000000000e+00
-1.778397363983305612e-01
-1.000000000000000000e+00
-1.000000000000000000e+00
1.447404604250582816e-01
-3.870840699003630370e-02
-5.169954339304929647e-01
-1.000000000000000000e+00
1.000000000000000000e+00
4.504977427797556278e-01
6.055631241139221022e-01
1.687919970699696681e-01
1.000000000000000000e+00
-3.953721734712523084e-02
2.018149142374976446e-01
-1.837396732083170781e-01
3.406259319335158131e-01
6.289079429004834632e-02
6.261907985040270352e-01
5.350124779380736051e-01
-4.760672508209829457e-01
3.234320299047013236e-01
1.000000000000000000e+00
6.116443245110184668e-01
-5.308555125107776718e-01
4.872787407995587960e-01
-6.600717328513061588e-01
-4.873262201450979103e-01
4.717278586905469528e-01
-5.157333465609514889e-01
8.874670040555421302e-02
-2.212985572119657574e-01
-3.437442519061621460e-01
-2.892344655888776095e-01
1.000000000000000000e+00
7.842690467012344291e-01
1.000000000000000000e+00
-4.906943402813624400e-01
-8.123284589464718763e-01
-3.262037524396458887e-01
7.296181881755877674e-01
1.764002820336552368e-01
-9.384447845271381983e-02
3.059811246289428910e-01
5.427881840858680418e-01
2.345675972976040136e-01
-6.568827368092600150e-02
3.059125064608352318e-01
-1.000000000000000000e+00
-9.913977981467301248e-01
-1.000000000000000000e+00
3.195593730972762225e-01
-2.416737805031647923e-01
-1.000000000000000000e+00
-3.026086127724467167e-02
3.439819379950425637e-01
1.000000000000000000e+00
1.878152371026325651e-01
-1.000000000000000000e+00
-2.105805953251796425e-01
3.359339278440667820e-01
2.126356085682058472e-01
7.979802535823481424e-01
-1.000000000000000000e+00
-6.005627986731028045e-01
-1.000000000000000000e+00
1.742513684629969362e-01
-1.000000000000000000e+00
8.408104709039798674e-01
3.127512194276549362e-02
-1.000000000000000000e+00
1.000000000000000000e+00
-6.517824273778799471e-02
5.372117304124568449e-02
1.000000000000000000e+00
-4.439521099403415105e-01
1.000000000000000000e+00
-3.381734862170148737e-01
-1.000000000000000000e+00
-2.023455414757484583e-01
1.000000000000000000e+00
3.194476785762788151e-01
-2.609030909035198187e-01
-3.401683023432655606e-02
9.243664588801647763e-01
-8.635627395388937311e-01
-3.282577682360240945e-01
9.541554150409824464e-01
9.046396991154093126e-01
-5.471696372601533298e-01
-1.448879579488469016e-01
9.049682052891391826e-02
1.000000000000000000e+00
-4.865949108625819419e-01
1.000000000000000000e+00
-5.416178049267330596e-01
8.647609963223938934e-01
9.450164734108569276e-01
8.066571233163997157e-01
-1.000000000000000000e+00
-1.364308165390185068e-02
1.000000000000000000e+00
4.268945748395644446e-01
-2.496911774641923376e-01
1.000000000000000000e+00
-1.668725231621352167e-01
-1.000000000000000000e+00
-1.000000000000000000e+00
-1.000000000000000000e+00
3.486368608322527596e-01
-1.815037378019141445e-01
5.635045695500924268e-01
9.988448343742308833e-01
-5.583577480247670088e-01
-3.641552805179417707e-01
8.646361876489513376e-01
-1.000000000000000000e+00
1.015115763258696013e-01
3.481692063745320809e-01
-2.780250758093428809e-01
-3.361924655070188117e-01
4.915899298916126536e-01
-8.436408449066965520e-01
1.000000000000000000e+00
-1.388022462079516739e-01
-9.316429175186677902e-01
7.264997589453804361e-01
1.000000000000000000e+00
-3.276172664726386130e-01
-4.640271303039281703e-01
-1.000000000000000000e+00
-6.952697043546742783e-01
2.426537830336292778e-01
6.497686987295631100e-01
-6.289819175582289645e-01
7.331524620099725276e-01
-1.000000000000000000e+00
-2.198731126398665303e-01
-8.005933054000939908e-01
-2.195868382149982201e-01
-5.887733323313764089e-01
1.000000000000000000e+00
-1.000000000000000000e+00
-7.354717691174521566e-01
1.443006061628194781e-01
9.479584867157363481e-01
3.080571710100536986e-01
-1.276465082949694296e-01
-1.000000000000000000e+00
7.093690209303091798e-01
1.000000000000000000e+00
-4.524109274451489360e-01
-9.622170138393677519e-01
5.449455969847250003e-01
8.557793277487180106e-04
-3.095047052008504385e-01
5.146514502376846600e-01
6.106426376781000087e-01
-7.662545429071829783e-01
8.445411699338756240e-01
-6.274166971057015818e-01
1.000000000000000000e+00
-9.734167553561510200e-01
1.962400880255915081e-01
-4.833129123480600642e-01
-8.611736417321200765e-01
-8.453579349436290968e-02
1.000000000000000000e+00
4.345135765783424975e-01
-1.000000000000000000e+00
-6.317096389542669055e-01
1.174661672686139191e-02
-2.429056078335625202e-01
2.203131054569174019e-02
-1.000000000000000000e+00
-1.000000000000000000e+00
-9.515921296456679723e-01
-4.616573118231315220e-01
4.643149673275082101e-02
-5.280897236504524805e-01
6.839713819863956212e-01
1.986768357632104909e-01
2.242548555415664335e-01
1.915724803307213842e-01
4.726040961788761929e-02
5.395466536327508944e-01
1.689225416833358140e-01
-2.942969288008288054e-01
2.116195599930082161e-01
1.000000000000000000e+00
-2.135693429229053031e-01
-7.241638778208281391e-01
5.916172359780857981e-02
1.187137238496160929e-02
1.988763845128052044e-01
3.163047631410553784e-01
-7.257621076841328511e-01
-6.928532762876088436e-02
8.692978916826665792e-01
-7.763919750703657252e-01
8.894223914232092243e-01
-1.000000000000000000e+00
-5.043736043683324510e-01
-2.258625129610672411e-01
6.157075043137677506e-02
-1.028954609492573891e-01
1.998199510803039258e-01
-4.051186078297634441e-01
-6.688507154515230813e-01
4.003831617411015564e-01
-1.370479092991732928e-01
-1.000000000000000000e+00
-2.206070705383919028e-01
-4.903699475156346743e-01
4.112664723511603726e-01
-4.907753824825445421e-01
-4.460468563423866106e-01
-3.601350192915223070e-01
-1.864125181424018396e-01
2.382978048175852237e-01
2.706137589037146962e-01
-1.000000000000000000e+00
-1.000000000000000000e+00
5.076843826728504316e-01
1.000000000000000000e+00
-4.295059573238821926e-01
-6.181651687112994509e-01
5.469261678181958075e-01
4.777049642294092791e-01
-1.000000000000000000e+00
-2.742610151430679988e-01
9.343627314260082306e-01
-5.516415777947735188e-01
6.814797587791157074e-01
3.301298610685277080e-01
-1.000000000000000000e+00
3.815707535160520192e-02
-5.353515348454160883e-01
3.268821265151446998e-01
-4.056777887510464309e-01
2.235086255103930220e-01
