-9.219628528558126979e-02
1.000000000000000000e+00
-3.064155994477920641e-01
8.911061453143134248e-01
3.442286946678342341e-01
-5.987209737908678608e-01
7.229193329838574655e-01
6.599222895025163016e-01
-1.000000000000000000e+00
6.982405752545666200e-01
7.524046647774230712e-01
4.760485079218621518e-01
-2.059639725042066161e-01
5.943827593108057528e-01
-8.189030574772826476e-01
1.000000000000000000e+00
-8.445235792263749985e-01
1.000000000000000000e+00
8.781433993444021091e-01
4.922138254556207015e-01
-8.013468570752747544e-01
8.240832451805624181e-03
7.164880652231304659e-01
2.093100868661598446e-01
2.253118612695733936e-01
-2.201164777824742291e-01
2.501685367758484380e-01
3.001149760801993249e-01
-5.106778236979767627e-01
-3.974757335832896921e-01
3.757780936773801872e-01
-1.000000000000000000e+00
-6.336537762530474183e-01
6.532610382521697456e-01
-5.665837326202738389e-02
-1.000000000000000000e+00
4.041458040140381014e-01
8.993768739118652711e-01
-8.804614062829049237e-01
-1.000000000000000000e+00
1.234831573415315908e-01
8.899245678585392394e-01
-6.741131587263257119e-01
4.230385840800254815e-02
-9.754110969723837066e-01
9.230081463844699852e-03
-4.637282897571362028e-01
4.452394433729476297e-01
-5.547914010892815995e-01
2.601150028657081004e-01
-1.000000000000000000e+00
6.835217279076712948e-01
6.341805670235176051e-02
-4.809573058865839745e-01
-6.661839771038845504e-01
7.438169442544806387e-01
2.046998761996485783e-01
-3.582046682182550290e-01
-3.902618761890969679e-01
-5.609222412878080988e-01
-3.041383506740877873e-01
3.948949011111412277e-01
-3.407116356461760698e-01
-9.913860199383838223e-01
-3.146466109157631807e-01
-2.340262392592119267e-01
6.907433607189310543e-01
4.728849647948649704e-01
8.224353186186482700e-01
5.989448597496463966e-01
-7.620322372523511412e-01
-1.000000000000000000e+00
9.087682782759495259e-01
-1.000000000000000000e+00
2.034154299836981594e-01
-2.965386089456775731e-01
-4.280614056177974858e-01
-5.693109199781423158e-01
-2.930746308811886802e-01
-9.657894288080309808e-02
8.143911941198853643e-01
-1.000000000000000000e+00
1.000000000000000000e+00
6.188182732074234416e-01
-4.729691453915339516e-01
1.000000000000000000e+00
-1.000000000000000000e+00
7.505248122698404689e-01
1.000000000000000000e+00
5.595327170810298067e-01
2.987866805503013312e-01
-1.000000000000000000e+00
-4.393218716708964244e-01
-1.000000000000000000e+00
6.930622663146163154e-01
-9.382467761752580904e-01
6.890413390939074123e-01
6.202035394924034772e-01
-2.026756641679525739e-01
-7.078614097109422465e-01
5.048683795771503613e-01
-1.000000000000000000e+00
-1.000000000000000000e+00
8.531028054111464698e-01
4.116640709597177983e-01
4.737240311336012866e-01
1.000000000000000000e+00
6.847131663402663548e-01
-9.296432849656626196e-01
4.956737346213703765e-01
-3.026284048941495497e-01
-1.363979847717215199e-01
1.000000000000000000e+00
-5.098360215000128370e-01
2.193549755907382715e-01
1.619510930590660758e-01
4.878767720605439728e-01
-3.867118144662995416e-02
4.013399261628610160e-01
3.227275154245816680e-01
-1.985827595144645796e-01
4.769693950286570394e-01
6.801211530660216109e-01
-1.195814207532880924e-01
6.559094366381944541e-01
-5.848149350139035807e-01
1.000000000000000000e+00
6.755243539943298625e-01
-1.699410384034964749e-01
-8.155688807106433735e-01
7.342582216642775661e-01
-1.000000000000000000e+00
6.605220708448776845e-01
1.000000000000000000e+00
2.982379355958919565e-02
-2.523043337388179430e-01
1.000000000000000000e+00
2.955764971673400243e-01
7.457719045789671375e-01
7.596156623676808550e-01
7.083985763512804512e-01
-5.474564378881680016e-01
5.121230914411240009e-01
4.932545068713440894e-01
1.000000000000000000e+00
2.926562888366424642e-01
-3.067711884974930192e-02
-1.000000000000000000e+00
-5.445891255798449571e-01
-4.825461157110506605e-01
1.000000000000000000e+00
-3.901368411718370011e-01
-2.602688714570240425e-01
5.924036971070031354e-01
-6.422021984373743608e-01
-8.976023845064078355e-01
-5.015801682620724122e-03
4.232609076259471470e-01
1.000000000000000000e+00
7.949266754373565114e-01
7.501764732381516199e-01
1.592009111413266176e-01
1.823004408585473524e-01
1.370660737176493393e-02
-5.164036731595832430e-01
-1.000000000000000000e+00
-3.458380560308059737e-01
-1.000000000000000000e+00
-1.000000000000000000e+00
1.000000000000000000e+00
-8.530304080370136877e-01
1.000000000000000000e+00
3.251921917256129779e-01
-1.000000000000000000e+00
9.270547185416093683e-01
-3.745337580031787850e-01
9.893133699618175125e-01
1.000000000000000000e+00
-5.470345173651824933e-01
-6.260746116173514508e-01
4.792232015509394483e-01
5.146764591534218614e-01
-7.930544296803950788e-01
3.114314923004452007e-01
-1.000000000000000000e+00
1.000000000000000000e+00
-2.287751986035418406e-01
4.869565484031787017e-01
-1.364442515503744568e-01
-1.000000000000000000e+00
-8.592889594174706325e-01
3.779793855671337299e-01
-6.782371215928257868e-01
-5.666545476514984747e-01
-8.324769049158541045e-03
-9.301857882247308584e-01
5.321835635292930800e-01
5.716573233896429240e-01
-2.011729320196027904e-01
-6.942215579183121932e-01
1.888276647611564218e-01
1.000000000000000000e+00
9.582751213530305012e-03
-8.546333275436183985e-02
-1.509516917305175898e-01
1.000000000000000000e+00
5.230806147708619847e-01
6.341137370442258003e-01
-7.629223116558661033e-01
7.898941153902332424e-01
-6.028389720304994093e-01
-7.360243841149322064e-02
-8.077640444073522774e-01
4.723593989104210578e-01
1.000000000000000000e+00
7.951932512088231153e-01
-4.740262279209711549e-01
1.255321059223331037e-01
6.700636486540535453e-01
7.507967011348714026e-01
-1.153812191103685825e-01
1.000000000000000000e+00
8.965937636586818194e-02
1.000000000000000000e+00
-8.404072037519096927e-01
1.000000000000000000e+00
-5.419799529034544650e-01
-8.950337743237152255e-01
2.440294373330245126e-01
3.063036176354556606e-01
-6.916097013712109165e-01
3.872961590906803808e-03
2.541436098672275601e-01
5.204700833929742920e-01
-4.396553403684468897e-01
-5.705814297130815671e-01
4.050596198096420575e-01
-9.575779550501890558e-01
-6.028022511944445272e-01
-1.000000000000000000e+00
-9.892113432818927521e-01
-1.335414854280184693e-01
1.000000000000000000e+00
-2.386733859586864792e-01
1.820597863183642806e-02
-9.753529079244263045e-01
-4.975175432722080959e-01
7.116276069689942974e-01
1.000000000000000000e+00
-2.850989302839509465e-01
-1.000000000000000000e+00
-1.433433680882735262e-01
7.357429886739614844e-01
6.189628734106169539e-01
-3.310686550686168239e-01
-8.039136638103582255e-01
1.000000000000000000e+00
-2.211898629645267511e-01
-9.418219776272555022e-01
1.465212683524367288e-01
-1.000000000000000000e+00
-6.250452179838945632e-01
8.875270994839572214e-02
1.000000000000000000e+00
1.082121598373716742e-01
