5.486649636331472069e-01
6.970872033003369106e-01
4.222929888112658681e-02
-3.074976964326538997e-01
1.000000000000000000e+00
1.000000000000000000e+00
-3.998977458134048701e-01
8.392266364671000511e-01
1.000000000000000000e+00
1.371127956162243033e-01
6.322701746211493168e-01
-1.026019512489173557e-01
-2.735777781024853472e-02
1.000000000000000000e+00
-8.891489640027090413e-01
1.000000000000000000e+00
1.000000000000000000e+00
1.000000000000000000e+00
-6.547078594606599022e-01
-1.000000000000000000e+00
-1.000000000000000000e+00
2.527338230254823070e-01
4.832171706732752980e-01
-2.723095359565033124e-01
-1.000000000000000000e+00
-1.000000000000000000e+00
1.000000000000000000e+00
-5.899368576139513154e-01
-7.767196379254329708e-01
3.298916832176248537e-01
-7.491632605945797163e-02
-1.000000000000000000e+00
-1.000000000000000000e+00
-3.817165158298889693e-01
6.177741917478747347e-01
5.774410019159557095e-01
-1.049844230525505684e-01
7.109284421690674760e-01
-1.000000000000000000e+00
-8.354593170003492553e-01
4.147091950998924581e-01
-1.000000000000000000e+00
-2.227000763188433652e-01
1.000000000000000000e+00
-6.445666446221404167e-01
1.740742319212734146e-01
-1.855949362522430202e-01
1.000000000000000000e+00
4.149744425369009670e-01
4.447064665529696925e-01
-1.000000000000000000e+00
2.616521446849591204e-01
-1.000000000000000000e+00
8.013650240958911652e-01
2.827462391879600467e-01
1.000000000000000000e+00
-5.270559757052704075e-01
-4.306982501964304322e-01
1.000000000000000000e+00
7.719587769647096032e-02
1.000000000000000000e+00
-5.945700033149747821e-01
7.703417737216514682e-01
4.748945160284624434e-01
1.000000000000000000e+00
1.000000000000000000e+00
-1.000000000000000000e+00
-8.099752644527056233e-01
4.264570034335779525e-02
4.400034222904891656e-02
1.000000000000000000e+00
1.000000000000000000e+00
-8.431184352634847334e-01
1.000000000000000000e+00
-6.605519282674063852e-01
1.000000000000000000e+00
-1.000000000000000000e+00
-8.965204291112091051e-01
1.000000000000000000e+00
1.118094617376564209e-01
-9.734188028994761321e-01
2.826665982895137930e-02
2.704223380159579970e-01
8.677342991765547575e-01
7.231666914159075032e-01
2.736065054410472541e-01
9.838001941397249706e-01
9.977173136132964082e-01
-1.000000000000000000e+00
-9.971111956825478018e-01
6.646056857420852282e-01
1.000000000000000000e+00
2.820425750444781055e-01
4.817988059221111063e-01
6.716864383189431464e-01
-1.000000000000000000e+00
-9.597565260356228922e-01
-1.000000000000000000e+00
-9.584285093761705232e-01
-5.680000000000000604e-01
1.000000000000000000e+00
-5.772406314956073370e-01
2.696021069818143601e-01
-1.000000000000000000e+00
-1.000000000000000000e+00
6.948147866785459037e-01
8.325637879544441899e-01
-1.019093953823889676e-01
1.000000000000000000e+00
7.658972343150404205e-01
5.067275477916625137e-01
1.000000000000000000e+00
1.000000000000000000e+00
9.533367391976574345e-02
1.000000000000000000e+00
-1.485133859109661059e-01
1.000000000000000000e+00
1.791762035571472789e-01
1.000000000000000000e+00
-1.000000000000000000e+00
9.462749121385616302e-03
1.619079756973945128e-01
3.846235785889369763e-01
-7.824631349787657397e-01
-7.876414484270367611e-01
1.000000000000000000e+00
-1.000000000000000000e+00
6.028875253434279324e-01
7.205295828401176994e-01
-9.965525214293593503e-01
-1.000000000000000000e+00
3.929547448195167547e-01
-1.000000000000000000e+00
-6.258709225210745686e-02
-1.000000000000000000e+00
-1.253309499448262976e-02
-1.000000000000000000e+00
-4.389396448951626839e-01
1.000000000000000000e+00
-1.000000000000000000e+00
-1.000000000000000000e+00
1.000000000000000000e+00
1.000000000000000000e+00
1.000000000000000000e+00
1.000000000000000000e+00
-8.131981274979908081e-01
1.000000000000000000e+00
1.000000000000000000e+00
4.724195047092403232e-01
-2.812379916912364775e-01
9.035983454015272809e-01
-1.000000000000000000e+00
4.165303263066610362e-01
-1.000000000000000000e+00
3.278205840986275210e-01
-9.472953611389399731e-01
1.000000000000000000e+00
8.253679568606820949e-01
-1.053272915619717920e-01
8.049008904245212870e-01
-5.388269420511635488e-01
-2.337219885477392900e-02
5.694005547072346074e-01
1.892376550217704789e-01
4.975928987272627002e-01
7.356266816188837820e-01
1.000000000000000000e+00
9.412178380025750801e-01
-1.000000000000000000e+00
-4.771850923791669530e-01
-4.707804918412588080e-01
-1.000000000000000000e+00
-1.000000000000000000e+00
-3.640258588340431478e-01
-1.000000000000000000e+00
-2.605162945146103359e-01
-7.473606463396158528e-01
4.793158630363616446e-01
-1.000000000000000000e+00
1.211002311140928350e-01
-2.771467302816901235e-01
9.547965674450582529e-01
-2.019349131809213549e-01
-9.992277656929934304e-01
-1.000000000000000000e+00
-9.852314051490137503e-01
9.683862772707145794e-01
-9.883013525104455965e-01
3.630871696144014615e-01
-1.000000000000000000e+00
1.916954638270281230e-01
-4.190209635755183237e-01
3.260036549284135443e-01
7.297577035200693008e-01
-1.000000000000000000e+00
4.151480956188791649e-01
-1.630219977625432526e-01
-1.000000000000000000e+00
6.979639749748010047e-01
-6.959404753022921386e-02
-1.000000000000000000e+00
8.130766581887212130e-01
-2.493005469751201630e-01
-1.000000000000000000e+00
-9.209818002357710309e-01
-1.000000000000000000e+00
3.241156070048480387e-01
-1.000000000000000000e+00
3.541361428120993748e-01
-5.108435762633517507e-01
-1.000000000000000000e+00
-1.000000000000000000e+00
-8.082631136935437555e-01
-1.000000000000000000e+00
-2.794212619298004352e-01
-6.392204030213957111e-01
4.138863644712059697e-01
2.568928365085092480e-01
9.657841759736677245e-01
1.000000000000000000e+00
3.862050467590001368e-01
-1.000000000000000000e+00
8.325210280274258912e-01
3.516126572846406395e-01
-6.646285502660809197e-01
1.011280501778679675e-01
-2.234698871726785996e-01
1.000000000000000000e+00
5.195795856991328732e-01
-1.000000000000000000e+00
8.282517074180496541e-01
-5.391220796812006277e-01
8.787010520275841952e-01
-1.000000000000000000e+00
1.000000000000000000e+00
2.932955629964918431e-01
6.854556589884570617e-01
8.502344297719252042e-01
-3.448262700792687485e-01
7.456871629790501332e-01
1.000000000000000000e+00
1.000000000000000000e+00
-3.208486407678544095e-01
9.442768560417449386e-01
-2.525143068629819298e-01
-4.019570513012714064e-01
-5.357730180647208851e-01
1.188323787087731398e-01
1.000000000000000000e+00
7.114035303785837261e-02
-4.360810363726438932e-01
8.589624265914357348e-01
-6.568175302931704707e-01
7.939039109665584348e-01
8.820445028667747156e-01
-1.000000000000000000e+00
-5.571615487994647786e-01
-7.956738016212483444e-01
1.000000000000000000e+00
-1.000000000000000000e+00
-1.000000000000000000e+00
-1.000000000000000000e+00
-5.924048146530962455e-01
1.000000000000000000e+00
-1.000000000000000000e+00
