-6.670356624316244876e-01
-4.325703656544445108e-01
1.000000000000000000e+00
5.264380168163851348e-01
6.029837033258096390e-01
-1.000000000000000000e+00
5.900064645196385626e-01
-4.244693651699542603e-01
4.765401261750110695e-01
3.227072862290961686e-01
-7.424896652224086679e-01
-3.910021081804387899e-01
4.883207883213577238e-01
-7.282381576888580232e-01
8.417149057804884649e-02
3.972922155256249921e-01
-8.044498326841758029e-01
9.145035042966149774e-01
-9.832556537266048391e-01
4.760001886802065485e-01
-8.930788095586323916e-01
-6.760338805339028978e-01
8.732500819637658562e-01
4.608480853936720023e-01
-8.683814056134254722e-01
-9.420780441783410675e-01
-5.615014597323013668e-01
-8.543975463707189633e-01
-1.593068027948059129e-01
1.000000000000000000e+00
-3.247949767341304916e-01
-2.253355593645786081e-01
7.790634775211476848e-01
-1.510165956724607295e-01
-2.337365300995275508e-01
4.004231460751903615e-01
1.075210003473058840e-01
-7.276144420761190279e-01
-5.109848988898157973e-01
7.225088428339995206e-01
1.000000000000000000e+00
-5.880378660430478632e-01
-7.852768487530070729e-02
7.107010670760267601e-01
7.463668141930726030e-01
-1.000000000000000000e+00
3.623273824710694369e-01
-3.998129468853528490e-01
8.138042295088265821e-01
-6.838454125697108754e-01
9.434963534389915196e-01
-2.745531632645071274e-01
5.409199280353418349e-01
-8.225364567524118264e-01
-6.125611971391136112e-01
8.126912497201760344e-01
-4.502733422854095502e-01
-3.265434421005969368e-01
6.180540396963307703e-01
-4.400586582584845585e-01
3.306357078227215585e-01
3.600018430330805819e-01
8.367110620944080424e-01
1.575324558079499448e-02
5.417124855666224370e-01
-6.800687333663824052e-01
-4.030305414900370309e-02
7.473533985981253291e-01
-1.861145006860015216e-01
8.222595818294344827e-01
1.469366070150829595e-01
-1.000000000000000000e+00
-4.796064225120452162e-01
-9.013221947369136622e-01
8.613276195172647753e-01
5.363822488109555309e-01
-2.418607260506013823e-01
-6.111413979063359259e-01
6.687394152051308049e-01
6.700544434402344596e-01
-8.695308372991745749e-01
-4.369022884705524024e-01
1.752519324110077825e-01
-1.684388765405689659e-01
-4.869591734897650848e-01
9.139259678805987386e-02
7.388503057340445324e-02
-7.998597074503592808e-01
-5.490002595941035901e-01
-6.786782818740368928e-01
1.353386260238981231e-01
-1.000000000000000000e+00
-7.121927560326581919e-01
-3.766602234115395964e-01
-5.324127782336203207e-01
4.321162773355828879e-01
9.314790763702422982e-01
6.034527814087216058e-01
-1.000000000000000000e+00
1.309506996167004722e-01
3.527976652336248242e-02
1.581278372351915262e-01
-9.189983658647019049e-02
-1.000000000000000000e+00
7.867537460996967269e-01
5.795652665759143396e-01
-6.542330875625776976e-01
9.419143131560856474e-01
-3.668855861339916924e-01
1.031722635523690812e-02
-5.307202255246130651e-01
7.960899547612902971e-01
9.439895512480085404e-01
4.304330400718847094e-01
1.000000000000000000e+00
2.914189623670999651e-01
6.205117931943051612e-01
1.000000000000000000e+00
8.431052639215036448e-01
5.323750250672336648e-01
2.615042219249732458e-01
1.951248735294082159e-01
3.218868390669919477e-01
2.693078728049356219e-01
-2.304490716080696000e-01
6.502240996840437104e-01
-3.259210286308343307e-01
7.000144661513718614e-02
-4.501823362702773168e-01
3.124307139921094212e-01
-7.662074598557573335e-01
-1.000000000000000000e+00
2.201192905531210164e-01
2.663545648320291837e-01
-2.985020932064039179e-01
-5.637696604769727449e-01
-3.493096844450700456e-01
-4.987083686802849525e-01
-4.908476219781663374e-01
-3.451567955009560151e-04
-4.612912376242221391e-01
6.405280713107219803e-01
8.234681201397728856e-01
-5.135057639508028293e-01
1.206127908636989154e-02
-1.122741319069293642e-01
-6.947780203750337780e-01
1.000000000000000000e+00
-1.000000000000000000e+00
4.359079056435684052e-01
1.000000000000000000e+00
1.642195693162879500e-01
-9.429922567198065764e-01
-2.266547272333858110e-01
8.409713594172337769e-01
-3.451994843478785047e-01
-8.309880628723540497e-01
-9.424542926034287227e-01
3.674935180495110254e-01
6.971014178512466852e-01
-9.167058186048644419e-01
-7.205783102650431537e-01
3.806944377463439277e-01
-1.627162551710494842e-01
-8.173899596093057163e-01
7.550573118226160396e-01
1.916088590630308230e-01
4.569946791457494273e-01
-6.847309034817933293e-02
-5.472474520767204309e-01
3.261506278898440581e-02
-3.096748369381144839e-01
-6.459635044576861329e-02
9.260151949180469577e-01
-2.234375120938040804e-01
8.772981890990783072e-01
9.695310025137825471e-01
-9.179485459321723440e-02
2.203443304738795239e-01
-2.009668590975050573e-01
1.721527707072918745e-02
6.354849151386299244e-01
7.836958487392466921e-01
4.982455112107420092e-01
-3.435907986610023945e-01
2.616943023660722734e-03
6.347328869471799973e-01
3.881509100391337674e-01
2.994319840753223438e-01
-6.965748097876417466e-01
3.822457166588666411e-02
-7.798328607239911614e-01
-1.000000000000000000e+00
1.000000000000000000e+00
-4.289625997787268608e-01
-8.918769441046909829e-01
1.470240273493518268e-01
-7.234278916848826402e-01
-1.000000000000000000e+00
6.896523242081804561e-01
4.235351421760590318e-01
-7.565677958301595396e-01
-6.573102689548483424e-01
-8.989335085336620512e-01
5.661398997708457781e-01
3.353958787624274906e-01
7.786776297330099128e-01
-3.823810819534166350e-01
-5.359219518126723258e-01
-5.089495029170321150e-01
-7.295910889846095315e-02
-8.743909696270883991e-01
2.004008181629859386e-01
-7.128519834815485456e-01
5.143665367513550191e-01
4.255162735545443553e-01
1.000000000000000000e+00
3.404976043938213737e-01
-8.785317558258376458e-02
3.790564219731260565e-01
8.489174138243300582e-01
1.736519033197349571e-01
-3.352900950634305488e-01
-5.826854950089224716e-02
3.839120994825839794e-01
-3.269517158600632190e-01
-2.621969893644519600e-01
1.000000000000000000e+00
4.881826435800670216e-01
-8.490703052713658439e-01
-9.939687307737461452e-01
1.056383573829660083e-01
6.658390823960815830e-01
4.874445555549957732e-01
-6.631045348613402446e-01
8.899103654163411647e-01
-3.616391971977556130e-01
3.218682351796527397e-01
-4.963496277827300629e-01
7.888953373292506566e-01
-3.357519284961700823e-01
1.604135475270797306e-01
-8.850094234422863082e-02
-1.000000000000000000e+00
-1.000000000000000000e+00
5.943361361743273452e-01
3.877196197280293188e-01
-8.052582985633824908e-01
3.101517863757085047e-01
-2.600061542565239581e-01
8.076076324545813367e-01
4.174722411868725391e-01
1.810684605053898277e-01
1.978874057573718481e-01
1.000000000000000000e+00
1.403651990996853949e-01
2.757696387830783635e-01
-5.941509756233942507e-02
8.751953300152202075e-01
-7.700344642491629976e-01
-9.452286758570203062e-01
1.000000000000000000e+00
-3.291045089704004445e-01
1.000000000000000000e+00
2.581927073317817900e-01
