6.935995305882862727e-01
3.110129452613780709e-01
-2.529462957708729087e-01
3.234994536407409527e-02
1.081174327236694155e-01
-1.366837611571528610e-01
-4.047158847181320240e-01
8.929675603178370835e-01
-3.902417796060925204e-02
-3.784555249335957994e-01
3.936429366125715479e-01
3.607170405787538114e-02
-2.080034813926819048e-01
3.050162127729818540e-01
-6.458836124840357240e-02
-2.676911610790475016e-01
4.285177196158915236e-01
-4.229571962895098958e-01
-4.547367935713581000e-01
3.016423289755920667e-01
2.074189648427944288e-01
2.150446935120647329e-01
1.404821278071687884e-01
-3.711452139149379881e-01
3.846126090878549952e-01
-4.930519875049784173e-01
3.337723665450583188e-01
2.991130800571732973e-01
-2.816632484911561485e-01
6.138483904606062413e-02
-5.203574125657401961e-01
-3.227489709450621636e-01
2.026736913951561192e-01
4.606440641763498434e-02
-5.401578723622759703e-01
1.422733831583756214e-01
-6.641309480687582756e-01
-1.567996569735274903e-03
-3.408463958626672397e-01
2.168492126127150588e-01
1.499650359356805851e-01
1.462795024124804999e-01
-3.654907628418438414e-01
8.743428879491851879e-03
-3.426750817370607938e-01
6.712602096460901224e-02
4.352429555821204499e-01
3.208785191078393773e-01
-4.339220760870198257e-01
-4.398898956128314275e-01
-3.124646806082502781e-01
-3.588332717980529107e-01
-3.448151206638532251e-01
-2.930694736767196495e-01
-1.469143047600446339e-01
-5.476549991973935771e-01
2.534212172555235787e-01
-1.891304636938863637e-01
1.751045480346991312e-01
2.191255215675047829e-01
1.927524212752902422e-01
-4.671523080880692902e-01
5.166542346786753281e-01
-1.594335907256670681e-01
-4.370365753696109357e-02
2.846553701990036100e-01
1.981887082512759080e-01
1.243224802679281649e-01
-9.018003971081092751e-02
-2.500070905961269685e-01
-2.068949587582167293e-01
-4.016736437913184243e-01
-1.406393003557687982e-01
-1.034527589008521486e-01
-8.424333617588619649e-01
-3.448234896575005926e-02
-5.715215362814123068e-02
-5.468527811200957212e-01
-3.710709021131063379e-01
-4.516353050579532402e-01
4.188192077487995491e-01
2.900213023898727260e-01
2.663585277882241087e-01
-3.789947533469897323e-01
4.409702029120443623e-03
-1.820685551744012920e-01
4.792831459002675487e-01
6.156146666888859809e-01
1.673793540795214252e-01
1.605109973239768340e-02
-1.319880208230259644e-01
2.367386987195150283e-01
8.126726825508356900e-02
-2.306359395823241176e-01
4.619580304561601292e-01
-3.302447772622452704e-01
-1.158514961270057930e-01
-1.748441345914421852e-01
5.565559627836587087e-01
-2.199256081207000280e-01
2.886599588456717491e-02
2.855909581864668478e-01
-3.921172566823638572e-01
-4.066405026481759166e-02
-4.234196620135768363e-01
1.537738754748534387e-01
-2.896249256617262624e-01
-1.318627565052681305e-01
-4.885262957290891772e-01
1.668303592444402295e-01
-4.578513226528091451e-02
-2.765032209195540380e-01
5.649879540664191069e-01
-1.451539096344158231e-01
-4.031511971630351576e-01
3.555814284700140049e-01
2.492157843253917648e-01
-6.826877452726474171e-01
-1.777103218834760190e-01
-2.349834523989050017e-02
1.663782248417996490e-01
-2.152767105102821321e-01
-4.406913317481853110e-01
-6.934693193363178354e-02
4.008845981034200312e-01
-2.554633667545816444e-01
8.423904228984806508e-01
-4.685178410254752790e-01
4.676945099952608542e-01
1.064309841412292706e-01
1.500932814115708003e-01
-2.288154099687146337e-01
7.486194920917071949e-02
4.252526730129730370e-01
6.190340689605724478e-01
-8.182001016848147734e-02
1.414162054111816336e-01
-3.708319383601826197e-02
2.525918586091935869e-01
9.060727109937519175e-02
1.439761085320792888e-01
1.815550083167032369e-01
1.960515048921767367e-01
2.342391327307889182e-01
-3.194825252253534476e-02
1.155889824605122462e-01
1.137160050600760641e-02
-2.556623741369523084e-01
3.332491660294726321e-01
1.376099635243659414e-01
3.114560076688308032e-01
3.334837811370561234e-01
8.598352899953590200e-02
-3.020874477347488263e-01
-3.171863049651918454e-01
-3.755631168186193691e-01
-3.860686537862658696e-01
-5.934646629043457966e-02
9.640818489273861314e-02
-7.377525603604031534e-01
2.506175658560602093e-01
5.130180943519663250e-03
-3.131871427533832186e-01
2.735866228342698769e-01
-9.355886300998759175e-01
1.540649883195516767e-01
4.985856239213672936e-01
-4.781580198006291083e-01
-2.496733967003380295e-01
7.259470144858387597e-02
-6.834136089314237772e-01
-1.917526791823175869e-01
3.367329343483260184e-01
-3.080909384187913713e-01
2.506641704269038096e-01
-6.350223205689642381e-01
-2.376492546454258836e-01
-3.607170811644833108e-02
-3.719705300298382644e-01
-1.310224224210603666e-02
-1.103397625063333165e-01
1.481072220416307372e-02
2.519549268969982769e-01
4.228332221070501551e-01
2.888174430131332793e-01
-6.392004035408961338e-01
-2.235928178755824114e-01
-4.763620917988433123e-01
2.595539927103385214e-01
1.070422833538269558e-01
1.376369267490701875e-01
-1.977411138873568786e-01
-1.074657939085297276e-01
-2.117122210281493500e-01
2.853883715728518511e-01
3.163001039394281455e-01
-5.946134701203210637e-01
7.016522584299189624e-02
-1.156986909258535812e-01
-3.484850462641967961e-01
-6.170957657332526436e-02
3.379186081575196732e-01
2.753884006821178398e-01
-1.292661396829717924e-01
-1.388227857652233055e-01
-5.813560699853546065e-01
4.939621188148142217e-01
5.742740270655843915e-02
4.112021931359477467e-02
1.005824462244318263e-01
1.947459368503935973e-01
1.351090668125589644e-01
2.498453188054837182e-01
1.789370174881289854e-01
-3.998609733761154805e-02
-1.792307227344653864e-01
5.065697050047985872e-01
-3.097249509511512122e-01
5.576444960189459454e-01
-9.572018092545543644e-02
-1.323892729258311363e-01
5.193931533258253630e-01
3.137437986016069491e-01
2.597547421965759606e-01
-1.824645670933555675e-02
-3.356702798079164718e-01
2.185257784677090975e-01
5.260111563105495519e-02
3.608887633740832102e-01
-5.627258988528773820e-01
-5.074130873967219735e-01
-2.848575359671889351e-01
3.012798746159949248e-01
2.327110017506583972e-02
-4.825062575312022428e-01
8.753947028017941001e-01
-1.149989914460913948e-01
9.173683841135231720e-01
-1.022391575056685875e-02
4.298021335787384212e-01
5.493607426771026647e-01
-3.460692474013012943e-01
-2.014306070779574576e-01
-2.201958082664012828e-01
-1.199361654247274034e-01
-3.265834002409312431e-01
4.213938209038450289e-01
4.039316054084646224e-02
-8.572240112560458591e-02
3.303367051027344958e-01
5.153188563286098534e-01
7.194324243621275095e-02
1.464777358115191275e-01
2.645624531822938774e-01
2.408661754300189806e-01
4.502975942786238694e-02
3.843484902887978061e-01
5.941764028882359217e-01
1.053982349287719833e-01
-3.063933014933957477e-02
-2.754303088512402575e-01
-2.633676112149405668e-01
1.063099716594155808e-01
2.263634817550047584e-01
-2.637085506590963746e-01
