-1.000000000000000000e+00
-7.531611318111304243e-01
1.000000000000000000e+00
1.000000000000000000e+00
-3.045563445034010774e-01
4.606788575894820159e-01
-4.270018985069851114e-01
-6.837991977073643035e-01
-1.000000000000000000e+00
-1.000000000000000000e+00
-1.147464434303955005e-01
-3.995589260734649928e-01
-2.955008156552060283e-01
-5.350238895357188884e-01
4.811596448200792242e-01
-7.017854362162978532e-02
-5.212002768751472503e-01
-3.121779371161905736e-01
5.593072861382206717e-01
9.397980798763380106e-01
-7.444652763084491642e-01
2.113104320523455648e-01
-9.930739034724161973e-01
-4.133845895442419538e-01
-3.632287613708561902e-01
-4.993921759172897934e-01
-1.000000000000000000e+00
-9.963987439186088313e-01
-4.028694621003720000e-01
1.344878057707511176e-01
-4.935208233378279297e-01
-1.668180926368457162e-01
8.311889335852662430e-01
1.717642228140014160e-01
-3.376511979323471024e-02
5.592738251673579075e-01
-1.585330252399761997e-01
6.297835402426960050e-01
1.917831079077138012e-01
4.610399907426683264e-01
7.267121237357645480e-01
-1.000000000000000000e+00
1.000000000000000000e+00
-7.682547629035798575e-01
7.143419834080301234e-01
-6.032573078552592172e-01
-9.712686533824975710e-01
-1.559855723553106310e-01
-1.249820600058254572e-01
7.242033010144582894e-01
-9.906993187617084695e-01
-1.000000000000000000e+00
-1.503769805738751908e-01
-5.971258494750013579e-01
7.147505661760307216e-01
1.000000000000000000e+00
6.581969385531625250e-01
-1.638123395055779974e-01
-9.428543459893826695e-01
-8.103282991210492003e-01
6.842583232908864277e-01
-6.238808531652915157e-01
-1.997277929365371962e-01
3.754551830172658811e-02
5.969675448468606538e-01
1.094977863263289497e-01
-3.735632907994027030e-01
-2.223477346502835683e-01
3.075999392969579471e-01
4.640293053984158589e-01
-6.951492988135415940e-01
1.000000000000000000e+00
-6.350543173432060540e-01
4.806717034704692249e-01
8.477450371705633758e-01
-1.000000000000000000e+00
4.229964539887504094e-01
9.851046497497476517e-01
1.080425195805277960e-01
-3.597726332483055511e-01
1.968884655461371480e-01
-9.165666646292439657e-01
2.584361061474276799e-01
1.000000000000000000e+00
9.378633536614954247e-01
1.052117499531839695e-01
4.228201467464672847e-01
-7.049012280763176097e-01
-4.080220483096366202e-01
-1.000000000000000000e+00
3.934775786479619009e-01
1.000000000000000000e+00
-3.601481370991638786e-01
-5.217154335680151966e-01
-1.000000000000000000e+00
3.587913408279135297e-01
-9.315740978425599561e-01
-4.871605620613062015e-02
-1.000000000000000000e+00
2.357534994503086567e-01
1.586576576356892865e-01
9.381173371464511801e-01
-1.000000000000000000e+00
3.069166973457114825e-02
-2.739641116583072522e-01
-5.007003850648510390e-01
-9.834112307054274082e-02
-3.470774089276354446e-02
-3.222965819584107661e-01
4.351232387457617534e-01
3.553145629758183155e-01
-1.000000000000000000e+00
7.912189776354024984e-01
5.348044735836259278e-01
-3.373363791160456926e-01
-1.000000000000000000e+00
9.279962789709050863e-01
9.318010154486522367e-01
-7.606599993042917340e-03
-1.000000000000000000e+00
7.422114239172029615e-01
-8.408765141200066351e-01
-8.394187839204937385e-01
1.000000000000000000e+00
-1.000000000000000000e+00
2.804960676034964351e-01
-1.078289510363703019e-01
-3.846340788026077484e-01
-5.744206321195277631e-02
6.260619382922228970e-01
5.863656068849936176e-01
-2.491173510226432630e-02
9.299716414565426525e-01
-8.427965108628571178e-01
9.481669725241493873e-01
-1.000000000000000000e+00
-3.673516785565841269e-01
-1.000000000000000000e+00
1.000000000000000000e+00
-1.166015215805523697e-01
7.546208721294515032e-01
1.000000000000000000e+00
1.000000000000000000e+00
4.017625834995326994e-01
-7.315450814185308070e-01
-2.661047611061001517e-01
4.497370537635673182e-01
1.000000000000000000e+00
6.280577361493548949e-01
6.576317118806842554e-01
9.115281402894155338e-01
3.999444488914617457e-01
9.767992436550828605e-01
1.934304956043480517e-01
-3.419381109224390869e-01
1.000000000000000000e+00
-7.783181290489707971e-01
9.413159605942276187e-01
2.472187045813424300e-01
-1.000000000000000000e+00
-3.243018761285688667e-01
-4.665894997842912617e-01
8.594826868539079401e-01
2.484850010841108126e-01
-1.494177032665924276e-01
7.203383052356835403e-01
5.407397159849851587e-01
-1.000000000000000000e+00
8.103413044062679482e-02
-8.889293442250582045e-01
-5.748086188765493265e-01
-1.077238262215960279e-01
-1.000000000000000000e+00
-1.000000000000000000e+00
7.988400343264789871e-01
-1.000000000000000000e+00
-1.000000000000000000e+00
2.966435241195953809e-01
-7.490018777111226989e-01
6.386152250673547970e-01
-2.829285179011559181e-01
8.199466666201122855e-01
1.573000511230137066e-01
4.758545701122940397e-01
5.554858764193864040e-01
-4.793681751874405150e-01
-1.000000000000000000e+00
3.090962307982724200e-01
4.440774414125712166e-01
-3.520751006268713068e-01
3.736778911373292433e-01
-5.289199587083381893e-01
2.444675227056181122e-01
1.000000000000000000e+00
-6.213511882369838757e-01
4.212521039958051494e-01
1.000000000000000000e+00
-9.278998267995361982e-01
-6.115646513517756233e-01
1.979609502391955766e-01
6.182766419991154727e-01
-3.284675236362888384e-01
9.497095139684595955e-01
-9.869476639228860204e-01
-1.936258552941255151e-01
5.958265353913696494e-01
4.789316968130296059e-01
1.000000000000000000e+00
-5.649354275700653183e-01
1.000000000000000000e+00
4.249996676362793324e-01
3.385032282558538275e-01
-4.416677770050375651e-02
5.546856606750086849e-01
-9.799656710310249430e-01
-8.644222897462943145e-01
-5.628796894521737038e-01
4.865030991117855197e-01
4.296931007659435808e-01
-3.365647772834146068e-02
-1.342542724501219475e-02
-8.848316544750950419e-01
-3.050321494024840208e-01
1.000000000000000000e+00
-5.141196169462745047e-01
-2.080820344437956382e-01
-9.030962789919854128e-01
3.217687821298882977e-01
1.000000000000000000e+00
4.744425446262590662e-01
-6.373494790314314651e-01
2.901461152795450360e-01
-4.401131019455509219e-01
-7.026250645125908800e-02
1.000000000000000000e+00
-1.000000000000000000e+00
1.000000000000000000e+00
4.367386265818518076e-02
-6.382122428961320981e-01
1.000000000000000000e+00
3.412644916144830232e-01
-1.825246455636206910e-01
-1.000000000000000000e+00
-1.000000000000000000e+00
-1.458928286033404353e-01
-5.424998582374729317e-01
-2.121378566926792053e-01
9.611721898284133481e-01
6.320526784810446275e-01
-2.585695507662692516e-01
-1.126548965363844967e-01
7.427981848068099247e-02
7.129895725418172736e-01
-6.798536858901570445e-01
-5.286627445219213017e-01
-1.000000000000000000e+00
-1.000000000000000000e+00
-6.840717789583734554e-01
9.637911689895639622e-04
-2.957204728170477193e-01
-8.006796084941925074e-01
1.000000000000000000e+00
2.127505856788185490e-01
-1.000000000000000000e+00
-2.543214380024098054e-01
