-5.605084917026768032e-01
-5.649162693523397394e-01
-4.999633721955245025e-01
-1.837400312825563375e-01
1.000000000000000000e+00
-5.738971918966231378e-01
7.457376231993291249e-01
8.586912448314132362e-02
-1.000000000000000000e+00
-4.603760428288383166e-01
-4.869673781793231182e-01
4.033360892030890543e-02
-8.929514514988468044e-01
-1.000000000000000000e+00
-8.894627636249463620e-01
-1.000000000000000000e+00
4.034961883879469857e-01
1.000000000000000000e+00
-8.064009599126190642e-01
2.069219033435090171e-01
-2.898821264656808450e-01
-3.509748855363827857e-01
-5.730586376189727993e-01
-1.432655454045778654e-01
-8.753246840680501961e-01
-1.000000000000000000e+00
-9.699163277311151354e-02
1.000000000000000000e+00
-5.059791933761583760e-01
-3.504589503569632836e-02
1.057738574949896870e-01
1.000000000000000000e+00
-1.000000000000000000e+00
-1.224331392801348561e-01
-1.810852491512822127e-01
8.309658339025771667e-01
-7.349623110122380787e-01
7.334506071419248929e-01
5.161046685291242886e-02
2.961544346025877239e-01
-4.643690314246466944e-01
5.808349229078453302e-01
-7.028972635100504407e-01
1.832045134197253233e-01
1.081147773531642153e-01
1.000000000000000000e+00
-3.398756391788692044e-01
1.000000000000000000e+00
-3.299046059818657173e-01
1.000000000000000000e+00
1.330918029871042130e-01
-4.459756104835286283e-01
1.000000000000000000e+00
-1.000000000000000000e+00
-2.417493304645211838e-01
-5.411289835199672993e-03
-8.067966127222963024e-01
-7.769494376377312772e-01
1.000000000000000000e+00
1.000000000000000000e+00
-5.704712957234701065e-01
-6.987360826366464384e-01
3.634500563942888451e-02
-3.919258079045624399e-01
5.664034500682291196e-01
-1.824841162818391371e-01
8.066942163501094054e-01
-1.000000000000000000e+00
2.093651662749640430e-01
8.031806208597203067e-01
4.750687592073283838e-01
2.241935873801754742e-01
1.000000000000000000e+00
-5.482341013933678120e-01
1.000000000000000000e+00
-1.305398535711612684e-01
-8.059763612820214362e-01
-1.174097590943175007e-01
-2.914339538941923546e-01
-5.765693333284830357e-01
-3.147057747427538521e-01
2.405280011423700515e-01
6.478882492573083685e-01
6.662493624424532523e-01
-1.000000000000000000e+00
6.446659379187935635e-02
-5.967009703718475500e-01
4.789939276966261872e-01
-1.000000000000000000e+00
1.000000000000000000e+00
6.586472770729936421e-01
6.968716478884110499e-01
1.000000000000000000e+00
8.287859086389439689e-01
2.369830014627019033e-01
2.922254034219649022e-01
-1.000000000000000000e+00
-1.000000000000000000e+00
-6.895913778714737319e-01
-8.152815049794122082e-01
1.864118723442128589e-01
-1.000000000000000000e+00
2.309369406532235658e-01
-8.562159948490235539e-01
-4.699812359761922353e-01
9.058873275161138938e-02
-4.779951691529815694e-01
-8.746783319976871862e-01
7.841581870784538610e-01
-1.000000000000000000e+00
-1.000000000000000000e+00
7.084293423648744259e-01
-9.625798072691162943e-01
2.896500244058096141e-01
-1.000000000000000000e+00
-1.000000000000000000e+00
-4.750793925326457501e-01
-1.847578752469095642e-01
-8.404710039946305944e-01
1.641777013145460096e-01
2.733132056160411105e-01
1.159855334264971449e-01
2.396903077650978098e-01
1.089055439162291972e-01
6.338440556633555545e-01
1.930346339864510430e-01
-5.442492853696483390e-01
-1.000000000000000000e+00
-4.076563640664430110e-01
-1.509889759526750197e-02
-2.566028488856927359e-01
-5.122581885813702884e-01
2.278200897248860990e-02
7.668640473234875632e-01
9.964824621301549001e-01
1.393359443457439784e-01
-3.104645963737873160e-01
3.730682471178510817e-01
4.479170448394612647e-01
7.960186869591523440e-01
1.000000000000000000e+00
-1.000000000000000000e+00
-6.603733932400457363e-01
-5.371402517303175417e-01
1.437002065938406958e-01
1.000000000000000000e+00
-3.009266440391444863e-01
-7.927010970041949989e-01
6.370519853007423627e-01
-8.678018668892233389e-01
9.726888370510705650e-01
3.311335572032900743e-01
6.837093219430432356e-01
7.690322057817436940e-01
1.000000000000000000e+00
1.000000000000000000e+00
8.520527864010158936e-01
-1.000000000000000000e+00
5.091819240747167408e-01
3.552362908174626632e-01
-7.810921557162702200e-01
3.009593832369570343e-01
1.000000000000000000e+00
3.531114373620245495e-01
-3.065205846662444333e-01
-3.099663332398031601e-01
-5.886347370994480244e-01
-5.184784558433865875e-01
-8.293626473427875290e-01
-4.960938811866064668e-01
7.988838206218873417e-01
-1.741737782783625565e-01
-7.850928464252808492e-02
4.192318715486265113e-01
5.293490810798450186e-01
3.136863935396124736e-01
3.129633372206047648e-01
9.378994418309477554e-01
3.294394692828219173e-01
-7.694370927870484156e-01
-2.514663765522607841e-01
5.972354692426042888e-01
1.087773161899883156e-01
-2.233015786454383700e-01
-8.131475135843913016e-01
-1.342665868067783874e-01
-2.518215333085835894e-01
1.000000000000000000e+00
-9.820070507610818566e-01
-3.598773551132672388e-02
5.942777389101849828e-01
9.784490591687440286e-01
4.100439923855327962e-01
1.797165302829066835e-01
1.000000000000000000e+00
1.000000000000000000e+00
-5.566204423589096173e-01
-1.638181704196908228e-01
4.662735541435639730e-01
3.506303186777391945e-01
9.071624333339700641e-01
4.848241627019269639e-01
-1.000000000000000000e+00
-1.000000000000000000e+00
2.804675141849331532e-01
-1.040299123134145187e-01
-1.000000000000000000e+00
-4.533688767012913901e-01
1.000000000000000000e+00
1.000000000000000000e+00
-2.595907283537460808e-01
-8.585369909474205308e-01
-4.183203260493437714e-01
4.703866565321808135e-01
-8.905534852317997796e-02
-8.423274276298984287e-01
8.480880274483717507e-01
3.297301090242595878e-01
1.000000000000000000e+00
1.261161447010648029e-01
-5.370561694218616289e-01
9.182837462724988686e-01
2.646190028773655056e-01
1.000000000000000000e+00
-2.858209878503603640e-02
-2.574890291314365642e-01
1.504570017891923572e-01
9.127133721077240747e-02
-3.574359888171207977e-01
3.672290449782504851e-01
7.985532851054401027e-01
-1.000000000000000000e+00
-2.128261370204767022e-01
2.276853724026339787e-01
-5.383491146693180074e-01
-1.000000000000000000e+00
-3.559249175388814468e-01
3.775383710002415683e-01
5.065067407621022255e-01
-1.000000000000000000e+00
-2.858900439655224779e-01
-6.514724625612395847e-01
2.002511081032021245e-02
1.000000000000000000e+00
1.000000000000000000e+00
2.765257025205942742e-01
-8.360081544861932557e-01
-1.208631675108904346e-01
-1.000000000000000000e+00
-1.000000000000000000e+00
1.000000000000000000e+00
-1.000000000000000000e+00
1.000000000000000000e+00
-3.734222675410342474e-02
2.215064808160059906e-01
5.756611161403850652e-01
-1.000000000000000000e+00
1.000000000000000000e+00
-1.000000000000000000e+00
2.652448035806231341e-01
-3.665911173770359799e-01
9.308798573407814914e-01
1.272393662200447528e-01
1.000000000000000000e+00
-1.569232220367384190e-01
