1.210995476452367270e-01
-1.186038872975117564e-01
-1.602245638863345270e-02
2.153947560694298713e-01
-1.934691318497058499e-01
3.539402959045704344e-01
-1.243468740971532260e-01
-2.379301633078238498e-01
-6.156873626270195632e-03
-2.762084212787372373e-01
-5.724641974629749580e-02
-9.686588701089604569e-02
-1.832661162116427933e-01
1.071667770839267314e-01
2.346742338869667044e-01
1.788980752797562912e-01
1.784359239187461310e-01
2.060713548304171916e-01
5.619590996764789459e-02
2.623125184561038714e-01
-1.518120455742905106e-01
-2.383691366841234061e-02
2.447147203085939249e-01
-1.335517364358335957e-01
-2.618774195064271226e-01
4.065832849374090285e-02
1.561638207748077267e-01
4.173444215696403559e-01
-1.909427363370126002e-02
9.513937221091914309e-02
-7.209504637622440870e-02
6.585068752669298586e-02
1.138584195823204442e-01
2.678643182176760895e-01
-3.549209380532756808e-01
-9.811067354191470302e-02
1.619457473414042878e-02
-2.705319670302840374e-01
-1.071386932952773929e-01
8.384254932926542281e-02
-1.709700746827848006e-01
9.863440999298762890e-03
2.248665615995615041e-01
1.663988718966410707e-01
-1.540658788449468797e-01
1.421961024202255952e-01
9.892016250324053850e-02
9.436514333511153430e-02
-2.271270004053638214e-01
-8.888265431621331092e-02
3.880430334533677139e-01
-1.127501635525562096e-01
8.671614140331014575e-02
-1.975275478503432103e-01
2.943408448137304068e-01
-3.232228151990356180e-01
2.823770221187003049e-01
-2.375520967228230973e-01
-1.273685861733340197e-01
-2.569583951450524206e-01
-1.692967691864410429e-01
-1.334875492538943886e-01
-8.671050653982409484e-02
2.223245292549900776e-01
6.105970798426368223e-02
2.429832836276361319e-01
-7.446265081171851707e-02
-2.516857166273876456e-01
-1.391354161074693507e-01
-8.564627999127708002e-02
-6.238140276532157247e-02
6.850226264051578751e-02
4.920167663012102455e-02
1.885933030355101958e-01
4.400373726745465675e-02
-1.972986501186251296e-01
4.693288145244121912e-02
-2.638910845971734198e-02
2.116869281650316514e-01
-6.301001083763578536e-02
3.394524977854166403e-01
2.858071893830798071e-01
7.869216386229940796e-02
3.545281154914443067e-01
-3.019766766141908088e-01
-3.213820059097301923e-02
3.158146258981286425e-01
-1.829969675855204481e-01
-7.867921808858573118e-02
-1.681123335071074976e-01
6.589163736120724757e-02
2.201580221930812542e-01
1.660018467646731666e-02
2.838513008637556789e-03
-1.461444199254077481e-01
2.077028920308851556e-01
2.474703033874457725e-01
5.873278064239774443e-02
-1.102684176927379578e-01
1.722489743287874409e-01
3.462652081452571862e-02
1.969979755767833351e-01
-2.689680488614977216e-01
2.359923310808939023e-01
1.851250372897525198e-01
-2.844745025131018012e-01
-8.777945721222137065e-02
1.711878168389231458e-01
-8.455807628946188093e-02
-1.323471598528286886e-01
-2.613783328383477711e-01
1.894940334404010551e-01
-1.522366138666826629e-01
-2.025846160726769707e-01
-1.355331173251399235e-01
8.411563759672244234e-02
6.231853255468432218e-02
2.727888673288891286e-01
2.554938541527219664e-01
-2.546142104727333599e-01
-1.830018576861061064e-01
6.481801196843060830e-02
3.182790633180573175e-02
-1.819429728259019247e-02
1.656771276140205917e-01
-1.530849885567317492e-01
-3.861319504776298817e-01
8.520151244210685815e-02
-1.349863972294787495e-01
-1.188062321093268231e-01
8.854531252065767077e-02
-8.583311104768581723e-02
-1.588263856752704373e-01
-1.515365959144651109e-01
2.151517602448614341e-01
1.212122439657619677e-01
-1.594452699822792030e-01
1.025773474845973476e-01
-7.177542621034244119e-02
-2.145781585152047588e-01
2.434989837595710055e-02
-1.341292315024194270e-01
3.740241506584276454e-01
1.248268389374000142e-01
-3.030269990869290109e-02
-2.162995011639410048e-01
2.428283465841633015e-01
1.602098800055489214e-01
-1.340370369682958862e-01
9.922138644561706577e-02
-7.023166304215067157e-03
-7.991164461286827392e-02
-2.982936718157044309e-01
3.833326917532200451e-01
3.621485342215119418e-01
5.917557166006611608e-03
-1.289262379191699892e-01
-2.499482961639394318e-01
-3.540154834466369138e-02
3.963693560205207300e-02
1.445228488007324896e-01
1.746507874665508553e-01
-1.027349325003019259e-02
2.756907054923437017e-01
-2.534242081816148739e-01
-1.091674566033212918e-01
-1.189137181301749419e-01
2.518683424425719464e-01
-1.003352894808650503e-02
-3.633893022738239609e-02
3.224192865209582481e-02
-7.676783908641535148e-02
2.084556809518261361e-02
7.651225273930843673e-02
-2.946231734903499710e-03
-1.264609841151404790e-01
2.561307329523094811e-01
4.831597949006176673e-01
-1.727682566665834918e-01
9.365079461748752887e-02
2.549973071793107393e-01
1.967454105604568015e-01
-2.856543180829265172e-01
-2.539563574081357133e-01
1.791962164272322133e-01
7.770156597337996018e-02
-2.025878686806129869e-01
1.455228501250858675e-01
1.157067242064785811e-01
-1.003175088041981661e-01
-2.502987797597855391e-01
-3.169854640399853707e-02
1.782164746489218465e-01
1.288506855332980094e-01
7.267956359929143850e-02
3.851698051778357224e-01
5.913851630668770509e-02
1.681952750168534683e-02
-8.541332187329814252e-02
1.993085839374212076e-01
-1.027540154495843253e-02
-1.120452029750486911e-01
7.386581925351674849e-02
6.339890621780898405e-02
-1.834191685119946624e-01
-1.830104414968137805e-01
-3.746992469783823054e-01
3.002912276338246325e-02
9.557929445786148004e-02
-4.015560854447034478e-01
-1.945233682941162612e-01
2.186181335912411317e-01
-6.174797819637945634e-02
-2.552309389560211139e-01
7.913358986778350201e-02
4.700718383861260397e-02
-1.864996917158467105e-01
3.347511528590656482e-01
-2.751444030286976372e-01
9.642512433567443364e-02
-4.705461569424071455e-03
2.075512733047190084e-01
-9.126555367250174799e-02
-2.779345192009764764e-03
-4.012414128514300848e-02
-1.884094939824616233e-01
3.173862768433841075e-01
3.262600861905578381e-02
3.198885393579418701e-01
1.065962747936542165e-01
-1.436154638703791286e-01
8.604154302533338627e-02
-7.762976293918515125e-02
3.038126939063283682e-01
1.270251143785284392e-02
4.024221298094086685e-01
-6.620519983634828853e-02
3.026748356790657235e-01
2.434927145513408053e-01
-2.331307029626836225e-01
-3.355326227399819949e-02
4.109204695808034713e-01
-1.788362141671325789e-01
3.396056168046048263e-01
3.087665230699590535e-02
1.746086592219374678e-01
-1.277453551442526147e-01
9.901625358862824189e-02
2.532231964306325134e-01
-1.344434201480619873e-01
-2.416916031102082918e-01
4.767540714627430815e-02
-5.880335947752708681e-02
1.702392091414344777e-01
-1.803029132791196532e-01
3.916153657958396650e-01
-1.588582487551504496e-01
1.018063611176649452e-01
-1.521787919622376029e-01
-9.700218778006641784e-02
2.264167746328697717e-01
1.607605800622751158e-01
-2.458164795334589203e-01
3.087599415305014236e-03
-1.937744436665925218e-02
