5.289503281350567132e-01
-1.000000000000000000e+00
-1.000000000000000000e+00
-4.658549579177799216e-01
6.757102371451281231e-01
1.690429114858041926e-01
-9.711038561277423042e-01
1.284891602298077751e-01
-5.706150804451483038e-01
-6.627839847349261682e-01
1.000000000000000000e+00
1.000000000000000000e+00
-4.795455610748126096e-01
5.823018556573187343e-01
-1.000000000000000000e+00
-6.976547547656239967e-01
-1.000000000000000000e+00
2.410373398412143375e-01
1.000000000000000000e+00
1.302436929351407091e-01
-1.000000000000000000e+00
-5.172404400654582179e-01
4.163374469334961137e-01
-5.209796641947675444e-02
1.229684929763460999e-02
-4.757148576455002553e-01
2.679490337141194889e-01
-4.785399244078510916e-01
-2.785861848248182837e-01
-8.357396196925037657e-02
-1.000000000000000000e+00
1.457713893118334214e-01
1.000000000000000000e+00
6.544754655294623413e-01
8.882901160936861329e-01
1.000000000000000000e+00
3.866231570738476453e-01
-1.666472356232097107e-01
-8.815973978330210459e-01
-7.557057140759910752e-01
3.106849151095353312e-01
-4.813233425279894728e-01
1.413624167770100026e-01
-5.296665586842658202e-01
9.849850338291736840e-01
-1.252032469289581229e-01
6.987033254514031233e-01
-4.947768689132584496e-01
-8.164258489629271365e-01
2.245720023358761808e-02
-4.158520848633605604e-01
-1.000000000000000000e+00
-9.076397217464415856e-02
-7.266726915948256149e-01
-8.717682581405414854e-01
4.755106861399620022e-01
9.918428412712511077e-01
1.000000000000000000e+00
5.746722794927991984e-01
7.770154150615649069e-01
-5.289695134604928128e-01
-1.835322690279763691e-01
-1.000000000000000000e+00
-3.823933644640177265e-01
8.769518085110121763e-01
6.924361388055637612e-01
-3.974785515451590978e-01
-7.222952435887821654e-01
4.826079771618196901e-03
-5.907396276044161176e-01
-7.785965152997109673e-01
1.000000000000000000e+00
8.130351645127242843e-01
-1.000000000000000000e+00
7.288768450395765042e-01
1.000000000000000000e+00
-1.715562128680603038e-01
7.630437696822575111e-01
2.987936957270568294e-01
-4.865914074911926734e-01
1.000000000000000000e+00
8.948235150288030848e-01
2.707659528045843200e-01
1.000000000000000000e+00
-5.005332814164445421e-02
6.101711458346241734e-01
-9.590375712599318314e-01
1.000000000000000000e+00
3.558039353535933369e-01
-1.000000000000000000e+00
6.244289217037368722e-01
-2.244934081731679021e-01
1.281620045595492918e-01
-5.298168582321285403e-01
1.181847890284258296e-01
2.147300214363540016e-02
-1.000000000000000000e+00
7.316306638393813566e-01
-9.960693961444845312e-01
-2.971301248903420178e-01
-9.721760836859221211e-01
2.957792154781786476e-01
-2.722040433490327538e-01
-2.864978616160432368e-01
-1.696422951375405885e-01
3.943405533317400069e-01
-5.153056177588297704e-01
6.921644834888751596e-01
3.739899351773504632e-01
5.320984417495506769e-01
-3.380086030413133047e-01
2.687512428565141942e-02
2.721429371309155854e-02
9.052403545486822356e-01
1.752313665406664001e-01
-8.194440562064291278e-01
-3.300297965377496645e-01
9.638539717800348461e-02
-5.178115784367922636e-01
-1.524674314872730696e-01
1.000000000000000000e+00
3.294156394792587816e-01
-1.000000000000000000e+00
2.521507282090129642e-02
8.052424946460179367e-01
7.015250178310734608e-01
8.809840763179730416e-01
-8.580421676998377656e-01
8.209398886362282433e-01
-1.000000000000000000e+00
2.960952176193211161e-01
-4.881698756820816998e-01
9.192595471531266327e-01
3.299760049080683322e-01
-6.478372464499103645e-01
1.259817299590091921e-01
1.000000000000000000e+00
7.283905230275944387e-01
-6.897286122957926313e-01
-3.615748832042390282e-01
-1.466381617977238205e-01
-1.000000000000000000e+00
8.140639882844240560e-01
-1.000000000000000000e+00
-1.856329068848137365e-01
7.556635142117146264e-01
-5.317878869623011706e-01
3.139911846855574229e-01
-9.109787762359178309e-01
-3.244069769579405182e-01
1.000000000000000000e+00
-8.388106661106178308e-01
-1.000000000000000000e+00
-2.662353022182509243e-02
9.327065084050933930e-01
-1.000000000000000000e+00
7.774673346051471645e-01
-1.000000000000000000e+00
4.692371776522319404e-02
1.000000000000000000e+00
-5.726461724061100433e-01
4.886740175361048988e-01
1.135820143958791717e-01
9.769370246488086051e-01
3.396717315658617786e-01
9.727461526837555272e-01
1.000000000000000000e+00
1.341885275866178118e-02
-9.469147530766289789e-01
-8.586300979228606023e-01
-1.640849638263202348e-01
-2.662800647717658009e-01
4.806131637170734106e-01
4.846422522269726585e-01
8.606132804910711087e-01
1.000000000000000000e+00
-2.389300732154158169e-01
-1.186743683889287665e-01
1.000000000000000000e+00
-1.174045904393929973e-01
-1.000000000000000000e+00
1.769593787358253456e-01
-1.000000000000000000e+00
-2.437859106330627634e-01
5.716470978921742718e-01
-1.262920655585934304e-01
-7.232218093518841262e-02
3.693949865247360687e-01
-7.165843634141335627e-01
-5.746925858990415970e-01
-5.442877944837657411e-01
8.506687707833040513e-01
-2.105685539809541984e-01
1.000000000000000000e+00
6.105990780410350816e-01
-6.094766460352385451e-02
-1.000000000000000000e+00
-1.679691947746031477e-03
-1.000000000000000000e+00
-1.000000000000000000e+00
3.903356329556296744e-01
-5.291872279210796393e-03
-8.449954861346414825e-02
6.221936257944387094e-01
-8.214098929419166861e-01
-5.910626999552217598e-01
-2.152809871678006137e-01
8.031942167558755452e-01
-5.394616599623635045e-01
9.108393417170131956e-01
-4.965744156452052693e-01
5.247449554464840293e-01
5.222921543632274011e-01
1.000000000000000000e+00
-7.507459822865983901e-01
1.000000000000000000e+00
-5.069057692278650107e-01
-9.531085808182766517e-01
6.199325853546182596e-01
2.638234463316404543e-01
-4.217236484156243193e-01
-4.740480560540355492e-02
-5.537095186221590026e-01
1.000000000000000000e+00
-1.000000000000000000e+00
-5.344503808067218031e-01
1.000000000000000000e+00
-1.000000000000000000e+00
-5.399132906166195234e-01
-1.000000000000000000e+00
-5.665418829107194965e-01
-1.203882348232348520e-01
-5.011465222675941522e-01
3.196284376994545928e-01
-1.000000000000000000e+00
3.300656873582065165e-01
8.570212960369194555e-01
4.956078907924635346e-02
5.516549813401457891e-01
-4.862128847487843797e-01
8.859172179572170069e-01
8.848447632573969157e-01
1.000000000000000000e+00
2.664876265322316806e-01
-2.519900756429394040e-01
-6.124204108003455937e-01
4.852734263934745940e-01
-1.718986673032334711e-01
9.554092347711623523e-03
-5.364524494668312382e-01
-3.371653134964096576e-01
1.999999999999999556e-01
-5.038444090249885043e-01
9.490673714350719159e-01
1.000000000000000000e+00
7.785669238752150889e-01
1.151138416212474369e-01
-1.290938083027518557e-01
-3.394239561090597879e-01
-3.640482690653442099e-01
5.323800169734619336e-01
6.379993352551071029e-01
-5.779120205420540390e-01
-9.588564250614331486e-02
-2.517554512233525221e-01
