-2.811497138912475435e-01
1.457173718505300475e-01
7.424096502926852414e-02
4.506574058760234869e-01
-7.656173823891625485e-01
-5.188941240240808883e-03
-2.518849667437785822e-01
-5.219273073539810737e-01
-3.885371867589811901e-01
-9.491584129025240069e-01
-2.298608369616407521e-01
-1.388724331539524515e-01
-1.999833006811815861e-01
7.168375271773436141e-01
5.640508957388471467e-01
3.917791951492470837e-01
3.256952153832065600e-01
-6.223971511411904300e-01
-6.571981985543530191e-01
1.565277272574661094e-02
1.000000000000000000e+00
1.000000000000000000e+00
3.248457705505850002e-01
-6.279907347308048005e-01
-7.133100540348047414e-01
7.360674307153225460e-01
4.287763016983422992e-01
-8.127306116511172629e-01
-5.123621173920439587e-01
8.302444120585932286e-01
-8.322041537641180486e-01
-1.000000000000000000e+00
-3.218365137708407708e-01
1.318489491083793541e-01
-1.248802451274925174e-01
-3.324425004499018677e-01
-1.778858090224647026e-01
1.026778954276277439e-01
8.019276990032996322e-01
3.869557606140770489e-01
1.655635064510769527e-01
7.956065941529811836e-01
-5.771348010137680173e-01
3.975829293906795736e-01
-7.127125532588969303e-01
4.552882375797669412e-01
-5.795698095690496876e-01
-3.829348987798616988e-01
-6.027754717090304526e-01
3.283021320220761430e-01
-9.225936424670833080e-01
-6.985048932673163513e-01
-6.661708685154510423e-01
1.000000000000000000e+00
-1.000000000000000000e+00
-8.059779964838718058e-01
-2.129701037048399581e-01
-1.099834022045307336e-01
2.219540119655607491e-01
-3.017587080096034713e-01
1.723155377738631033e-01
3.161074967814135883e-01
7.540693292323544794e-01
2.657176847492748184e-01
-1.660788128164735963e-02
-5.084490747805482380e-01
-4.140322418002079785e-01
-8.344735161707862447e-01
-9.196582610476342623e-01
5.270210148095777480e-01
3.108557996067936591e-01
6.377114508646117841e-01
-6.032199776882625486e-02
-3.794793863977353188e-01
9.894297503481612743e-01
-1.133119752230402760e-02
1.439595491410483596e-02
-4.730877951504516288e-01
-9.256454741466904057e-01
-6.393600543279555071e-01
9.331591221843172912e-01
-7.232426226238090061e-01
-3.957185721473642226e-01
-2.796683257889411856e-01
-3.768937092759807594e-01
1.269553854791605485e-01
8.487153385054682087e-01
-4.411187143254567955e-01
-1.000000000000000000e+00
-6.235999809212788847e-01
8.433992929091324031e-01
-2.268990174874267463e-01
3.472410808702186547e-01
-6.190750195921902455e-01
-8.870234978343816135e-02
-3.282773690968696090e-01
-4.970983660910200386e-01
3.944504271833570441e-01
5.265696580595163878e-01
3.493279795082704364e-01
-6.779914729894773728e-01
5.475549707447971981e-01
-3.353495548596230336e-02
7.889465609261218093e-01
-4.524027728141482019e-01
-3.302140534281772233e-01
-2.022949997672998657e-02
3.888071252817742463e-01
8.867352302861054580e-01
8.006676058198319845e-01
-6.096839714950079703e-01
-2.277580884236965475e-01
4.478185897544325611e-01
-8.259951866199043424e-01
-1.790595942873964841e-01
-5.951325471982296111e-01
-3.060948080256427339e-03
8.492315547696680511e-01
-8.907754595537242803e-01
-4.882732690006496012e-01
-7.733705749691096587e-01
-5.321152636009062187e-01
6.544353497886853943e-02
3.104315119209358764e-01
2.712512991125501927e-01
7.096011441241125706e-01
-1.329647752370585467e-01
-1.366635970697049618e-01
-5.433634578579259466e-01
6.215933889306424209e-01
-8.142821670893607422e-02
1.581976577951518248e-01
1.950506239723537594e-01
-6.346134418247202369e-01
-8.144967204361366342e-01
-7.123655614912308143e-03
-7.166863769193573264e-01
9.456840988729836583e-01
-4.066895880956834519e-01
-1.796123375377514375e-01
1.700381378818632272e-01
-5.867817450690296921e-01
-4.190969752550966487e-01
-1.915525759379433646e-01
-3.472608522745123105e-01
-1.799127426420636111e-01
9.350604113666715067e-01
2.041002116617898765e-01
-5.693446818128875542e-01
9.371506771189333507e-02
-3.590604513677049803e-01
8.424121487548729137e-01
1.000000000000000000e+00
4.784012105836693007e-01
1.350115204588608897e-01
6.908200691252348868e-02
1.825113212945543295e-01
7.086698598554157513e-01
1.000000000000000000e+00
-2.874005550625918087e-02
9.008728388864544190e-01
1.866034807840296350e-01
-4.365211154819235301e-02
-2.416269058374270751e-02
6.366043715753632037e-01
-3.855816260949800345e-01
2.410141185758346849e-01
-4.320384234398068068e-01
1.183401058628957558e-01
2.619414140698111959e-01
1.123544849944083379e-01
6.791040298935205333e-02
-8.968453255933559465e-01
6.167854835453773221e-01
4.171001888485441067e-01
5.875791836910824184e-01
1.388095748785319605e-01
3.147576759024833803e-01
-1.626243436255018215e-01
9.591903881583349056e-01
-6.108369977384585370e-02
-4.366807094777913067e-01
-6.347317062747179772e-01
4.572969920466331273e-02
-1.608952142860090584e-01
-3.923864518516417821e-01
-9.765681884311774308e-01
9.187331935140451433e-01
7.573257398981650956e-01
7.665480640440558435e-01
8.482764401064307735e-02
2.482069731869614437e-01
9.484724992065700633e-01
7.860428118605560233e-01
-7.877844898189814149e-01
6.931840884176241335e-01
3.012040624576953762e-01
6.240156703234446267e-01
3.976839516799240970e-01
7.598193189149138327e-02
-3.967074179228162745e-01
-2.057925169346013217e-01
5.249687355926341281e-01
-5.722760334895509171e-01
3.447096874096061137e-01
-3.052598136964692621e-01
8.172973489493547961e-01
5.497038659599834398e-01
-9.470601820440245622e-03
-3.781961104783129191e-01
-1.997506553525810538e-02
5.757957048874412509e-02
4.813369234117556572e-01
1.000000000000000000e+00
-6.618578005492490313e-01
9.182511459804612031e-01
-2.786994048993411965e-01
2.924924972482536023e-01
-2.405580986080829431e-01
-1.000000000000000000e+00
-8.512130739135516377e-03
-1.088112296025641190e-01
-4.703792350632954866e-01
7.826934439863885151e-01
7.882501881436856372e-01
4.271835079415354369e-02
1.200035212358538939e-01
4.256570822570807655e-01
-8.688245410311065120e-01
-2.115419494205507123e-01
-2.853889444890840843e-01
-2.933561533921950071e-01
-3.663468762579441540e-01
7.427768635305630474e-01
-2.618628262796834916e-01
9.991414664357719522e-01
-6.681865206501867993e-01
-3.469647362210550590e-01
1.614431775783139733e-01
2.801630433977679857e-01
5.955997771462304691e-01
-6.511176799749728294e-01
1.195309434233281648e-01
-8.299450612232113222e-01
5.694437921513542111e-01
-5.058249924014240895e-01
7.628639200575875190e-01
9.389439361243486770e-01
5.336439648103018518e-01
-6.128431835459547949e-01
-9.405641259603868543e-01
-1.216958993490571683e-01
-3.741285928283230033e-01
-1.690019616200288399e-01
1.476025970424349465e-01
6.062062534835448435e-01
-2.050908928042706469e-01
6.968100554730196627e-01
-3.282517980149580183e-01
-4.200894952088956025e-01
1.474375973882609270e-01
9.969156607295545092e-01
8.475734858985797260e-01
9.003650230140035626e-01
-1.088661303077156570e-02
