-1.025321395239505440e-01
1.041188870462592397e-01
-1.169117457415271566e-01
6.166704356783085650e-02
2.504047798339679998e-02
-7.690220658439485268e-02
-3.017067944736635532e-01
1.171028440092314743e-01
5.434198308116230947e-02
7.227485467465351310e-02
2.189079617625261653e-01
5.019555854584725751e-02
7.194730631846288360e-02
1.889181102463304840e-01
2.025468494998244884e-01
1.168436518618516384e-01
1.125854141667438635e-01
2.833658550650955954e-01
-8.739444807381030467e-02
-1.830986814821728148e-01
1.931217247024173411e-01
1.150295920776009118e-01
-3.395073103034862427e-02
3.300868891014529516e-01
-6.105284379859882843e-02
1.922954363976308451e-02
2.316576738728310936e-01
1.500053742861669759e-01
-1.558694392176720456e-01
-5.517329677931027687e-01
1.258247777850209775e-02
-1.333567308327084089e-01
1.515077987986891972e-01
-8.500335571543651825e-02
-1.797419708481863554e-01
-5.513815548399076533e-02
5.582871769772418391e-01
-1.475939964334441468e-01
1.336372828416434455e-01
-5.818990125916779360e-02
2.944200620414250680e-01
-2.340002497277820365e-02
5.690114729730530452e-02
-3.922784142261760698e-02
1.175023733044902596e-02
-2.014609836805296428e-02
-9.037404442922697401e-03
-2.450692080744337198e-01
-2.505047190172924876e-01
-1.391447662464238566e-01
3.840723550690706978e-02
8.834200309804456086e-02
1.402079404467284629e-01
4.127858016182431311e-02
-3.228389376399719013e-01
-3.553253419771771338e-01
-7.033071568355614422e-02
1.169458129268586069e-02
-8.042283133058147904e-02
2.054329543238753164e-01
-1.985665935680350214e-01
-4.439794110774655800e-02
1.151660226644530272e-01
2.202037482250261691e-01
-5.648600182393784253e-02
8.107032144735130952e-02
-1.828225490514533425e-01
1.420050217841728468e-02
5.660392870946107102e-01
1.332460180429423935e-01
2.807960149008305595e-01
2.239918202425571492e-01
-1.603221353743356781e-01
-1.031181544959262342e-01
1.243353428212499306e-01
1.533947519009705163e-01
2.231806435914284181e-01
6.042541478150405265e-02
-9.202599449408928323e-02
-1.198215756192952397e-02
3.131881186860339117e-01
-1.661388834543905957e-02
-2.006128404885556549e-01
-1.672370485400321849e-01
1.545801396661368177e-01
3.370953019668438411e-01
-3.414320595046738127e-02
2.905055007223709129e-01
1.547972133869295608e-01
6.756378463006620927e-02
2.781317363924659669e-01
5.124921644178341562e-02
-1.819156722836272611e-01
-1.737640777962052852e-01
6.967060812717010276e-02
7.458329616545711360e-02
-3.630849902771239313e-01
1.668941930382297212e-01
-3.942996462131623248e-02
2.957963695192274423e-01
-1.301012449866646437e-01
4.054512223350438538e-02
2.599680810343989179e-02
-2.220487011558348323e-01
-7.761158619625407873e-02
-5.922214380213754875e-02
3.086907653654292205e-01
-1.249303700538621775e-01
8.869876085061560722e-02
4.443835590017075621e-02
3.972588986546846113e-02
-3.026714148222133249e-01
-4.507770984937103931e-02
3.461431556681315858e-02
-2.195179279972823139e-01
-1.800035357943001735e-01
-2.226072958844263483e-03
9.946110585901479784e-02
-1.473226177997783160e-01
-9.812920642071505661e-02
1.007140158579653000e-01
-2.251530520444544325e-01
-3.294376571682103294e-01
-8.139818193735010032e-02
1.967686896812747277e-01
-7.781107235973375169e-02
-2.137171819692325336e-02
-6.903413531119842461e-02
-1.661459507835233440e-01
-2.301423414316945415e-01
8.793022734857433576e-02
1.706881844821097616e-01
-1.940295260772479380e-01
2.064681356952768887e-01
-1.213224448601656624e-01
-1.436526339688339593e-01
-1.602410486049708205e-01
5.035066442369819095e-02
-1.116290104298960639e-01
1.385705060330565397e-01
9.012637545331669831e-02
-4.831717391390535910e-02
-4.281711976239038070e-03
-1.639765109881334282e-01
2.217719997783482999e-01
9.201571154545029607e-02
3.206843850899445680e-01
-2.806984416005272806e-02
3.112463064156044748e-02
1.359477364745759545e-02
1.059200140142934066e-01
-3.195671410369368970e-01
7.859847400345859603e-02
-3.200681842501513774e-01
-1.073678548274721173e-01
-7.795694027833878492e-02
-1.237670765973569731e-01
-1.579769962540090167e-01
-1.681245369368734588e-01
-2.045402947233051771e-01
-4.371554825204371220e-01
-1.164898026984554358e-01
-1.498306169946911348e-02
-3.586207552039578916e-02
6.902347918577733665e-02
-4.974333273985998005e-03
-1.613674422581531931e-01
1.575056682650055329e-01
6.014470108008791727e-02
9.046067667422061365e-02
-8.769285101555321371e-02
3.890545221378299834e-02
-1.771779951165777800e-01
3.278019970915767300e-02
-1.051049358994141092e-01
7.331709351241544326e-02
2.021380653010328432e-01
-1.916778533623170744e-01
-2.784271060547377497e-03
-2.539744217516524127e-01
9.668171674535613880e-02
-2.510506191100225215e-01
-4.017907058059583432e-03
2.323119183968429258e-01
-2.313022981746791773e-01
2.125431192342506770e-01
-1.327359109600694254e-01
8.952679224935106150e-02
-2.814650508733755885e-01
3.736352454730359485e-01
1.509119044767988083e-01
-2.108799478108270009e-01
1.225229278694427992e-01
-4.924067527303895020e-02
-2.246990718755701166e-01
-1.508402828304455934e-01
-1.431855369699647218e-01
-7.524584478732129766e-02
2.924172368275140821e-01
-3.441309312641169793e-01
2.383207447768965342e-02
4.268592584292121850e-02
2.776244743418552000e-02
6.584170985978317348e-02
1.027452759119206749e-01
-7.699151295949017981e-02
-1.548422051051630832e-01
1.831050845723342646e-01
8.767051931641164919e-02
-1.235854565241609748e-01
-4.370791726997754201e-01
-1.427983912357776441e-01
8.100806200863011619e-02
1.056917872614598630e-01
2.066672863616679512e-01
-2.945823315725635272e-01
4.236579256777744940e-02
-9.723810104316529812e-02
-5.031423812703085530e-03
-2.282732756924075179e-01
5.758703224384265767e-02
2.169114618226767044e-01
1.478009358768366810e-01
-1.800560582426324052e-01
-2.587333745670606366e-01
1.524160077294476889e-01
1.229257316452597171e-01
-8.505526661692834611e-02
-7.810621299018030705e-02
-3.241947968907275546e-01
-2.019641293176570596e-01
-2.365788271476705340e-01
-1.109845677112938911e-01
2.656282393026494493e-01
-1.257198843789890663e-01
-3.296134649222065560e-01
1.130504595682401275e-01
-8.404595307225976031e-02
-1.129271559564473948e-01
-1.034810789118583013e-01
2.297325790777623722e-01
-2.391318145675828261e-02
-1.721434435020876008e-01
1.815112500571401943e-01
7.906927565052498941e-04
1.137846434137432666e-01
9.018338124622510277e-02
8.533354016501307204e-02
1.132580188796730586e-01
-3.097810711189395716e-02
-1.872182686691591796e-02
-2.018538827074103925e-01
1.582779752005065155e-01
-8.427005345209889753e-02
2.927297399699037572e-01
1.608253683331526129e-01
7.788759909061880593e-02
-8.383581820779228977e-02
-5.171519385904012334e-02
-1.690001998353551915e-01
-1.007602366576824393e-01
-2.164689499380902105e-01
7.305830236908374131e-02
4.737409042285829069e-02
-8.710864588049377355e-02
