-4.501411681483464822e-01
6.655992733547793083e-01
-9.965895335853243164e-01
-1.000000000000000000e+00
8.689019134364005525e-01
-1.000000000000000000e+00
1.000000000000000000e+00
2.347102662990699917e-01
-7.915219452068475992e-01
-5.257088441720720873e-01
-7.131828861664575303e-01
6.292093053762650712e-01
-2.643501056842643138e-01
-4.886321206471194167e-01
-1.000000000000000000e+00
-3.749565838759674197e-01
-8.443061528498183588e-01
5.385652071430000465e-01
1.000000000000000000e+00
-1.000000000000000000e+00
1.000000000000000000e+00
-1.000000000000000000e+00
-6.466549822602672970e-01
-8.645122977176498136e-01
8.537209800110525659e-01
1.000000000000000000e+00
3.472243061580748691e-01
1.000000000000000000e+00
-1.589871789410753911e-01
-1.000000000000000000e+00
-1.000000000000000000e+00
1.223308152535858007e-01
-3.053134163497939202e-01
-1.000000000000000000e+00
1.000000000000000000e+00
1.000000000000000000e+00
4.464812776331098521e-01
4.722343377592675973e-01
-6.863862765701808089e-01
-4.407992864955547763e-01
-8.137454890291292431e-01
9.191172406925296468e-02
-9.777357881444166399e-01
-2.033454326397129419e-01
-1.860224665897775020e-01
1.000000000000000000e+00
-1.000000000000000000e+00
-9.954154402594539430e-01
-3.181659154576458315e-01
5.145703331363888910e-01
1.000000000000000000e+00
9.142494591799554815e-02
5.487735593591354100e-01
-5.647249936606799636e-01
8.069571134552502301e-01
-6.052544021595592794e-01
8.920514730468389608e-01
7.279131333919364177e-01
-1.000000000000000000e+00
-3.979987290338067307e-01
6.417576207363246965e-01
8.964029632949280235e-02
5.624101133151826470e-01
5.703166352840565168e-01
9.307550255244410042e-01
-1.000000000000000000e+00
5.558332484051966560e-01
1.000000000000000000e+00
1.000000000000000000e+00
-9.447789135906237146e-01
-7.220694728644649896e-01
4.160507608892163312e-01
1.323790715234522408e-01
-7.811048006503622521e-01
8.137774022515082972e-01
-2.165029860065376122e-01
-1.000000000000000000e+00
-1.000000000000000000e+00
-9.623980295371414861e-02
1.000000000000000000e+00
-7.050766497466764982e-02
1.000000000000000000e+00
1.000000000000000000e+00
-7.610034833548373623e-02
-4.211506212152512640e-01
3.277286330886722832e-01
9.640432987133531473e-01
-3.093121902815519908e-01
-2.231793076129655606e-01
9.220204706438055453e-01
2.175295022117413879e-01
-1.000000000000000000e+00
-6.642156471624446334e-01
6.168623965667097142e-01
-3.514751063746435200e-02
3.765597575147804355e-01
3.830163081261912517e-01
-8.773906404513875934e-02
-5.834396397815211355e-01
1.000000000000000000e+00
-6.439696077563421550e-01
-6.819016165756075498e-01
-1.000000000000000000e+00
-4.310319548253202515e-02
1.000000000000000000e+00
-2.729875345496786121e-01
-7.522566601623559279e-01
-5.591240575786027289e-01
3.635284101423065795e-01
1.000000000000000000e+00
-3.848133414764902671e-01
-8.712986844070510495e-01
-8.498508349435278664e-01
-1.000000000000000000e+00
3.011217514027347830e-01
-9.942975691055466747e-01
-1.000000000000000000e+00
4.280973192813682382e-01
-3.605694769942938693e-01
-1.000000000000000000e+00
-4.430938349943244758e-01
7.004539113515124704e-01
-9.791164853103253574e-01
-7.947749403191948225e-01
8.486907013606057593e-01
-4.927182794237671137e-01
-2.183740588602860466e-01
-9.593342142625136404e-01
-1.000000000000000000e+00
-4.328848303567164324e-01
5.311289534366254728e-01
-2.672341900429660022e-01
3.678527533501338431e-01
1.000000000000000000e+00
-8.872994840130490335e-01
5.710044947963716089e-02
-3.173475714766229583e-01
-6.029257747394287659e-01
3.704490706882584972e-02
3.304356403523344143e-01
1.000000000000000000e+00
1.000000000000000000e+00
1.000000000000000000e+00
5.779749389735077125e-01
1.000000000000000000e+00
-7.073673919779619457e-01
-3.027741502818676045e-01
-8.222440569506028751e-02
-1.000000000000000000e+00
-9.335715283172035805e-02
-5.883913674070531119e-01
-6.552394202472471285e-01
2.519588388211876362e-01
1.000000000000000000e+00
9.329812297386188558e-01
-1.486259043608162411e-03
-1.000000000000000000e+00
-4.874046964330835952e-02
-9.185278562259703294e-01
-2.627236831280139739e-01
-1.000000000000000000e+00
-1.819285105960166682e-02
-3.801985076596570146e-01
-7.835119888125738896e-01
-1.000000000000000000e+00
8.724114881653722842e-01
1.000000000000000000e+00
9.757385184998532690e-01
-4.499922145529151596e-01
2.468834071592094226e-01
2.133574115415844963e-01
1.050790577169533613e-01
-1.000000000000000000e+00
7.723980232971292548e-01
9.282912274964427723e-01
6.276265690498836758e-01
3.467353350224189334e-02
-9.405781165251895226e-01
-4.866060812022721116e-01
-7.987346148329437234e-01
7.130046612579805654e-01
4.721065585555717092e-02
7.713851204391040106e-01
7.944565792749530564e-01
-1.000000000000000000e+00
1.957942030243946530e-01
2.463297506376571633e-01
-1.544266141785969881e-01
5.697178672532843269e-01
8.767221910480649250e-01
5.152078200375804773e-01
1.000000000000000000e+00
-3.431335123006655219e-01
-1.000000000000000000e+00
-1.000000000000000000e+00
-6.820027725903875515e-01
-5.672634564690575143e-01
8.707287866206911975e-01
-3.265063665904677226e-01
5.434849634977862998e-01
-1.000000000000000000e+00
7.905848125207048938e-02
8.913008048200149469e-01
-1.000000000000000000e+00
-1.113621391435618557e-01
-1.000000000000000000e+00
9.293901070665739894e-01
-7.280084636137786891e-01
1.689043630728795931e-01
3.665134381449423051e-01
1.000000000000000000e+00
-7.573718272779574878e-01
5.294787146967194769e-01
1.000000000000000000e+00
-1.000000000000000000e+00
2.836449507938753056e-01
7.080657869223973000e-01
9.753378722983683247e-01
-7.186863296630794373e-01
1.909470274150808500e-01
-1.000000000000000000e+00
-8.403666158709290901e-01
-6.657869687874820031e-01
2.046077041921681716e-01
-1.006579778443731366e-01
-2.877044286802121764e-01
-3.600977616878276999e-01
1.661948591224282623e-01
-7.519050983985584580e-01
2.784995303238682052e-01
-9.021944591474939656e-01
9.173172360428190064e-01
-4.666524796008856280e-01
-1.000000000000000000e+00
-1.000000000000000000e+00
-9.451780730129973884e-01
-6.035808976859733388e-01
-9.361289704417918855e-01
-5.205929317714201865e-01
4.347120300778652968e-01
8.973979620978833616e-01
-4.617437569311159118e-01
3.807793802333694355e-01
1.000000000000000000e+00
-4.312165114221259143e-01
-5.332003387689588925e-01
-5.414209693728095907e-01
-4.224172662357356112e-01
2.805043124274018140e-01
5.609515228026540345e-02
6.431321747102429764e-01
-1.000000000000000000e+00
8.540117448711592729e-01
1.000000000000000000e+00
1.716512922978542244e-01
-1.000000000000000000e+00
2.822784209604800587e-01
-2.347514504253414014e-01
1.000000000000000000e+00
9.661703454827841320e-02
-1.000000000000000000e+00
2.855646855927472805e-01
1.000000000000000000e+00
-1.000000000000000000e+00
-1.000000000000000000e+00
