3.844821625151481626e-01
3.840055553488856965e-01
-8.646347558819585943e-01
-6.486691446450211229e-01
-7.124473297981687159e-03
2.737174768802447256e-02
7.118435571101617843e-01
9.080892215559377423e-02
8.322598167861278151e-01
-1.454956398842792709e-01
-4.044371018875589918e-01
-9.179694492754757462e-01
-1.000000000000000000e+00
-3.145301753279369228e-01
5.952226293205981067e-01
-1.000000000000000000e+00
6.111740816912520913e-01
4.872552044551153871e-01
3.143338761989153962e-01
8.254277438791296495e-01
1.198500278223402771e-01
-8.378898624437205456e-01
-6.101120029425325386e-01
6.497263438654232726e-01
-5.188606122865075942e-01
1.000000000000000000e+00
7.677882208513597817e-02
5.881919109570377113e-02
7.770805291158052741e-01
7.562914088898466947e-01
-1.749069595740213034e-01
1.425631957338427958e-01
-1.645241308251335632e-01
4.185893069379722498e-01
7.027607357258602860e-02
9.752964204656997538e-01
3.844496007552773431e-01
3.598647433376964688e-01
-8.630218038615291576e-01
1.000000000000000000e+00
1.509348929418277141e-01
1.441672885494147405e-01
-9.746812628333775264e-01
1.000000000000000000e+00
1.497399181522421907e-01
6.015947403352874812e-01
8.724872726685408697e-01
5.342225360129724265e-01
-7.235606515530408345e-01
1.000000000000000000e+00
6.002036148050502451e-01
-3.316972954648336191e-01
-7.987954348781183267e-01
4.877395921095672437e-01
-1.000000000000000000e+00
-7.251277355917973289e-01
3.209730085027935331e-01
9.694598843605592986e-01
4.077864571131041838e-01
-3.446679046991120710e-01
-3.379785648627197103e-01
-2.949937498006027781e-01
8.197871166561082612e-01
-9.473962351906775048e-01
-1.000000000000000000e+00
-8.472811289965510584e-01
1.328450856442379147e-01
-8.940164768045157917e-01
-4.842172400789419573e-01
2.607513097014229064e-01
-9.273394531173466682e-01
-8.937396285419252351e-01
9.401977277268638300e-01
9.854092146711930233e-01
7.005466437638924182e-01
7.722407219074829410e-01
1.000000000000000000e+00
-9.388709952937133174e-01
1.000000000000000000e+00
8.657217883043079043e-01
6.275089556504949151e-01
1.880699517388841890e-01
8.277580707323850540e-01
-3.276798396177137418e-01
-9.876668933375496451e-01
1.310762740531734583e-02
-7.176301884564022515e-01
9.530367202970040363e-01
8.703925557211773523e-01
1.201861226425293694e-01
5.173792774747087986e-01
-7.694072939596670047e-01
-1.000000000000000000e+00
-1.190004262132488277e-01
-2.711942093998753744e-01
5.176853566384809202e-01
9.831238221912443898e-01
4.255492589202130027e-01
-4.710930047985841251e-01
8.329655225681507069e-01
-1.999999999999999556e-01
8.386144961466609482e-01
-5.701478726109985296e-01
-8.618885994936493766e-01
5.891912986794818341e-01
5.327577398797931352e-01
1.000000000000000000e+00
8.395226839475377068e-01
-3.869403667179194262e-02
-5.815365505100521526e-01
9.852954125108726036e-01
-2.607180479768881343e-01
6.307703944251541461e-01
5.428417764426411996e-01
6.978983205592190764e-01
-8.906474223237555998e-01
8.482927820040474520e-01
-2.945291228145965889e-01
-1.915691166643226362e-01
-1.000000000000000000e+00
-7.485611468882396036e-01
4.350000086102543406e-01
-7.499266380196151216e-01
-2.183901091013958351e-01
9.224025772817441293e-01
-9.985976576218058565e-01
8.091875498776879283e-01
6.626395149309866062e-01
-8.622307429595126305e-01
8.076027949734430056e-01
-7.397034110818319075e-01
-5.002286170530449994e-01
-1.000000000000000000e+00
-1.000000000000000000e+00
-3.468460461460342037e-01
9.393509239904291874e-01
-8.607450500795501558e-01
-2.316106841221743373e-01
-1.000000000000000000e+00
-1.372752983198919363e-01
-8.201930589541543970e-01
-6.277860237878178928e-01
3.336773151746443844e-01
-5.237382341941704267e-02
-4.494308519567022930e-01
-9.679656573969730449e-01
3.607587911481857645e-02
1.194393263837269514e-01
9.407354468898865285e-02
2.496815458566822854e-01
-3.672879058805321728e-01
9.788656731387046506e-01
1.000000000000000000e+00
-7.404466670416244289e-01
-9.303761171796520735e-01
1.000000000000000000e+00
5.716081641128442081e-01
6.518503215017699137e-01
-1.565834457923487300e-01
2.674238157276342953e-01
-7.899547198337363296e-01
-3.203389492102687863e-01
3.353511691659671889e-02
1.214125998220572100e-01
3.062269836067963436e-01
6.347054837291964402e-01
9.666149077453336513e-01
6.664271851975239747e-01
7.607297367752576811e-01
-3.615877560307434457e-01
5.875923750150973124e-01
-1.818861949387320376e-01
7.436733489573654765e-01
4.740116976822672523e-01
2.620004897140346678e-01
-3.296389963081798324e-01
-2.878111392742024877e-01
-8.064048293583021554e-01
-1.000000000000000000e+00
-7.765423402628677252e-01
1.000000000000000000e+00
-5.428968741837492118e-01
-7.568720791030436601e-02
-8.614847428174312594e-01
1.000000000000000000e+00
-3.455980401052733963e-01
-4.015038522846572366e-01
-3.732306192198526773e-01
2.642679955227403288e-01
-6.904899103758100898e-01
-2.129395948209699130e-01
1.525621815632469680e-01
-4.331131536769923240e-01
8.806435134593730840e-01
4.898432079578642906e-01
2.072736764652223229e-01
7.719971746314735483e-02
-6.113062465742759022e-01
-4.871880277598076847e-01
7.176381245685057308e-01
9.714546530041847650e-01
5.833890309410914021e-01
-7.739748487828101986e-03
-2.275281577673715638e-01
9.206905781127955324e-01
-2.645441556929180038e-01
1.498387596182445547e-01
-7.279546546699657839e-01
-6.606235675061423729e-01
2.491212121074437569e-02
-7.231811916389623285e-01
-6.291197493539852914e-01
-4.271394268737924715e-01
8.301671174328255631e-01
-2.993439589318569460e-01
-9.675545768710509531e-01
6.457255818099920663e-01
7.599998952776587657e-02
-2.901299607114918855e-01
-6.304578346694986735e-01
-1.688770919080953004e-01
1.852194376150319011e-01
1.000000000000000000e+00
5.696645289400110723e-01
6.876430205513168747e-01
-9.904919293029275096e-01
3.699737013157172738e-02
-2.237317340179361125e-01
-6.577244518182425725e-01
-1.000000000000000000e+00
1.000000000000000000e+00
-3.322443867494557779e-01
-1.000000000000000000e+00
4.907656863088262489e-02
-8.686814870582512116e-01
-7.333367665743979469e-01
6.452078026663323751e-01
1.000000000000000000e+00
2.815877130201381862e-01
8.736486940022893943e-01
2.868259169406189857e-01
-4.794132363404604025e-01
5.152784567814514549e-01
-7.166630750904796621e-01
-5.515595267461048667e-01
-4.366902329090451840e-01
-6.738168886362743137e-01
-1.000000000000000000e+00
-8.119916202427979179e-02
5.777476794928475545e-01
4.272338872709267044e-01
-9.722166602364625820e-01
5.289446940365101213e-01
-1.871170040811374058e-01
-2.064572204617594053e-01
3.664887500074818227e-01
-9.886165657531453821e-02
9.112125182651165112e-02
7.067126499658540340e-01
-9.080070640234865209e-01
1.481594279987059615e-01
-1.506919848250683758e-01
-6.690165728020575076e-02
4.668061485325257221e-01
4.691258144080595049e-01
