1.000000000000000000e+00
9.980161935044051802e-02
-2.238345608862485348e-01
-4.000428565085987209e-01
-9.103385136510718789e-01
-1.000000000000000000e+00
-1.368835995158366181e-01
-1.281498558907948060e-01
-8.251789215297166136e-01
-8.055675266528542489e-01
7.598389701693069043e-01
-5.549218973855059023e-01
-6.155651632743105450e-01
-9.683470709670429777e-01
1.000000000000000000e+00
-5.577265762494714174e-01
8.540825817145001331e-01
-1.000000000000000000e+00
-1.000000000000000000e+00
1.000000000000000000e+00
1.000000000000000000e+00
-9.053355837879888401e-01
1.312895530245078435e-02
-1.801899981328864975e-01
-3.231397026049804833e-01
9.345188968935470575e-01
1.554684916060572464e-01
8.596214663370648212e-01
7.564765769862651368e-01
4.147981018601282766e-01
1.000000000000000000e+00
3.716545713141637952e-01
-9.015415273511095950e-02
4.033074398246645487e-01
-6.810802772191726362e-02
8.464148268485688353e-01
7.173209878717041743e-01
-1.000000000000000000e+00
-9.723920949051736429e-01
-4.557857490047623195e-01
-3.235339389773629892e-01
2.711228755171244953e-01
-1.000000000000000000e+00
-1.000000000000000000e+00
-2.678767381682070625e-01
4.947246329418136801e-01
-9.201205630864623952e-01
-5.468558596747201683e-01
-2.994237691978504645e-01
-3.232979665674886594e-01
2.338056397371849338e-01
5.594156789546089747e-02
5.651698663928794719e-01
-3.896214234595403170e-01
3.196875855107220721e-01
9.794027003525451747e-01
-7.242443325573657553e-01
-5.597572775783129506e-01
1.000000000000000000e+00
4.128386864001248879e-02
2.434253965817018139e-01
-1.000000000000000000e+00
8.181209140967939941e-01
1.000000000000000000e+00
-1.000000000000000000e+00
-1.349603863225331546e-01
-7.431460684395911898e-01
-5.560244738893866945e-01
1.000000000000000000e+00
-4.468482410099282043e-01
-2.254928832005503175e-02
-1.000000000000000000e+00
-6.741661548402617943e-03
-6.807122375854712804e-01
2.479732489811022900e-01
-2.751295583776492415e-01
-1.000000000000000000e+00
3.006347238690056101e-02
2.689848184917542628e-02
-4.405961795950453785e-01
1.000000000000000000e+00
4.487053199641353185e-01
1.000000000000000000e+00
-4.963801841533982406e-02
8.767145208497596487e-01
-1.342742218544284993e-01
1.351353840925395844e-01
-6.894678455235987435e-01
2.210532003500743359e-01
3.403740402355359684e-02
5.284856260933347150e-01
-4.096906008358783269e-01
9.747543777983401769e-01
-6.426334509617013246e-01
-1.833815741556966972e-01
-5.784438504692360206e-02
2.408477752705740493e-01
2.643218101008708576e-01
2.463602715781711971e-01
1.000000000000000000e+00
8.482906907568114052e-01
7.743591348752620895e-01
7.292165537821171384e-01
-5.700780244574401578e-01
7.324192289207651640e-01
-3.868164751350456898e-01
-1.048855699710715683e-01
-1.000000000000000000e+00
1.000000000000000000e+00
6.023380349481430862e-01
-6.944075706742892651e-01
-2.647929536897589142e-01
2.191342664887772074e-01
-1.000000000000000000e+00
7.171640482567704922e-01
8.294089955895810329e-01
1.000000000000000000e+00
6.450590027964937523e-01
6.999781508743729841e-02
-2.931581466914412459e-02
-9.195804240897823556e-01
5.215296095146795263e-01
-3.979331836267095968e-01
9.037884109571701075e-01
4.959123496157107347e-01
9.544944681293947575e-01
-4.393434684943986479e-01
9.035786084469781265e-01
2.873409852879920123e-01
6.626485305560941841e-01
-9.462840609428363470e-02
1.142623343208202802e-01
4.055523209031966503e-01
-1.000000000000000000e+00
1.000000000000000000e+00
1.219864004337002372e-01
-1.272841192918251485e-01
1.000000000000000000e+00
6.034331569823395691e-01
7.868999792363979839e-01
-6.017652753582235503e-01
-9.794810373056677122e-01
-8.492919733808624860e-01
-8.133655765526528469e-01
-6.392019201033947162e-01
1.990087094682790880e-03
5.356165595297517346e-01
3.339413792081153964e-01
2.559794415581077842e-02
1.860767659726728640e-01
-9.478344915393072112e-02
-5.368837187684527557e-01
-5.258563365811473878e-01
3.507046117344909675e-01
-9.079515112704695801e-01
-3.367232793076270769e-01
-1.000000000000000000e+00
6.838660393506178492e-01
7.935250907769755280e-01
-2.003870364507462365e-01
-4.135685615622593514e-01
1.964712899085009068e-01
-1.053809435978667886e-01
3.329498984753407331e-01
3.950191855542673491e-01
-1.000000000000000000e+00
1.826988563812296240e-01
-7.313762292756229577e-01
-5.521395691005780426e-01
2.471451082706768165e-01
4.951863917156671402e-01
8.849765422844690921e-01
7.502750879173762932e-01
-3.039730543692702458e-01
3.895292781616017108e-01
5.355917565307228845e-01
-3.255044070339140339e-01
-1.864130223546250353e-01
-4.454420232188185946e-01
4.952454053827317071e-01
-1.085877908169289308e-01
-3.080263177297473121e-01
9.265813350766083367e-01
-5.335474033105082059e-01
1.658767877081067377e-01
-1.957065292883094776e-01
-1.000000000000000000e+00
4.530985157305228439e-01
-1.549387088390952183e-01
9.848092929613833091e-03
1.000000000000000000e+00
5.610387427938573479e-01
-7.723824894128086260e-01
4.925343606484200443e-02
-2.400027188823043445e-01
5.434245364334039374e-01
1.000000000000000000e+00
-1.269017532141546445e-01
-4.233954634024820196e-01
-4.110544595773715226e-01
9.668377463644433067e-01
-1.000000000000000000e+00
-4.058556032785367029e-01
4.295405317149639801e-01
-6.598904643329313036e-01
8.006593519722939867e-01
3.264224568485659672e-01
9.035610723619388329e-01
-6.810710811886215854e-01
3.883018883374093622e-01
-3.082578870869185916e-01
3.272224040328552963e-02
-4.646719861699397658e-01
9.328449568519092683e-01
-1.000000000000000000e+00
1.702006112924321357e-01
7.199457489235105978e-01
-1.000000000000000000e+00
-8.897984976716613592e-02
1.000000000000000000e+00
2.483627929703235981e-01
9.472354939246693251e-01
-1.000000000000000000e+00
6.451353684275482614e-01
2.860315400618893555e-01
-8.835673340319485924e-02
-1.177276148114483334e-01
6.633742950941127203e-01
8.580370764987516052e-01
-1.000000000000000000e+00
-4.245021690662137415e-01
-3.086845715275005619e-01
3.175050546425613462e-01
1.000000000000000000e+00
2.033450750733951928e-01
3.739361569621447168e-01
-2.827380503576762960e-01
-2.009774039412374202e-01
4.688508763825877668e-01
-1.000000000000000000e+00
-1.000000000000000000e+00
9.055426594518094507e-01
4.559454458991518688e-01
-2.430402230482542336e-01
-3.421844514421653605e-01
1.000000000000000000e+00
4.980635078937725169e-01
-3.811516204146198628e-01
-3.921709157698234360e-01
3.197978662535812255e-02
-1.000000000000000000e+00
2.355751372248018893e-01
7.371698067837824109e-01
1.000000000000000000e+00
-1.260841263204016682e-01
-6.167813019049552814e-01
5.869093427057626711e-01
1.370022391510763438e-01
1.000000000000000000e+00
6.304359246745161460e-02
6.052337024913042596e-01
6.004587262590104224e-01
1.000000000000000000e+00
8.002527419388354435e-01
1.000000000000000000e+00
