-3.042166343093946068e-01
4.117958235850952553e-01
3.332075430295229346e-01
3.053697591562183344e-01
2.487141943580448156e-01
2.316770848391722926e-01
2.604757617745723786e-01
4.441278339580727041e-01
8.864434624217393255e-01
3.966070577196200569e-02
5.793925740846156414e-01
-2.228161914466173510e-01
-4.208426569086517327e-02
-9.113022474558232222e-01
-3.503088679124435334e-01
1.926994402046786070e-02
6.156384915420989312e-01
-2.486603689000360662e-01
3.014667780490963844e-01
-6.098053459245064145e-01
-1.800805253112326976e-01
-1.940449396996727360e-01
2.484459995500842844e-03
-1.847963233887002232e-01
-5.684223763480544811e-01
3.438445594354753165e-01
-4.028550983933875118e-01
8.221923333670085876e-01
-2.403976262515646056e-01
-2.806905631522987887e-01
-8.589257641726361081e-02
3.203731277293210278e-01
8.976071910604717097e-01
1.824545003854394221e-01
-3.767407773052324216e-01
1.904496855421667079e-01
-1.031422047636747219e-01
6.964944275048658984e-01
-1.961289798151837627e-01
9.069282494616075496e-01
-8.928739583854603534e-01
4.100080598499977746e-01
-1.987775756146890060e-01
-8.997748839456548575e-02
4.493892120317930505e-01
-4.912951055879584417e-03
-4.149061824483513128e-01
4.720979379511477392e-01
6.704481143267939647e-01
-2.963774223721900025e-01
1.000000000000000000e+00
-1.656002219061573633e-01
-6.870917267543892315e-01
-1.940567567326539622e-01
-1.622838224011749209e-01
-2.543540539750133167e-01
1.189293474836074227e-01
1.769153624557346927e-01
-1.308558655311630597e-02
1.472647518903852926e-01
-7.927060944122902297e-01
-4.890787341082931117e-01
5.036351006411279307e-01
-5.550829199788283042e-01
3.315141335774137721e-01
-1.500168038196876275e-01
3.609303414035165969e-01
9.103337055180958926e-01
-8.363024984462692490e-01
5.926916880037411683e-01
1.055983992219011181e-01
-3.031454723254640715e-01
-2.174095178219834779e-01
4.435553350462526079e-01
4.082780719181531293e-01
-5.802562859768575221e-01
-2.779576362555590818e-01
1.883798738573316811e-02
-4.823281731095804270e-01
4.469164488086863618e-01
-7.256094305876594763e-01
4.951021128227990897e-01
3.069136524727189563e-01
-4.238789517694920850e-01
-2.381625992681707660e-01
7.336282479556738290e-01
4.216215552497929453e-01
-2.270274269722966642e-01
-5.602635257050103679e-01
1.287227373154969934e-01
1.606117260637982547e-01
-1.966732126829401905e-01
7.276697660682283908e-02
-1.317402544339720816e-01
6.863848653149665080e-02
3.636678988832935389e-01
-1.729419190063304357e-01
7.464411500439043223e-01
-4.664598759237031378e-01
-8.230929602352115015e-01
-3.869674305986346430e-01
-6.577573763370605509e-01
-3.743429541952822959e-01
1.758301188655187475e-01
3.397052497640689617e-01
5.006890973687534441e-01
-2.308357631021354384e-01
-4.483746785401062640e-01
-5.662080512874736460e-01
1.000000000000000000e+00
8.534737926479796233e-03
-5.035058849087896693e-01
3.072996583382563429e-01
-6.601763375640523623e-01
9.705902178222453047e-01
6.960414384729549653e-01
-3.395030757318343584e-01
3.517799987841399023e-01
1.443208489255603244e-01
-9.758415196890175558e-01
-7.579385268610838722e-01
-2.227950974977806753e-01
-6.261414873928619063e-01
-3.974387697866833546e-01
-7.247763746963176157e-01
-1.020942037037697037e-01
2.672813447101539674e-01
1.000000000000000000e+00
-8.502816796787244780e-01
-4.950323943694671658e-01
6.362913447609515050e-01
-7.776937340772388518e-01
-3.312525524442582192e-01
3.078049052234050897e-01
-6.518051984429317214e-01
-1.292537425271743368e-01
-3.356034497189099852e-01
6.832562692503257873e-02
-2.335343636531407308e-01
-7.895241084857808345e-02
-1.685878687875723425e-01
3.527900064463151408e-01
7.849416597712612909e-01
-3.136546455456264426e-01
5.368847575690285368e-01
-6.918888118577436463e-01
-1.393272755746057801e-01
-2.332556665989216627e-01
1.531725679952188057e-01
3.816446093047487498e-02
-5.023229094130597927e-01
-8.568013704269515640e-02
-2.392769563570381619e-01
1.162473341816139955e-01
-4.503078589425113520e-03
-3.278694506346667148e-01
-2.554138043475168152e-01
6.388437372541290182e-01
-9.507870855146811628e-01
-8.915543039411913395e-02
2.435871280066193023e-02
4.326031065034489642e-01
-2.281182093253056320e-01
-6.693649019563440161e-01
4.089370971588915382e-01
1.945932317923418364e-01
5.721614983720165748e-01
-1.845172843112727057e-01
-2.321552794970079547e-01
9.041674720719028446e-01
-7.020832917746998580e-01
9.640162575822559532e-01
1.133601831556699108e-01
-6.125965073948065331e-01
-4.452388984157328311e-01
6.375545108696900609e-01
-3.960677638336436157e-01
2.281205764407839842e-01
3.018848688743453468e-01
3.084269330281237398e-01
9.853701655151803074e-01
-1.000000000000000000e+00
-3.709780409417123281e-01
8.871089450827404632e-02
-1.681526532210275704e-01
-1.000000000000000000e+00
4.736663807448899810e-01
-2.914685595857396949e-01
3.645037732535829633e-01
4.801871860078963938e-01
-2.839678574583301418e-02
9.152182305727684097e-01
7.585934354249189715e-01
-2.652391987223557956e-01
6.223414296533261725e-01
-6.804792289151155860e-01
3.635020898960170110e-01
7.895387139498448725e-01
4.244490526061049929e-01
-1.680489460348558173e-01
-3.890540651702791286e-01
-2.892732925868904403e-02
-8.740212331875001350e-01
-7.546913808548844083e-01
8.095047625992114748e-02
-2.542251434164140012e-01
1.308559510894355404e-02
2.659753622581760291e-01
4.562142500219328323e-01
-5.842413528415055790e-01
-3.600616270430083699e-01
-3.641479963741746095e-01
4.451558406782921140e-01
3.339969161285500365e-01
8.246958277564936379e-02
4.237102061941256936e-01
4.244964026186995865e-01
7.363829006149334999e-01
-8.498637045909340770e-01
5.266825196868327730e-01
5.761702818244198721e-01
-4.786483071327972683e-01
-7.118714634419842646e-01
4.062537879674377184e-01
-2.498634164769109045e-01
-2.815610215882096146e-01
1.109507749061744847e-01
5.981556767287582455e-02
-2.747097603784660058e-01
-9.000765425627913485e-01
-3.746738010922051609e-01
9.578888160013594721e-02
3.313498758670798683e-01
-1.726067182949980183e-01
-1.000000000000000000e+00
-5.652024653961786882e-01
-1.958898756842406552e-01
-3.452203214010411969e-01
9.243712775029033768e-02
-9.184619440342238761e-01
-3.243106851595475293e-01
-3.043531818143879186e-01
1.967277478130212698e-01
6.718349148728643971e-01
-3.424259049686646517e-01
-4.677661120985301402e-01
-4.187584220513020927e-01
-4.331462145419915366e-01
2.812490834780458915e-01
2.337405380725827708e-01
-5.055661003337335035e-01
-3.555914393448155186e-01
4.274156757255566097e-01
9.486557561319123311e-01
3.795485751388853468e-01
3.329609836088902042e-01
-6.012783356170768867e-01
-1.092824003847061576e-01
-2.104218637753536292e-01
3.367900067828749067e-01
-6.851285274189153895e-01
-4.904798475460835361e-01
-5.167255869580452687e-01
-1.255969645126248091e-02
-7.921985816397247859e-01
