-7.217662081196489776e-01
1.000000000000000000e+00
3.275380784453257310e-01
-7.334517590148015298e-02
-8.297228775660709932e-01
1.000000000000000000e+00
-1.000000000000000000e+00
-1.000000000000000000e+00
1.000000000000000000e+00
-1.451267266293647107e-01
9.238865588718622179e-01
1.000000000000000000e+00
-1.000000000000000000e+00
-1.000000000000000000e+00
-1.000000000000000000e+00
9.238434663413772618e-01
2.638730588654359943e-01
1.000000000000000000e+00
-1.922150298836218241e-01
-4.762474896727936780e-01
-1.495805875454224720e-01
1.000000000000000000e+00
-6.430931367634283857e-01
7.965213561099251383e-01
1.000000000000000000e+00
1.000000000000000000e+00
-1.198112331150022608e-01
3.713540219272820075e-01
-1.000000000000000000e+00
-6.146962819328438687e-01
1.000000000000000000e+00
-1.000000000000000000e+00
7.189681003519896585e-01
-1.000000000000000000e+00
1.000000000000000000e+00
1.000000000000000000e+00
-6.259446993303254825e-01
-6.971324107118177515e-01
-1.000000000000000000e+00
-1.000000000000000000e+00
5.899814856768189619e-01
-1.000000000000000000e+00
-1.000000000000000000e+00
-2.909735118962025191e-01
1.000000000000000000e+00
1.000000000000000000e+00
-1.858942640711048755e-01
-1.369725418757149482e-01
-1.000000000000000000e+00
9.953293178994380153e-01
-9.308485340014939213e-01
-1.000000000000000000e+00
-1.000000000000000000e+00
4.804281337224289294e-02
1.000000000000000000e+00
2.078141162332222125e-01
3.223283969713758301e-01
-5.619113703945682881e-01
-1.000000000000000000e+00
1.000000000000000000e+00
1.000000000000000000e+00
-1.000000000000000000e+00
1.000000000000000000e+00
1.000000000000000000e+00
7.717821075031251477e-01
-7.927544813975495597e-01
1.000000000000000000e+00
-8.484463131560006088e-01
2.365909631948998060e-01
1.000000000000000000e+00
-1.000000000000000000e+00
-1.000000000000000000e+00
1.000000000000000000e+00
3.188018477618352886e-01
-1.000000000000000000e+00
-2.678581377217333359e-01
-1.000000000000000000e+00
-1.000000000000000000e+00
-2.953374481918040750e-01
-1.000000000000000000e+00
-1.000000000000000000e+00
8.370892873126534184e-03
1.000000000000000000e+00
-1.000000000000000000e+00
-1.000000000000000000e+00
-1.000000000000000000e+00
1.000000000000000000e+00
-7.934224199411883394e-01
5.454716165948338968e-01
-8.468491934531059417e-01
9.885046271746998903e-01
-1.000000000000000000e+00
-1.000000000000000000e+00
1.000000000000000000e+00
-1.000000000000000000e+00
-1.000000000000000000e+00
7.793082097052569379e-01
-6.911285125419559527e-01
-2.878907924835671928e-01
-4.271783568329572400e-01
1.000000000000000000e+00
1.000000000000000000e+00
-1.000000000000000000e+00
1.000000000000000000e+00
1.000000000000000000e+00
-2.203712199703721508e-01
-1.000000000000000000e+00
7.279423442966479474e-01
-8.730311589535110217e-01
1.000000000000000000e+00
-9.168045797734527547e-01
-1.000000000000000000e+00
-9.444278934683018045e-01
-1.279046720507314439e-01
-2.911341915800547131e-01
-1.000000000000000000e+00
-1.000000000000000000e+00
-1.000000000000000000e+00
-8.310578511322058715e-01
3.291565427064165883e-01
2.992793991777398244e-02
5.077218273252539493e-01
-8.483406292120243553e-01
1.000000000000000000e+00
9.712771515527882649e-01
4.851060979446004673e-01
1.000000000000000000e+00
3.119113279365836044e-01
1.000000000000000000e+00
2.924978828806724662e-01
-1.000000000000000000e+00
-1.000000000000000000e+00
-5.484721510589236626e-01
-5.609152051103387659e-01
6.545687617751670961e-01
1.000000000000000000e+00
1.000000000000000000e+00
-3.941712856033427470e-01
-1.000000000000000000e+00
1.000000000000000000e+00
3.024322809712584603e-01
-1.000000000000000000e+00
1.000000000000000000e+00
-5.535980479664467380e-01
-1.161631743289892604e-02
-1.000000000000000000e+00
-1.000000000000000000e+00
-3.141479270447983252e-01
-1.000000000000000000e+00
-2.630651933317266766e-01
-1.000000000000000000e+00
-1.000000000000000000e+00
1.000000000000000000e+00
-1.000000000000000000e+00
4.701500753433196511e-01
-1.000000000000000000e+00
-1.000000000000000000e+00
3.260403300158799533e-01
2.306797727359345407e-01
-1.000000000000000000e+00
1.000000000000000000e+00
-1.000000000000000000e+00
-1.000000000000000000e+00
-1.000000000000000000e+00
4.898792611904650984e-01
6.332452360616509512e-01
-9.674822658218463767e-01
2.488235541225225500e-01
-1.000000000000000000e+00
8.798633114232876640e-01
8.886886167590015706e-01
1.000000000000000000e+00
-1.000000000000000000e+00
-6.458549675482263552e-01
1.000000000000000000e+00
-4.284967368455806502e-01
-1.109971433718387468e-01
-1.000000000000000000e+00
9.175999386215925036e-01
-6.031843925390005801e-01
1.000000000000000000e+00
1.000000000000000000e+00
-1.000000000000000000e+00
5.722244406650595083e-01
-1.000000000000000000e+00
-1.000000000000000000e+00
-9.622428999930843219e-02
2.653225333266863717e-01
-1.000000000000000000e+00
-4.945734537225280475e-02
1.000000000000000000e+00
1.000000000000000000e+00
9.295634783591500971e-01
-1.000000000000000000e+00
-3.209524372822210592e-01
-8.977211745824609235e-02
-7.959794861484679185e-01
1.000000000000000000e+00
-1.281085484340755976e-01
9.629129290127910190e-01
-1.000000000000000000e+00
1.000000000000000000e+00
1.000000000000000000e+00
7.878267707374672080e-01
-2.781827444213137435e-01
-6.166480618088868715e-01
8.993485482535967801e-01
6.942470192961003317e-01
1.000000000000000000e+00
-7.927443433678812434e-01
1.000000000000000000e+00
-3.696798168819306341e-01
5.527186807970153604e-01
-5.867169914984935453e-01
4.060011662088436335e-01
-1.000000000000000000e+00
-6.038908676167307199e-01
8.989820705441045057e-01
1.000000000000000000e+00
1.000000000000000000e+00
-1.000000000000000000e+00
-1.000000000000000000e+00
-6.738679410749609522e-01
-7.641952084189935768e-01
-5.539124761235487693e-01
8.540521707299111309e-01
1.000000000000000000e+00
-2.576993282288998488e-01
1.000000000000000000e+00
-7.024890477977019376e-01
-1.000000000000000000e+00
1.000000000000000000e+00
-1.000000000000000000e+00
-4.717996628892233701e-01
-1.000000000000000000e+00
-5.171262928011036708e-01
-1.000000000000000000e+00
1.000000000000000000e+00
1.079441860289319655e-01
5.039662162911673349e-02
-1.000000000000000000e+00
1.000000000000000000e+00
-1.000000000000000000e+00
-1.000000000000000000e+00
-1.000000000000000000e+00
-1.077429350217471438e-01
-1.000000000000000000e+00
1.000000000000000000e+00
4.599288055143846421e-02
2.476051357707487188e-02
-5.403252131176454753e-01
-1.000000000000000000e+00
-1.000000000000000000e+00
-8.036833367113818127e-01
1.000000000000000000e+00
-5.684958222194187449e-01
1.000000000000000000e+00
-7.139793391643557419e-01
6.112159917467563375e-02
3.453959184482925382e-01
3.935703544498909134e-01
1.000000000000000000e+00
-7.320843285591576155e-01
8.968504995185202500e-01
-1.000000000000000000e+00
