9.792484291821588194e-01
-8.509128740628797427e-01
-6.789478579104306633e-01
2.510991253763866782e-01
5.509794357308582802e-01
8.102322766254761444e-01
-6.127383454175758803e-01
-7.780408315043813028e-01
8.389647759912208791e-01
1.000000000000000000e+00
-1.000000000000000000e+00
-7.956370146421395395e-01
3.664165126407747941e-01
-3.306577588181913718e-01
9.646572241118858138e-01
-4.318728317127568661e-01
6.577834254670958947e-01
5.824027165670421224e-01
5.802359663737172157e-01
-7.169062414301338171e-01
-9.375287226058532930e-01
-1.000000000000000000e+00
9.000996230956229693e-01
4.861407705784415167e-01
-1.000000000000000000e+00
-6.741787765517552877e-01
3.243088530216058363e-01
4.634043143263233411e-01
1.000000000000000000e+00
2.624330541113776283e-01
-1.000000000000000000e+00
-7.685845811575886533e-01
3.990369430528417638e-02
6.561183136833517171e-01
8.556686946578334618e-01
-7.756208157765756006e-01
-1.000000000000000000e+00
-8.725748793877944331e-01
1.000000000000000000e+00
7.079840675363734404e-01
7.647873976292928200e-01
1.000000000000000000e+00
3.000704848888663401e-01
-8.705204518203266684e-01
1.519669038681006890e-02
-1.000000000000000000e+00
4.373185364145698584e-02
4.398343790324116265e-02
-8.536082767055541698e-01
-7.934164491188616664e-02
-7.622943482698433249e-01
3.205295127534091293e-03
1.000000000000000000e+00
1.000000000000000000e+00
7.998771692771842190e-01
-7.098808926052132540e-01
-1.000000000000000000e+00
-3.006301956134354025e-01
-4.990098323724505569e-01
4.907959744878785946e-01
-1.220089116150670921e-02
-1.770326422691901325e-01
-1.000000000000000000e+00
4.567089939170961288e-01
1.000000000000000000e+00
1.000000000000000000e+00
-4.104371335306073454e-01
1.000000000000000000e+00
1.000000000000000000e+00
-5.320874718657728764e-01
-5.411123618369797494e-01
3.233746958272650240e-01
1.000000000000000000e+00
9.678376039683217469e-01
1.000000000000000000e+00
-4.510301599329582523e-01
8.601068059619421113e-01
-1.000000000000000000e+00
7.551319953263958551e-01
7.644837957307877296e-01
-1.000000000000000000e+00
1.000000000000000000e+00
1.051535957304818303e-01
2.594360976401155483e-02
-2.363282178942630041e-01
-9.353444437426350344e-01
4.285936458645905334e-01
1.000000000000000000e+00
-2.868287824413816578e-01
-1.000000000000000000e+00
2.443377443254571013e-01
-2.249684357556958614e-01
-2.300977324238654420e-01
4.659292007760405530e-01
6.414978435640250609e-01
1.000000000000000000e+00
-1.000000000000000000e+00
-3.606860199813664569e-01
-2.370135188146181848e-01
-9.076703334828539749e-01
2.786979316128462836e-01
-1.000000000000000000e+00
-1.000000000000000000e+00
3.844433025840942042e-01
4.149475585215113838e-01
-7.058175702154114717e-01
-4.012946375512671526e-02
1.000000000000000000e+00
-2.787788451176252957e-01
-3.532446056696581516e-01
8.855862886196963490e-01
1.000000000000000000e+00
4.860580529158985419e-01
-4.364668186695468410e-01
2.453719478635358886e-01
-2.693962324263182717e-01
-7.833449337280572466e-01
-2.215977369154200627e-01
-6.424560096233200568e-01
-1.000000000000000000e+00
7.474242437723725985e-01
3.088627844928110155e-01
8.014620478296776707e-01
1.000000000000000000e+00
1.000000000000000000e+00
-1.309823941097916222e-01
1.000000000000000000e+00
4.655043844696632460e-02
-9.238074993558692549e-01
2.900064911260767375e-01
-2.465964502705623174e-01
-8.416095852296552327e-01
-2.927224158011034194e-01
1.000000000000000000e+00
4.213989893697036582e-01
1.000000000000000000e+00
-1.000000000000000000e+00
7.911652356482496984e-01
1.000000000000000000e+00
1.000000000000000000e+00
-1.000000000000000000e+00
-3.325615812139895988e-01
8.379299174779099024e-01
-9.697820114069000130e-01
-1.000000000000000000e+00
6.228681188003215574e-01
-1.000000000000000000e+00
5.650048069742383827e-01
-1.000000000000000000e+00
-6.581001518285873875e-01
1.000000000000000000e+00
-1.000000000000000000e+00
-9.915427560529552764e-01
1.000000000000000000e+00
1.000000000000000000e+00
1.000000000000000000e+00
1.000000000000000000e+00
9.675017836654472569e-01
-2.408840130297385251e-01
5.254259709304575088e-01
1.000000000000000000e+00
-3.727304415721917064e-01
-4.194393267532148251e-01
1.211446542361957063e-01
1.000000000000000000e+00
-2.280192952507475446e-01
6.046667428560480451e-01
-6.092894942762460131e-01
1.000000000000000000e+00
5.072375201995428240e-01
6.132454659746571224e-01
-9.039303369506079822e-01
1.000000000000000000e+00
-7.441861932942037683e-01
1.218881038195391564e-01
8.756550518126720029e-01
1.000000000000000000e+00
1.000000000000000000e+00
-1.000000000000000000e+00
-9.574024631336222058e-01
-1.000000000000000000e+00
8.502911621906287243e-01
-7.324414675187498336e-01
6.907411995825064599e-01
7.089295137763598209e-01
6.077618232023243583e-02
-7.761296684457704709e-01
-1.000000000000000000e+00
-5.931424824651856387e-01
8.898175484791315260e-01
1.000000000000000000e+00
-1.516669514736083690e-01
1.560963872573067901e-02
1.000000000000000000e+00
-9.949412897652298859e-01
3.611528403273267518e-02
1.000000000000000000e+00
5.704234059691839498e-01
9.004824739780254994e-01
-9.517004639148246570e-01
-1.000000000000000000e+00
-5.466567249531266715e-01
1.000000000000000000e+00
-3.117902849190802295e-01
-1.000000000000000000e+00
2.962230511295342317e-01
1.000000000000000000e+00
-5.925723757817957793e-01
-8.591159367616787446e-01
-7.188029620151200616e-01
-9.624637355173758513e-01
-1.000000000000000000e+00
-3.505709294117045349e-01
1.000000000000000000e+00
9.102805514177608748e-02
-5.654058144671542108e-01
1.132141550876376579e-01
-4.171407606603622087e-01
-7.795811136131743924e-01
-1.000000000000000000e+00
1.000000000000000000e+00
-1.000000000000000000e+00
-5.651167766402053205e-01
-6.905909549052164920e-01
1.000000000000000000e+00
4.791632744227858343e-01
-3.253475708412768563e-01
-1.000000000000000000e+00
8.163296699582127669e-01
2.897963255744855360e-01
-1.000000000000000000e+00
1.000000000000000000e+00
9.965327043832438170e-01
9.385618026194547658e-02
-6.047901279398724128e-01
-4.680060450298503261e-01
-4.922883799506978519e-01
1.000000000000000000e+00
1.000000000000000000e+00
-3.413823365660299536e-01
7.785476183744997059e-01
6.298056230957400636e-01
-1.000000000000000000e+00
-7.660149629683569161e-01
1.000000000000000000e+00
8.504113271737026025e-01
1.712932620952722917e-01
-6.151019147930559816e-01
7.082103737880174332e-01
1.000000000000000000e+00
-3.204651324713804206e-01
-9.087177724899065945e-01
2.971287065752087342e-01
9.430958564182908566e-01
6.497995899719913870e-01
-1.000000000000000000e+00
-1.000000000000000000e+00
9.165614619011218656e-01
3.346137107123205445e-01
4.394564967324817717e-01
-1.000000000000000000e+00
8.697397747221768949e-02
9.728177509918981558e-01
-1.000000000000000000e+00
-1.000000000000000000e+00
