-1.451895391154182369e-01
7.944845896188277301e-01
7.699884383440611657e-01
4.615607122777642402e-01
-3.538231108121795976e-01
1.100837843669059818e-01
2.421651384032007248e-01
3.067059112913422814e-01
4.362111004234385803e-01
4.071320108447832320e-01
3.109442365666756358e-01
1.806373647365791257e-01
-1.740419972430224116e-01
4.536362404930844860e-01
-4.166858698892196844e-01
-1.743625073832067440e-01
-6.180729620003793529e-02
-4.351143318215004718e-03
-9.333569820202457512e-01
8.027487755626521171e-01
-4.056013371035110393e-01
-3.694648143340935609e-01
-4.310269698513050085e-01
6.588077583903260148e-01
-1.000000000000000000e+00
-9.717278664623014706e-01
5.626226296614885575e-02
3.078541434466890436e-01
-5.212446493720411800e-01
-4.219841159122872387e-02
6.434413277309952717e-01
1.000000000000000000e+00
2.283220519504237100e-01
-6.356460452942609418e-01
8.202579896572429474e-01
-1.631685122794520604e-01
4.307642939345816546e-01
2.358433283314182449e-01
-5.095030122592634214e-01
1.048443975912921877e-01
-6.221585968554526058e-01
7.946770049847793338e-01
-5.747384121592606920e-01
-1.445514547950394468e-01
-6.099304694741273236e-01
-7.611053903094286976e-01
-9.078993913522416248e-01
-2.673077181164507654e-01
-2.585232389930552377e-01
-3.420194745250562107e-01
3.713309016673499996e-01
8.828490625918876678e-01
2.057500803408600087e-01
1.785577684085508654e-01
-1.000000000000000000e+00
7.018762914703103872e-01
2.176375445646445972e-01
2.561330172494516999e-01
3.521433959267815106e-01
-3.384500386607081079e-01
-6.711719853883146847e-01
5.518870166900918806e-01
2.365430834431977714e-01
6.099901516018184644e-01
5.064030490708480992e-01
3.157464115711572927e-01
8.202195833148487880e-01
-3.021556684476296439e-01
8.053797372144446687e-01
-4.825333082691688480e-01
6.872244155596094473e-01
-9.374193744391531302e-01
7.796047966704771071e-01
-3.910801093511218629e-01
-5.283177786997715897e-01
1.000000000000000000e+00
2.219856143539174209e-02
-8.148374230927378781e-01
9.442185379026906134e-01
-5.766900396272248708e-01
7.400797682561181812e-02
4.033320337406159917e-01
7.822209505366409799e-01
-3.473359035615684598e-01
8.602569080680806390e-01
-2.876505191933143024e-01
6.601826958508387744e-01
-5.344022208606317159e-01
-9.202548661423806120e-01
-6.248388600177195995e-01
2.521838056530699701e-01
9.890864406475454729e-01
-9.446628912185095484e-01
-8.460765815620302499e-01
-4.085877634481258069e-01
-8.002361617809088112e-02
4.434621849862566689e-01
4.330323728375978787e-01
8.366785156142880764e-02
4.055469835731855266e-01
5.219117808353952448e-01
8.796733014108801263e-02
-8.200381532382094996e-01
-2.736518383660276887e-01
2.391148230400710062e-01
-9.968800977679976860e-01
3.455129803830028767e-01
3.516342165821556565e-03
-8.112540967323206287e-01
1.297731095322358363e-01
-1.467368880248018093e-01
-5.572957307574925023e-01
-2.878716485518560408e-01
7.847021202479627089e-01
-1.741845277203748210e-01
-5.005989386530453888e-01
-8.722462706374609076e-02
-3.941787194140111694e-02
-4.058363113861659377e-01
-5.782242633722320946e-01
-6.902233213425955638e-01
6.597062390758616779e-01
9.536019279079416266e-01
-2.189529385471453982e-01
-3.806528043798934613e-01
-4.323251941332120762e-02
3.527683459645351016e-01
5.816216090212100731e-01
2.998726447953601326e-01
9.004409064418580910e-02
5.375046573378531312e-01
2.092115342202933714e-01
8.405423729018202117e-01
2.552789907948255221e-01
-3.341399404196684353e-01
7.963914213162017752e-01
5.078175181984886377e-01
6.774989571616861772e-01
4.424690215933811954e-01
-4.181255619764622788e-01
7.277679151607964192e-01
-3.292650472109006077e-01
-5.261271027592142602e-01
2.101600308269311324e-01
1.000000000000000000e+00
4.823543251868718795e-01
2.057481449301648280e-01
4.557056051275804598e-01
8.403102629996336281e-01
9.975659032381725133e-01
-6.034475996853083668e-01
3.419120197643074066e-01
9.922896716211973001e-01
-2.422564225424970463e-01
4.704234922817902564e-01
-4.139484185154505003e-01
-3.686843593824409848e-01
-8.626526672854739619e-01
-7.247926941004543266e-01
-1.451906658820871776e-01
-1.752092967553788294e-01
9.937028649562390514e-01
-3.554333705244497876e-01
5.246955399918152851e-01
-3.297004790123443940e-01
9.796922970826136279e-01
-3.736185910772202301e-01
-8.255214024983835719e-01
3.437216570919719993e-01
-9.244296588004711213e-01
1.144555574655062996e-01
-1.337158980033889832e-01
9.013931463712123726e-01
-4.232725592757232702e-01
9.581442282795679111e-01
-6.984571661126006692e-01
5.296598275139016709e-02
-6.185671168167757861e-01
-4.442321320738691903e-01
-6.608082780197720441e-01
3.377520414080518729e-01
-6.556612037134809112e-01
-1.705585820521140702e-02
7.481859329732649944e-02
2.417498759467579805e-01
-1.925458321388892613e-01
5.435828447868324975e-01
3.024092829312412523e-01
1.136420089726881549e-01
-1.968582669537236041e-01
-4.697175020258037015e-01
-3.054277050257658832e-02
-5.469661181551096485e-01
-8.888829098351658242e-01
6.819150570721004279e-01
6.100016870368381305e-02
6.753494862994712244e-01
-1.734702369595939320e-01
-2.620861775048980991e-01
-1.000000000000000000e+00
-6.736346066586741399e-01
-3.478342851315680551e-01
-3.333045144964427720e-02
-9.846232349883305979e-01
2.688080439889677931e-01
-2.712117257259978875e-01
-6.564159626970618167e-01
-4.945107774531687372e-01
-4.556193167700746671e-01
2.581259095531592690e-02
-4.421166456739631379e-01
4.110824265692044621e-01
-3.289936098656364716e-01
1.000000000000000000e+00
7.332691530528294699e-01
-1.412083145553042485e-01
-6.749384016263716424e-01
1.622923950494806200e-04
-3.624144459116533379e-01
5.488135704551327931e-01
4.900528998648699952e-01
-3.834398705402295993e-01
5.304837679487780511e-01
-2.385557220302280401e-01
3.144375590181915925e-01
6.818916573493363220e-01
-4.470650805967792407e-01
5.221779688280731024e-01
9.883331622258285654e-01
3.395636145280432339e-01
-4.719867206650568137e-01
-4.953509250069416114e-01
2.348730745793386199e-01
-4.807754757796971479e-01
9.339807830769057961e-01
-2.266335587784057415e-01
4.491786675486155178e-01
1.000000000000000000e+00
7.728186751172640145e-02
-1.055618929132635109e-01
4.998208377371724520e-01
6.245835757758538831e-02
5.084533650687215189e-01
-5.004246619491294901e-01
4.224924600923217755e-01
-1.000000000000000000e+00
9.048699724708879621e-01
-5.932320733357357989e-01
3.694489618963621158e-01
-1.847251201732415526e-01
4.575354501682333819e-01
-1.054356393096044231e-01
7.732078273202699359e-01
8.702534055528674539e-01
-5.555518577884888121e-01
-4.836656248670359037e-01
-1.000000000000000000e+00
-1.000000000000000000e+00
6.412314725391635717e-01
3.270932995122489140e-01
7.308436638330385593e-01
-1.250812590168806360e-01
6.236271586976632753e-01
2.429917694974111086e-01
9.863014935082742296e-01
