-4.011670378704144668e-01
3.510990446292624467e-01
1.000000000000000000e+00
8.319804165518628336e-01
-9.027012182623500580e-01
-8.307027747197468504e-01
1.000000000000000000e+00
-3.201789393199396816e-01
3.560316036326583444e-01
-1.000000000000000000e+00
-6.528134976212833507e-02
1.932560463024959874e-01
-1.000000000000000000e+00
-6.231835889169934362e-02
-1.000000000000000000e+00
1.000000000000000000e+00
-1.000000000000000000e+00
7.052759280885508852e-01
8.658360820092245724e-01
1.541233071811927147e-01
-2.799251585753526061e-01
-1.000000000000000000e+00
-1.264262530974062937e-01
8.654342182621319601e-01
4.591065213871500239e-01
-1.000000000000000000e+00
-8.579712834510844210e-01
-4.947219824194820648e-01
-8.848825321803472921e-01
1.000000000000000000e+00
1.000000000000000000e+00
-3.026540808128861393e-01
5.126771080800514024e-01
2.602063443811549193e-01
3.857788659864476166e-01
3.559462146381541653e-02
4.187279334143300669e-01
-2.359457061028095715e-01
-1.000000000000000000e+00
-7.126588829516684598e-01
-8.241969696612952423e-02
1.000000000000000000e+00
-2.513434374957239648e-01
8.979418026577506984e-01
4.883449494890709230e-01
-6.608399795893360462e-02
-1.000000000000000000e+00
-3.101427413778256592e-01
8.115027313837304135e-01
6.959467529848643030e-01
-1.000000000000000000e+00
-9.373861671942872453e-01
-7.780040921098452245e-01
9.227799661434480383e-01
-6.346271144962289945e-01
-1.000000000000000000e+00
1.000000000000000000e+00
-8.880892142993927763e-02
-9.635008788557560822e-01
-4.814160541307449526e-02
3.918636347887998195e-01
-3.669209137325802894e-01
-3.732751247378516268e-01
-1.000000000000000000e+00
-4.266178336906473190e-02
9.805360160469589470e-02
9.385177354128771965e-01
3.014939135629710609e-01
-7.494819801824911254e-01
-1.922434835553367138e-01
5.716200083586502334e-01
-3.356706928693606873e-01
-5.194808701018159836e-01
2.050774685458096047e-01
-1.000000000000000000e+00
1.420240774753979140e-01
7.640043793735447064e-01
-1.057283930531849325e-02
-3.453936616472845222e-01
1.899953613396317964e-01
-3.176474277314928485e-01
-4.583709016189235208e-01
6.909792552977088720e-01
-3.325975547120783027e-01
4.717277358656570829e-01
1.000000000000000000e+00
1.000000000000000000e+00
-9.854460111050148408e-01
-9.115786231058241595e-01
9.197341575751834253e-02
-1.000289890371597323e-03
1.000000000000000000e+00
-9.156070475300448486e-01
7.397240869903369820e-01
-8.776135983010292518e-01
1.000000000000000000e+00
-1.000000000000000000e+00
-1.000000000000000000e+00
-1.000000000000000000e+00
-1.000000000000000000e+00
-6.274235455393430971e-01
-8.576900699479845791e-01
1.000000000000000000e+00
-3.807946626436172766e-01
4.206145735992481427e-01
2.614968854644321716e-01
1.000000000000000000e+00
-6.078776567384438501e-01
1.073631717045558376e-01
8.546391649862893347e-01
1.000000000000000000e+00
-2.959441009755255370e-01
1.022970007818960608e-01
4.565635335708402298e-01
5.172534588577972769e-01
4.092266310556599285e-01
-1.409382326667579788e-01
2.405658343221100948e-01
4.047088270408046862e-01
1.000000000000000000e+00
-1.000000000000000000e+00
-9.132627237801708153e-01
1.000000000000000000e+00
9.314189451416998722e-01
5.166864394429419027e-01
7.294038331889329818e-01
-3.017126631661554703e-01
9.051486436861146956e-01
6.212948464008727356e-01
-5.560490531825500460e-01
7.890360745121656194e-01
1.773549338840804124e-01
-3.087527534669868290e-01
-3.394743972234223195e-01
-1.461112024142714461e-01
1.863875052371601337e-01
-2.229598340272919144e-01
-8.285759173903077812e-01
1.000000000000000000e+00
-2.979966133652259819e-01
-8.021944847665819500e-01
2.977513017135553497e-01
6.427700908843239080e-01
-2.800000000000000266e-01
-6.604257889674070015e-01
-2.203303174016053856e-01
8.577344610680637249e-01
-9.199403448505681924e-01
2.391697386167175865e-01
1.228043952598347754e-01
1.000000000000000000e+00
-3.358629125655583358e-01
-2.162263367271342052e-01
5.206443255197572562e-01
-2.938572876400929457e-01
-4.031768411870598201e-01
-1.000000000000000000e+00
-3.172116280712826142e-01
4.475928362891457013e-03
2.114365732077040927e-01
-1.000000000000000000e+00
-7.763412874705043487e-01
9.326542692484780517e-01
3.587473499298984292e-01
-1.082877658395096643e-01
1.470477489834517426e-01
9.392726744239130454e-01
-2.401675727618471923e-01
1.439814641710460696e-01
-4.580379071112943012e-02
1.000000000000000000e+00
5.047531229983004408e-01
-5.972956921356351589e-01
6.483704405835848394e-01
-2.397380341037469997e-01
-7.529152700187555225e-02
-3.179552335960916798e-02
-6.584982820348265209e-01
-5.558303654474494593e-01
9.413984439521151382e-01
9.580303634520496159e-01
8.831967302682199872e-01
-2.456669043524049023e-01
3.089218502806865274e-01
-4.102517441680197940e-02
8.185940623000105276e-01
-8.228647537646875953e-01
-5.835841257846019481e-01
5.433161790079572562e-01
5.214959741505138524e-01
1.335642312069310333e-01
-9.322813441810418045e-01
1.000000000000000000e+00
-1.658096192616023146e-01
-3.382702000268391629e-01
-8.104010117063716878e-01
-9.579707028594730556e-01
2.167406468590118429e-01
2.506098140774442595e-01
4.981789348396635786e-01
-6.158356286376038824e-01
2.159808978564284887e-01
1.566598054980054000e-01
5.726504969411634338e-01
-6.683883319700938408e-01
1.390214007838124211e-01
1.000000000000000000e+00
-1.000000000000000000e+00
2.309599223380551236e-01
2.703789741714698880e-01
1.458227180582024607e-01
-5.794184077461995708e-01
1.265562130207031899e-02
1.000000000000000000e+00
-7.563833598365032884e-01
-1.000000000000000000e+00
5.278899295221779475e-01
7.546355991445545808e-01
-1.350496962663634837e-01
-3.963956264550022590e-01
5.684538290467804345e-01
4.235195650433107861e-01
4.428117447670723572e-01
5.002226837752953292e-01
-1.000000000000000000e+00
-3.958366448956606165e-01
-1.482670339883336852e-01
-8.563496036648563514e-01
1.000000000000000000e+00
6.440406369165203593e-01
-4.274549566465370987e-01
-4.597136258857900670e-01
-5.704224676074882705e-01
-1.000000000000000000e+00
-6.031985388332141707e-01
3.717453870236968605e-01
7.549774538738034391e-01
-5.187714736760641321e-01
1.000000000000000000e+00
-1.518638933832726634e-01
4.648998656475684665e-01
2.011917604063551135e-02
5.406672379076905566e-01
-2.150108749832546629e-02
-6.898096997220998228e-01
-8.271075880932196034e-01
7.244625031657725422e-01
1.000000000000000000e+00
-9.214317128180150585e-01
-8.548680295912702842e-01
9.286399674550728234e-01
-1.000000000000000000e+00
8.794787746597609868e-02
4.500457768519737778e-01
1.000000000000000000e+00
2.289437970586328253e-01
-1.000000000000000000e+00
-2.463331087268771924e-01
-2.053406600671763005e-01
3.090485315507814912e-01
-5.158363277849118411e-01
-5.371819709010196009e-01
-2.685840777576904426e-01
9.741181802335132645e-01
5.714695375162801572e-01
