5.459494779074591797e-01
9.870306095484131514e-01
-9.132401231970236344e-01
-9.329495815237992540e-01
3.083840230756527134e-01
2.913379966674707888e-01
1.000000000000000000e+00
-7.281116922991925922e-01
4.942341028168175110e-01
6.322644225714743604e-02
-1.526326263095540980e-01
-9.257524948846910240e-01
7.333432543783163782e-01
-5.514555739547034596e-01
7.889096460073052874e-01
4.806154129958174481e-01
-5.679223063423738393e-01
-1.475438177126476291e-01
4.614666322864079406e-01
-3.817040733216993664e-01
6.842141872586992024e-01
-4.893806761658552884e-01
-3.501596239778797526e-01
-8.855454761606650349e-01
3.659439731264816364e-01
9.519762909407236684e-01
1.261643574785316635e-01
-8.812163586868499987e-01
5.317259388049433433e-01
9.700177699487055882e-02
-9.348507050818979924e-02
-8.379281135485957543e-01
2.662695349473164774e-01
6.144200258169566498e-01
6.471389271365277640e-01
7.858906773148968128e-01
9.032564218873119222e-01
-2.966331619409569020e-01
-1.701877087603437533e-01
-3.775367170654730375e-01
-6.241817684477224404e-01
-5.232854420371593762e-03
3.909327904583645985e-01
-4.302647710980950224e-01
9.988811155612683512e-01
-5.368793273153030787e-01
-2.488905699690329154e-01
-2.514748132501332112e-01
-3.832471373437450479e-01
-2.822144313320936737e-01
-5.497426541792502230e-02
2.639468576756952567e-01
-8.112533953465582703e-01
1.376462142244480047e-01
3.136374352854567893e-01
-3.642178114806989692e-02
-1.638991734980886905e-01
2.877416119701362573e-01
6.499075592727906470e-01
7.769984345017425520e-01
6.893534705108594896e-02
2.702543788001200431e-01
1.000000000000000000e+00
8.838082366431790349e-02
4.102299518502797171e-01
-1.000000000000000000e+00
-6.990214384294355376e-01
9.883468758846235547e-01
-1.588757333226131774e-02
5.763964535777922338e-01
-6.658444279573019209e-01
4.120725306156518553e-01
-8.599203917720459056e-02
7.334346611314992437e-01
9.997561194631912063e-01
1.260220854804152968e-01
9.801586168039885805e-02
-7.155430023437414633e-01
5.659050904772435775e-01
3.159224148660405018e-01
9.927298758471660989e-01
-1.074880850784716707e-01
5.832003190566801276e-01
1.855993535666608518e-01
-6.118980982789443690e-01
-8.997938733386037224e-01
3.248788453871472859e-01
-4.927486417560987264e-01
-5.508833636449091131e-02
4.623714237002101157e-01
2.389879511736595907e-01
6.633972006807985489e-01
5.658601153324120947e-01
2.981775093093054219e-01
5.664427679403779559e-01
-4.872648838891325829e-01
-9.972679009039463471e-01
-1.000000000000000000e+00
1.948196615236509610e-01
8.567613633954380692e-01
-7.815996310539015113e-01
-8.302535507742531129e-01
-9.120120234836127660e-01
-5.949996880923197340e-01
4.901721738317469379e-01
7.770356081530738201e-01
-4.393093388948630107e-01
4.276792492806028717e-02
-6.521766412953164949e-01
4.628317574104801047e-01
1.595993654891083580e-01
-1.674262461778171229e-01
7.827991207365824211e-01
-7.406775228393641664e-03
-7.532512500907679875e-01
9.047802417999559754e-01
-8.270823314289392769e-01
-2.032665725818177394e-01
7.724994112718908124e-01
1.000000000000000000e+00
2.958658471239252741e-01
-1.000000000000000000e+00
-6.881251265368547587e-01
3.618537056035162069e-02
1.814496078980555316e-01
6.474179621653791683e-01
-4.939495900414950236e-01
3.606837192927864200e-01
2.583186459862267526e-02
8.552337735503788840e-01
7.087535026245749270e-01
7.383046718221384364e-01
-9.820313540032590272e-01
1.635270813602632267e-01
-6.122536845137830364e-01
5.212237869238919297e-01
8.932632056974153523e-01
5.571344502008730437e-01
2.263099474945838852e-01
9.133364953762143079e-01
-1.423810542129504420e-01
2.681188411712672748e-01
6.858806955500229563e-01
-9.252683246277624285e-01
4.951836100254489170e-01
9.857649457023047457e-02
-7.694588188950735042e-01
-4.477385856109386553e-01
-1.501949096465375888e-01
-3.156907341409798673e-01
-7.102873644082080551e-01
1.164359182491308403e-01
4.691830641533761836e-01
8.291793242275744547e-01
-2.899506415378204083e-01
-7.183049044091450730e-01
-9.474773614940158462e-01
-3.571730015310043971e-01
-2.791415307863486239e-01
1.710209941420185453e-01
1.296758158325000965e-02
-3.300900676943134826e-01
-1.865985059450405437e-01
-3.453223206709968296e-01
-8.055540526512443567e-01
-1.344755096224409252e-01
3.055601454590964328e-01
-8.266382403003745827e-01
7.669989833798551704e-01
1.000000000000000000e+00
-2.989891532475648095e-01
2.545165587194328505e-01
6.685519796188003905e-02
1.245781557030488512e-01
3.769091723622031709e-01
5.986008020481013991e-01
2.466828317503075851e-01
8.477645489271146140e-01
8.020663040386275533e-01
7.615816955933855104e-01
8.931892739239374324e-01
8.946590715658191140e-02
-8.339124151240738803e-01
-8.004274232940858380e-02
9.491428728206898757e-01
-4.440042903849113487e-01
4.614355388176200612e-01
2.245499693691396514e-01
3.547822991480720778e-01
2.639737537302982440e-01
-1.167385631809313429e-01
-6.450642797829263531e-01
-1.515658713041136973e-01
-4.656521706919163339e-01
-3.403163899334069042e-01
-4.292364837313840664e-01
6.266654069525326998e-01
-7.735033659632932768e-01
6.277933146577807655e-01
-9.984989148833477435e-01
9.069650601192238426e-01
-4.341013264203231747e-01
-3.991380625364543966e-01
-1.000000000000000000e+00
-8.711427406061373890e-01
-4.682339535624045479e-01
-2.854244328731211366e-01
-4.020039625020997431e-01
-2.498708492376275625e-01
3.473167551800635522e-01
-9.179352749690166124e-01
-5.227853474709336368e-01
9.872463414613120714e-01
6.894370025028681015e-01
2.885419994807149058e-01
-1.000000000000000000e+00
-9.570630492298379810e-01
6.697937824278393792e-01
4.684216279827946861e-01
2.725945278089958457e-01
-8.511557174125523595e-01
7.741496054448731012e-01
8.622402000433511127e-01
-1.891153021580301297e-01
2.222095903693255270e-01
-8.161128277375311324e-01
-2.309788936570441875e-01
7.968454731300328442e-02
-9.698489019729942262e-01
5.106584877431680214e-01
2.775468909123206540e-01
-8.831385647902597613e-01
3.411249780228237660e-01
8.401324169090492733e-01
8.388375309214101128e-01
9.831704182070625242e-01
-6.880836561985824718e-01
-8.683300408340727250e-01
6.948269689376143088e-01
-4.962864644023201044e-01
-2.162918997975780411e-01
-2.249793711048745370e-01
-1.288129347355926324e-01
7.163270733438760474e-02
-9.149439447590586028e-01
-9.345658472681597773e-02
1.790952270693026427e-01
-5.829538864209953264e-01
4.453751074034834057e-01
8.742901527959496821e-01
9.820174711072947593e-01
6.765389650063817761e-01
5.152626903611229325e-01
3.078109719724758664e-01
-9.979263265916428205e-01
-4.812669790042588547e-01
9.644063683236180351e-01
-1.960901249781852318e-01
-3.670717175237718233e-01
5.313371167212999069e-01
1.394696895596628239e-01
-8.966217549157930178e-02
8.152741666638693152e-01
9.735313993810906785e-01
-5.317693370738434400e-01
