-9.227129324428297030e-01
9.583415471077922909e-01
-8.768394397854694100e-01
9.111678403563505668e-01
9.267107162476685422e-01
-2.298230204879643523e-01
7.355062084041349424e-01
-9.882451420260942587e-01
-7.358109867011826122e-01
-1.684615457190351551e-01
-9.924467570012618367e-01
-3.116844487399897945e-01
-9.173456325603546180e-01
6.044267186042393547e-01
7.082698897521735315e-01
4.669092174583904242e-01
-9.856155537174731140e-01
-7.299273965761768901e-01
-9.151612367754139443e-01
-5.208836324873916679e-01
-3.366569446944484012e-01
-1.811506428455550155e-01
-9.841768242381644383e-01
8.806675870369163883e-01
1.213015255912258533e-01
6.189669090465212964e-01
4.263969773968625532e-01
-4.276103087158883431e-01
-9.713472676193180000e-01
8.128717256879762765e-01
1.573557498420765088e-01
-5.273058172333736637e-01
-9.669109390710057816e-01
8.879776974287880709e-01
-7.136190269775478656e-01
8.299155621628276913e-01
-5.129141624414065292e-01
-7.964356735250506247e-01
-3.117027160611556338e-02
-7.987375062101385037e-01
8.056318974103823249e-01
5.118944537486214141e-01
8.769440046714673809e-01
1.487285804932210742e-01
-7.637916588499493731e-01
-7.104183367990717368e-01
-7.782345435968098801e-01
9.145420221078884859e-01
9.365259364060838365e-01
-9.705610654705393303e-01
2.104595097631122708e-02
-3.978297067963681433e-01
8.573018865187909121e-01
1.749479383204364039e-02
-1.000000000000000000e+00
4.931380051153007593e-01
8.274492496019693055e-01
-6.276669200711811891e-01
-6.238083614502984986e-01
-9.206018779670336327e-01
1.000000000000000000e+00
-3.317568024529599091e-02
7.206062672402990810e-01
-7.915952549828331186e-01
7.570583053951500663e-01
2.766684083607209854e-01
5.114659482696487514e-01
8.532418257066476386e-01
-1.451388300979491175e-01
-3.947368973243214896e-01
-7.456747966871555278e-01
4.670142513162681697e-01
-8.394714844623579753e-01
9.528820077968477298e-01
8.221021745460342922e-01
-5.030885037397621051e-01
-1.869758263651090102e-01
7.614220531985751994e-04
5.798380493383379353e-01
-9.292546432565772507e-01
5.546147797868141716e-01
-5.718671622010657041e-01
2.548442145599951747e-01
-2.013161181724079096e-01
6.376044724965849175e-01
9.077626426473606180e-02
-9.300564170350920090e-01
3.929053942962170698e-01
8.429669802392613098e-01
-6.720942449459751389e-01
-3.017272803125248815e-01
-5.610961521700184029e-01
4.948048667212707197e-01
9.372566918618400189e-01
-8.951318953778902854e-01
-5.704263805621011540e-01
-3.850919437421247427e-01
6.343555996153272813e-01
-9.115345658531711637e-01
-7.686705196926552075e-01
3.723505296118835295e-01
1.312076151897037524e-01
7.774884823261988265e-01
-9.287222108431462120e-01
7.559743093029390737e-01
9.976876365662343815e-01
-1.786586473993014290e-01
7.937753106754353860e-01
-7.892054656437382798e-01
-3.315338366334433795e-01
5.985679962037550039e-01
7.384031175602981945e-01
-2.644114011216220361e-01
8.220397782283398458e-01
-7.052002157476605637e-01
-9.352729084420636774e-01
-6.897670919768387199e-01
9.997890205235978600e-01
-7.374687348334256765e-01
-9.529563291169854677e-01
-7.316707805247500973e-01
-6.432970697908823032e-01
9.846013864198380761e-01
9.610619789875530783e-01
9.325746627317835769e-01
-8.327534807351333335e-01
9.995198300123860902e-01
-9.500937426033322364e-01
-6.434445538848533319e-01
7.537577364194982810e-01
-8.572043663483941422e-01
-8.910397819753325122e-01
8.585031231514835826e-01
-9.227727679000794492e-01
-4.161969122034737123e-01
4.176058978846636238e-02
9.417629929297488545e-01
9.820769899422947535e-01
9.847885750972258379e-01
-6.663692264737511306e-02
9.518111049840966009e-01
-7.218140659559915129e-01
6.782610263773676262e-01
1.402440687820958320e-01
-5.473136640300139133e-01
-5.924409323801403948e-01
-9.776175066157416493e-01
4.849048011848695050e-01
9.382107260642742474e-01
3.599700217973576810e-02
7.567230967285157872e-01
5.207191995630551240e-01
-9.948570452642873096e-01
-9.608733761171364129e-01
-3.351313110686006402e-02
-1.000000000000000000e+00
-7.536787770903458084e-01
-8.360297413679214085e-01
-7.103834070064668493e-02
9.744690667829682962e-01
3.608133723345872124e-01
8.947290764188357004e-01
7.116073009862933230e-01
3.134433921477967899e-02
-8.579003291059864589e-01
-1.188999415299363260e-01
-7.937350701963767907e-01
-1.363301825499684816e-01
9.873282802589927742e-01
-1.809376840996796132e-01
7.028895374780025351e-01
1.000000000000000000e+00
4.808365983920834946e-02
-3.177308196702874898e-01
-1.000000000000000000e+00
2.722709470928250108e-01
8.201796121270777951e-01
-9.716335539995244464e-01
-4.422005424237333560e-01
3.061035107872185357e-01
-8.246276037587826346e-01
-9.195756964428386526e-01
9.983046392892761522e-01
-6.126211887517503119e-01
8.471324601918693853e-01
1.000000000000000000e+00
-1.000000000000000000e+00
9.519295128388898242e-01
-6.221884094736090942e-01
-7.541405123643802888e-01
-2.861645505518970456e-01
-1.563841162992150591e-01
-3.451255708304382663e-01
-3.249543406697887327e-01
-4.786726462077975919e-01
-4.737291306111498512e-01
4.882474951175285183e-01
5.054328621634270879e-01
9.472058970286343360e-01
9.699968568422799864e-01
-8.605805853083988710e-01
2.206837677153396515e-01
1.562473020857321204e-01
1.000000000000000000e+00
-9.253087701526674369e-01
-9.121049099483801159e-01
8.855124162474792282e-01
6.362863647159782143e-01
2.584903244418269574e-01
-8.307913699446664579e-02
-9.944234207433090278e-01
-1.239897667715925272e-01
6.761008068552432082e-01
-8.416093335229781758e-01
-1.000000000000000000e+00
-6.063502953572627030e-01
-9.260133394376386384e-01
-7.975189538500524478e-01
-9.056008044515768685e-01
-3.548361116742185795e-01
5.796318196128311673e-01
-9.832281777215005070e-01
4.368572532811433873e-01
-9.362162632225088377e-01
-8.005197297214582119e-02
9.478939450784601428e-01
8.376374905426872131e-01
9.809077152226081120e-01
6.561850715792019173e-01
7.809276879293720608e-01
-9.061278867039609386e-01
9.449635611000714031e-01
9.263064296078864501e-01
9.621128193941674844e-01
-8.335896331527899994e-01
3.552753222982953374e-01
-9.654901281831648197e-01
8.420480094832624163e-01
5.726322416028558626e-01
9.655736250407449539e-01
9.811483658664739149e-01
-9.992158169673801549e-01
7.229213594190966319e-01
-8.104884228711707328e-01
-9.291325277114327319e-01
-4.128956298876964581e-01
-2.655649657348213566e-01
-4.953655707843787059e-01
8.596100823318875150e-01
-8.405757691825069822e-01
-8.879603082112065282e-01
-9.475908561141647146e-01
7.442899628091993458e-01
8.653969122760379884e-01
-4.450206430285603143e-01
-3.676122358385881528e-01
-2.613427240914980021e-01
8.531374069400755600e-01
-8.699135022494004499e-01
-8.454971373126687340e-01
-9.000743057449436257e-01
8.282676104199894196e-01
3.555353228893743944e-01
7.754363969287831893e-01
7.902812041935679543e-01
