8.552342789348184038e-01
1.805642667476186070e-01
1.000000000000000000e+00
-1.000000000000000000e+00
-2.519855227847732637e-01
6.039708429220045360e-01
-1.000000000000000000e+00
-1.000000000000000000e+00
-2.324025408752516952e-01
8.530489555806937130e-01
1.000000000000000000e+00
-4.623618127367719599e-01
6.480279137058730932e-01
-6.160873284591023014e-01
-5.030808974376281828e-01
-1.091673916192528182e-01
4.615050349809031172e-01
8.245661516200893937e-01
1.000000000000000000e+00
4.685343985158014757e-01
9.636702472909646211e-01
5.957883471090932304e-01
9.964677993871806638e-02
3.340625306894813296e-01
-5.808029446418054853e-01
-3.109500862640047769e-01
-5.441236927565048509e-01
1.000000000000000000e+00
1.000000000000000000e+00
-2.819266029241986882e-01
7.639864736831740721e-01
-8.111162655806514188e-01
-8.191995326046948023e-01
-1.336825229860422182e-02
5.604605477277557757e-01
-9.307747676640505397e-01
1.000000000000000000e+00
5.412583912700497102e-02
-1.000000000000000000e+00
1.000000000000000000e+00
-1.321592093262521361e-01
5.662136275644756855e-01
-2.628090943908769628e-01
9.024947204358610975e-01
8.168082159616261162e-01
-1.613639747373613598e-01
5.383537055101202951e-01
-2.380036590947749442e-01
1.637399657349250803e-01
-2.135523016531363505e-01
-8.431611203401969679e-01
8.573547627711701757e-01
3.811847136734709540e-01
1.000000000000000000e+00
1.624310757388281179e-01
-1.000000000000000000e+00
6.099431458955579810e-01
6.583656157586786906e-01
-3.739898120678788462e-01
9.212871617342830444e-01
8.629763580115319410e-01
-9.139510560483119495e-01
-7.442803220173750400e-01
9.583634891533440170e-01
-1.032948950240849539e-01
9.286910800511654074e-01
2.820662874922446051e-01
-1.203825187414857556e-01
1.000000000000000000e+00
1.000000000000000000e+00
1.000000000000000000e+00
-6.334482943684933698e-01
-1.000000000000000000e+00
1.208657346803991839e-01
2.954451056956874933e-02
-1.000000000000000000e+00
3.141246255334816384e-01
1.000000000000000000e+00
1.000000000000000000e+00
7.535905072383977110e-01
4.386658930695976899e-01
-2.209814968413930103e-01
3.712752472333638587e-01
5.574695478242519542e-01
-4.750295010071567403e-01
-9.862665340194796126e-01
1.089255398597521740e-02
-1.000000000000000000e+00
-1.000000000000000000e+00
-1.981828276789802945e-01
3.472182761366152670e-01
-7.944277171187043018e-01
-1.000000000000000000e+00
-1.000000000000000000e+00
4.747647687580462406e-01
5.311082260437973712e-01
-3.792781259842080699e-01
8.945485183557344566e-01
-2.876523499274388218e-01
1.000000000000000000e+00
1.000000000000000000e+00
-1.000000000000000000e+00
1.000000000000000000e+00
3.084760163389018706e-01
3.221718233140562493e-01
-2.543103040413017268e-01
1.000000000000000000e+00
-1.000000000000000000e+00
1.000000000000000000e+00
5.013567127205498242e-01
7.107850552601489014e-01
-6.992876520809675478e-01
3.464392309746547327e-02
5.759370941436464664e-01
1.000000000000000000e+00
2.729889145191279898e-01
3.234146277918474865e-01
4.974490588872961805e-01
8.740911934117785442e-01
-1.763682894237437182e-01
-7.265994123078038935e-01
9.117921699296394067e-02
-1.000000000000000000e+00
8.743702672746413163e-02
4.447297332507140766e-01
-1.000000000000000000e+00
-1.000000000000000000e+00
-1.000000000000000000e+00
1.000000000000000000e+00
2.196292186031713056e-01
1.000000000000000000e+00
2.983915788686876125e-01
1.000000000000000000e+00
-1.000000000000000000e+00
-1.000000000000000000e+00
1.000000000000000000e+00
-8.951610926970481330e-01
-1.000000000000000000e+00
-5.982973474912155476e-01
-9.080193920350285719e-01
3.108698766094755150e-01
-3.671047265646355529e-01
-9.138286219813871458e-01
3.046462703002179584e-01
-2.927719549790168685e-01
-1.000000000000000000e+00
5.783068588311549574e-01
-6.419325510194366924e-01
-2.484531222766974135e-01
4.284501649739484996e-01
8.262023504464491852e-01
-1.000000000000000000e+00
8.122927337137901826e-01
-3.181849219404040419e-01
7.219120531931615403e-01
2.381970615088733201e-01
1.000000000000000000e+00
1.000000000000000000e+00
-8.302441098985551271e-01
3.145759271282343450e-01
1.000000000000000000e+00
1.000000000000000000e+00
-5.450513308763804687e-01
-4.848903124732050207e-01
-1.000000000000000000e+00
-7.067159639000442084e-01
5.610064301407141629e-01
9.098542929969224424e-01
-7.877496249249378302e-01
1.000000000000000000e+00
-1.000000000000000000e+00
-1.000000000000000000e+00
-8.159251302506689285e-01
8.242061667455095053e-01
2.453935305418707413e-01
-9.891447854645107896e-01
7.171333101392305398e-01
-1.353882334157004430e-01
-5.945339053737828117e-01
1.000000000000000000e+00
1.000000000000000000e+00
-1.000000000000000000e+00
-3.252253912927066670e-01
2.771850518188099799e-01
-2.688412222926497286e-01
6.651090725484256616e-01
-8.355195902165882815e-01
4.239530095169684598e-01
-1.389050957311539491e-01
-1.000000000000000000e+00
-3.588119239812611050e-01
1.990993515567994199e-01
-4.599456783555875838e-01
2.395173510220355295e-01
5.527809190001991002e-01
-1.190166114332313896e-02
1.000000000000000000e+00
1.000000000000000000e+00
-1.000000000000000000e+00
1.627952565672075025e-01
-1.000000000000000000e+00
6.713301611136163194e-01
-3.726932099498072026e-01
5.375231274061136322e-01
1.000000000000000000e+00
-5.385769711587906627e-02
6.244083022767458191e-01
2.072581953522977249e-01
-6.610440087217372973e-01
4.814619933160746434e-02
-7.114015578181167587e-01
1.068482761761038180e-01
2.661775410204558767e-02
-1.774270000060893526e-01
2.500015087630944599e-01
2.257364357632735130e-02
1.000000000000000000e+00
6.436529105089902059e-01
1.000000000000000000e+00
-1.000000000000000000e+00
1.000000000000000000e+00
1.000000000000000000e+00
-2.936660506374486612e-01
-3.476201622493986232e-01
6.024154930550608134e-01
1.000000000000000000e+00
6.728574806085099169e-01
-7.737763720733504824e-01
3.311343411516676216e-02
1.541319647780015067e-02
-1.000000000000000000e+00
1.000000000000000000e+00
-8.705074095916900401e-01
-6.554087108553411367e-01
1.628042773828567991e-01
1.190310083637029920e-01
-3.178727808159265145e-01
1.000000000000000000e+00
3.808311868188540839e-02
-8.490693180237955939e-01
9.163094664915754084e-01
-3.738720228961371905e-01
-8.352836486902711632e-01
2.363429718272858082e-03
1.000000000000000000e+00
-1.000000000000000000e+00
1.751422344567723499e-01
7.076204996574789741e-01
8.150908142962343117e-01
-8.401360878481690664e-01
-1.000000000000000000e+00
1.943251922806523146e-01
5.985143115922448853e-01
3.586933451400279305e-01
-1.000000000000000000e+00
8.219973532293758378e-01
2.562250984825318323e-01
-4.473616149256178787e-01
6.624911533789902274e-01
2.261784300392072344e-01
1.000000000000000000e+00
5.896959367201430879e-01
-8.246838446307599435e-01
-2.992151996868369634e-01
3.862092913802892546e-01
