-3.848119032129282413e-02
1.000000000000000000e+00
-4.144757885778808659e-01
3.075850239773970651e-01
1.000000000000000000e+00
-9.783028904493606959e-02
1.000000000000000000e+00
-1.000000000000000000e+00
-5.964501375474713374e-01
1.000000000000000000e+00
-1.000000000000000000e+00
1.000000000000000000e+00
-8.535477123784735998e-01
-1.000000000000000000e+00
-2.943350081539888863e-01
-1.000000000000000000e+00
-1.000000000000000000e+00
-5.512789587899070698e-01
1.000000000000000000e+00
4.729151081111880872e-01
-5.902078027507245972e-01
7.150221384377641876e-01
2.610312674846806402e-01
4.636063821154058351e-01
-1.143072427058524632e-01
-9.581895234994851629e-01
-7.221165289704333246e-01
1.779788300558556857e-01
1.000000000000000000e+00
-3.699607518561942587e-02
2.417999128906465067e-01
4.782193490781926348e-01
2.401333966146274035e-01
5.529372375958094832e-01
1.909908752374813723e-01
3.816574325977376558e-01
-1.855866513292193654e-01
-5.694158379520541935e-01
2.895149165820237736e-01
4.800181231295619355e-02
1.000000000000000000e+00
-4.116390721273857078e-01
-1.000000000000000000e+00
-8.577985942577956990e-01
-1.000000000000000000e+00
-1.000000000000000000e+00
-1.000000000000000000e+00
-1.000000000000000000e+00
-7.842137828260947741e-01
9.084249393567571662e-01
7.920267692454019404e-02
6.032979379266184550e-02
-1.000000000000000000e+00
1.000000000000000000e+00
-9.214286094261454618e-01
-1.516615970431858251e-01
1.000000000000000000e+00
-1.000000000000000000e+00
1.000000000000000000e+00
-5.915936797972485284e-01
6.214901638892722513e-02
-1.000000000000000000e+00
4.684754423872513063e-01
-1.000000000000000000e+00
3.214250221529701967e-01
-1.000000000000000000e+00
-5.345632623119670468e-01
-1.000000000000000000e+00
7.759320601124186645e-01
5.373330846099759750e-01
3.785964022118162298e-01
1.860984369446372355e-02
-3.450497389555082783e-01
3.261842257490562558e-01
-8.062836683296795703e-01
-5.605964345468250620e-01
6.905759059089169316e-01
3.417880899835979980e-01
1.000000000000000000e+00
-1.000000000000000000e+00
5.220578728316123129e-01
-6.822953067375566727e-01
7.500670581818086324e-01
1.000000000000000000e+00
6.443007137878981050e-02
-2.609171289700623619e-01
-6.608771689035494168e-01
1.840178924618657286e-01
-6.690056892329996341e-01
1.000000000000000000e+00
-7.262514719597510382e-01
8.106284447224378908e-01
-1.000000000000000000e+00
-9.660299623049466433e-01
2.671849704886288812e-01
-3.223618264954070667e-01
1.550215968620842766e-01
-3.271041923114098582e-01
2.470458965741730850e-01
-5.245425420033507091e-01
5.106807126041799094e-01
-1.000000000000000000e+00
1.000000000000000000e+00
-1.000000000000000000e+00
-1.000000000000000000e+00
3.744176050015217694e-01
1.000000000000000000e+00
1.000000000000000000e+00
-2.695558672179445558e-01
1.411178972640525497e-01
-8.896448606209615972e-01
-1.120422661294258049e-01
1.000000000000000000e+00
6.744087494785311332e-01
6.190487420520407458e-02
-3.934240435485270027e-01
5.811093640549938044e-01
-7.323140279834489119e-01
-6.116064326244423643e-01
3.029172640336116329e-01
-1.279120923342690341e-01
1.000000000000000000e+00
8.872324502922497302e-01
1.000000000000000000e+00
1.000000000000000000e+00
1.000000000000000000e+00
-9.704655176422120055e-01
-1.000000000000000000e+00
7.676909033732437493e-01
2.013810369181860405e-01
3.879101039731847056e-01
5.838378873830418758e-01
-1.000000000000000000e+00
-1.000000000000000000e+00
5.427204869763058159e-01
-5.503896744512442041e-01
-1.000000000000000000e+00
-1.526561290813404081e-01
4.311805185524330009e-01
-7.331254822803543458e-01
-5.037416372681133847e-01
-8.893445594871375315e-01
1.000000000000000000e+00
1.685183745884016870e-01
-7.811674928352725367e-01
2.955038496496177336e-01
-2.900484251089852084e-01
8.949969466103773197e-01
1.000000000000000000e+00
-1.000000000000000000e+00
-1.000000000000000000e+00
1.000000000000000000e+00
4.902756470467622973e-02
2.722939671640748349e-01
1.000000000000000000e+00
9.340293672148598514e-01
1.000000000000000000e+00
1.000000000000000000e+00
-1.000000000000000000e+00
-1.160147144023548904e-02
1.000000000000000000e+00
5.834159857579865882e-01
-1.308310473876670432e-01
4.408949203787386750e-01
2.092882199806554711e-02
-1.000000000000000000e+00
9.254725223623139208e-02
-9.484437708454377391e-01
1.000000000000000000e+00
-3.002167109081118612e-01
1.979202059150849680e-01
-3.913048923813244873e-02
8.484800944145890478e-01
-1.880525498349659985e-01
-1.350557920598629003e-01
-1.000000000000000000e+00
-6.466323442932802035e-01
-1.000000000000000000e+00
4.442273201269906768e-01
1.000000000000000000e+00
1.000000000000000000e+00
9.330741075101707249e-01
1.000000000000000000e+00
-3.957652311107613952e-01
1.000000000000000000e+00
1.000000000000000000e+00
2.074980849127165683e-01
3.787828408797038193e-01
-1.000000000000000000e+00
-1.000000000000000000e+00
9.243478658864650033e-01
-2.531663724967270213e-03
4.758451036495107700e-01
1.000000000000000000e+00
7.190807117548368987e-01
1.000000000000000000e+00
1.000000000000000000e+00
-3.049356384911212636e-01
-1.000000000000000000e+00
-4.163465156998794048e-01
-3.567475745748613924e-01
1.000000000000000000e+00
1.000000000000000000e+00
-6.078176825231780267e-01
5.886736167682962151e-01
7.306421201724244696e-02
1.000000000000000000e+00
7.420297618956115393e-01
8.913625980724548814e-01
-2.884297099118195984e-01
-2.102761219091207889e-01
-7.942180998038201878e-01
1.000000000000000000e+00
2.336818466464104516e-01
1.000000000000000000e+00
-1.000000000000000000e+00
1.000000000000000000e+00
-1.844519468918985883e-01
9.678004729367664094e-01
7.627611623010606134e-01
-4.502621689816070916e-01
-9.497035065421464139e-01
9.969536462706530822e-01
-1.000000000000000000e+00
-6.244586650052434962e-01
2.065131688932057008e-01
-8.487559525857144571e-01
1.000000000000000000e+00
5.320176742457447538e-01
-1.000000000000000000e+00
-4.789983902984110142e-02
3.064474744095891379e-01
-1.000000000000000000e+00
1.000000000000000000e+00
7.237655520472370263e-01
5.619279968428023686e-01
-1.000000000000000000e+00
-1.000000000000000000e+00
1.997788195649313758e-01
-2.625545745030095635e-01
-3.432969848605754715e-01
5.963687294989623577e-01
1.000000000000000000e+00
8.012992954840816306e-01
1.000000000000000000e+00
-1.000000000000000000e+00
3.791579496420409701e-01
-5.693053973203823226e-01
6.153217699789270689e-02
-1.000000000000000000e+00
9.284924095982061143e-01
8.614367913999358972e-01
7.894792300958313191e-01
3.211862477468176991e-01
1.000000000000000000e+00
-5.632390167559351291e-01
-1.000000000000000000e+00
-8.185352322376150402e-01
-8.436683590371624186e-01
6.616175511670741027e-01
2.856024109157788149e-01
-3.808741624187747532e-02
-9.244206102211913745e-01
2.276245673338306297e-02
-1.000000000000000000e+00
