4.167885447384481190e-01
8.560073476905876166e-01
-8.551477209189268791e-01
-3.481174495966500304e-01
9.273654837866174283e-01
1.000000000000000000e+00
9.999210816220400755e-01
-7.722224150689555033e-01
-6.616814490011894978e-02
-6.315708823506425151e-01
-8.087288838808340818e-01
-6.233549498728427896e-01
3.101553095478158384e-01
9.984558030466985645e-01
9.653145102088550589e-01
8.841385755993105278e-01
7.378083687575982541e-01
5.650982455285217254e-01
9.905670630704335178e-01
8.720651605700575626e-01
-7.751143310025333522e-01
7.426393786333510549e-01
3.639322251916524142e-01
9.219354610207403100e-01
-7.770867476397529394e-01
-1.000000000000000000e+00
5.373824801675006757e-01
-5.999228845202831950e-01
7.326284899763548797e-01
-9.366463291450398687e-01
-9.523206194918194534e-01
3.304804824986523060e-01
4.956918454683929554e-01
8.467806877375163577e-01
-8.606990776836044299e-01
-5.303418730813684867e-01
7.350825768837861152e-02
-8.807161181205231948e-01
-4.663522947696203680e-01
4.335292891323780373e-02
-6.260203950289429109e-01
1.000000000000000000e+00
-2.322657587466216700e-01
1.968308060196427012e-01
4.207556220068627839e-01
9.110343839427305079e-01
1.066507557648855159e-01
9.997667075974620010e-01
-5.800219503941899113e-01
5.725382271032400938e-01
-9.191854703572849283e-01
-5.237987889686247511e-01
6.638076013735099146e-01
1.000000000000000000e+00
-9.409958064310841586e-01
-9.857656500070981487e-01
-2.997067476800597263e-01
9.371954958244650413e-01
9.520852472418026569e-01
-3.347695547886098133e-01
6.427605671246573449e-01
-9.993197067261756494e-01
-9.991660538947391146e-01
-9.988665757786653332e-01
-1.775982014167953038e-01
-9.915982725690948296e-01
8.432039343665968800e-02
-1.000000000000000000e+00
-9.996689328902641503e-01
-8.729115505209994463e-01
-8.857651302399410786e-01
1.000000000000000000e+00
8.190871030656292628e-01
-4.991014288357757400e-01
-5.429983453513842484e-01
-6.265681097167355440e-02
-4.853961977946065764e-01
9.476426305211241297e-02
-9.806684039453611446e-01
-9.983339769977509492e-01
-8.904275521174567221e-01
2.255745876601859823e-02
-7.514341451407855477e-01
-5.525054255867929420e-01
-1.000000000000000000e+00
9.962119621132067282e-01
-5.851572773556813420e-03
8.672971334811974131e-01
-4.189092541215196364e-01
-4.941089093457524117e-01
-2.281736612810273956e-01
4.033518734044310161e-01
-2.344833671421286403e-01
5.037055336193134725e-01
5.358501320687378833e-01
-4.992926550596765017e-02
-5.128920350759935687e-01
2.965732724033840473e-01
-1.000000000000000000e+00
2.380910259837297760e-01
-1.000000000000000000e+00
1.788450410684095104e-01
-7.290722251521847275e-01
-1.000000000000000000e+00
-1.724963958161006561e-01
5.414143336531772599e-01
-4.234122762759620628e-01
9.912606492388682522e-01
6.238625216288462560e-01
-8.926628322532202953e-01
-5.877697667307341112e-01
-1.000000000000000000e+00
8.817777943905130700e-01
8.121957353616946484e-01
9.958217959315003309e-01
-9.626854439725180956e-01
9.031824100795152743e-01
-7.241303489269605986e-01
9.575189578535745483e-01
-7.924689267709228435e-01
4.759060233345320801e-01
4.486572227846407496e-02
1.000000000000000000e+00
-3.103649661898856271e-01
-1.000000000000000000e+00
-2.487937596566097975e-01
-1.000000000000000000e+00
-8.815631418526368446e-01
8.096544881751289724e-01
-7.204521717383214341e-01
-4.206868219497107986e-01
3.696897752304746931e-01
-6.802088244407646922e-01
1.753715474283137621e-01
-1.172555217755530121e-01
-8.284732431045284395e-02
7.723027320889743752e-01
9.042781946625273459e-01
9.993167725252684042e-01
1.063268819512242225e-01
2.204991789761014398e-01
-9.986066673853086773e-01
-9.996962991018143452e-01
-8.779252126546763790e-01
-9.943885621063111024e-01
-5.922879199205741685e-01
9.996140547288444589e-01
6.175010790016554479e-02
-9.966390137486738077e-01
-1.000000000000000000e+00
9.990902082451093014e-01
4.734456521814463525e-01
-8.206018823236715942e-01
9.910143886064233243e-01
8.850810658971993705e-01
-9.999878211661396010e-01
4.143537988926320748e-01
9.712019444403732216e-01
9.999538066188700114e-01
8.334380097711346913e-01
1.000000000000000000e+00
-4.467129328528344767e-01
-5.045733599745891862e-01
3.841755441033102847e-01
9.953822758975506835e-01
3.106729082819424392e-01
1.000000000000000000e+00
5.705433556197814920e-02
-4.360314310938970261e-01
3.198037087679129753e-01
-3.935077002079042097e-01
-2.118571832237198527e-01
6.071527061166420713e-01
3.082278665601886902e-01
9.957587508730713077e-01
9.399701244310609827e-01
-9.958886317097338514e-01
9.568821521076937842e-01
1.000000000000000000e+00
-9.905295111215026704e-01
7.856080099416561380e-01
-9.986187920656445227e-01
-8.685196954714804463e-01
-5.003592246981647396e-01
-2.386852322680591831e-01
1.805294624993959429e-01
-8.209534764251605887e-01
-7.405096699564832630e-01
-8.782941209423559270e-01
-4.363642837535801622e-01
9.216824573958604105e-01
-1.130108216947635358e-01
1.439819890225038923e-01
8.568130758155322324e-01
8.742299391398077324e-01
-8.097909179161877358e-01
-1.749407877370375564e-01
1.000000000000000000e+00
-6.381895686302869741e-01
-3.999629839536225084e-01
-4.164966674941263380e-01
8.026424709540918023e-01
-4.001272927353207720e-01
-9.406145198743227631e-01
-8.444853073134152011e-01
-2.052745346847379693e-01
-2.811791041455071610e-02
-6.660714290228378909e-01
1.000000000000000000e+00
1.000000000000000000e+00
-9.676568906224467526e-01
-7.209097952881304838e-01
-2.959869572575794111e-02
1.000000000000000000e+00
9.966588029241431057e-01
-8.373095258959402098e-01
-1.278063629006399304e-01
-8.720481631183321092e-01
7.960862609415777502e-01
3.924244112172833310e-01
-9.250051023967791330e-01
-9.908924899686137877e-01
3.633828799511451546e-01
5.377049921805279187e-01
5.750444990311828208e-01
-9.778937932850600978e-01
1.000000000000000000e+00
1.000000000000000000e+00
5.701445495758290516e-01
8.871929628594601436e-01
-7.061643094055161107e-01
-1.000000000000000000e+00
9.349871050063828237e-01
-9.506865132234219862e-02
-1.000000000000000000e+00
3.420217210657793272e-01
6.340938260651873826e-01
8.040668104556313311e-01
7.407922401553983516e-01
-5.076567207518659641e-01
2.390901154001125739e-01
-6.847735839895713328e-01
-9.985283695752997790e-01
-8.704730511411900018e-01
-9.785407722069675573e-01
-1.000000000000000000e+00
3.272757322658551016e-01
1.000000000000000000e+00
-9.959659191260445965e-01
-8.793112431457783540e-01
5.132764201418751338e-01
8.749227229618724566e-01
-9.445979743904864279e-01
1.368737585153108338e-01
9.141780821913833011e-01
4.369251819573637396e-01
7.962177435968122996e-01
-9.797467756911404368e-01
1.000000000000000000e+00
-9.915794362509789961e-01
-1.545750114845079737e-01
2.260712480909555511e-01
-2.843903861030355196e-01
2.805912291807207137e-01
-4.132310848340507436e-01
