-8.601282379899241048e-01
-8.208593185816291937e-01
5.911558300447382619e-01
-9.651201495632802940e-01
1.648357736987127523e-02
-8.999039104744225304e-01
1.134249469409591982e-01
-9.725974494042740615e-01
-9.435303760928331895e-01
-5.206233173891359201e-01
-8.809462976277523394e-01
-3.336613150504856296e-01
9.022151869720121953e-01
-9.657869910969724137e-01
-1.000000000000000000e+00
3.730228982444596664e-01
-2.185577018355213119e-01
9.268831362380027805e-01
1.777258896246866060e-01
9.788764271266067185e-01
3.325126199244943237e-01
-2.275339224719735154e-01
-7.832958422748039773e-01
1.000000000000000000e+00
3.386813075245667659e-01
5.312092408617499206e-01
-7.051383811657875311e-01
1.000000000000000000e+00
4.664649873578475825e-01
-2.331395679394338560e-01
-4.818571904658727201e-01
-1.000000000000000000e+00
-8.732979668734953682e-01
-6.735884375777231314e-01
-1.000000000000000000e+00
4.646559033215422740e-01
-1.000000000000000000e+00
1.000000000000000000e+00
-1.994724517514283035e-01
1.250183609797839712e-01
9.251002049029088958e-01
-9.223090565170235511e-01
8.991187284029387161e-01
1.337125206762767027e-01
6.187121262170337532e-01
1.996587379087193248e-01
-6.988546361273313412e-01
-1.239624900042955169e-01
6.422525665495153468e-01
1.000000000000000000e+00
-2.269809817445680167e-01
-9.969146810270674841e-01
1.000000000000000000e+00
-9.901051169199429625e-01
-6.504683147061152138e-01
1.000000000000000000e+00
7.775299551827441480e-02
9.310824869160042594e-01
-6.045973580218060306e-01
9.810787048266911281e-01
1.000000000000000000e+00
-7.847297727743403062e-01
8.247541677402050464e-01
-1.137011690632889760e-01
2.842760208019563528e-01
1.206806255512988535e-01
-8.543247807385255799e-01
-7.923305169529074599e-01
3.694205081187449391e-01
-7.053510309108268483e-01
5.254056101240792698e-01
-9.904109325337838721e-01
-8.387715289648177697e-01
-9.502065275582011195e-01
3.523043120010730389e-01
-7.257387774579819872e-01
9.641035977682720359e-01
1.000000000000000000e+00
6.048617218984242427e-01
6.871632558155378323e-01
-6.531566225853653318e-01
9.420907985256092854e-01
7.499585749042926297e-01
1.588235273847376228e-01
7.674871203625327487e-01
2.009798903106784218e-01
6.840066077832365199e-01
9.425015119122833740e-01
8.390072486234031457e-01
9.477421688903810981e-01
5.112233032105586439e-01
-2.305889522757441357e-02
-9.356222330317958136e-01
4.227722071322400632e-01
5.410888211403231951e-01
1.224840159248836990e-02
-9.222369866081442380e-01
-3.453436520437590529e-01
6.646640413136909453e-01
7.645528105763791382e-01
-4.017596599243465350e-01
7.551035927446442253e-01
7.589450224254354893e-01
8.302696996128525742e-01
-9.984833763346367963e-01
4.034186276676838823e-01
5.039090458675026252e-01
8.389041737883036198e-01
1.647936789932269441e-01
4.284354087481566653e-01
3.462710217345763009e-01
-1.000000000000000000e+00
-1.000000000000000000e+00
-1.000000000000000000e+00
7.211203208299038492e-01
-1.565219970731358823e-01
-9.564337418519148759e-01
-5.513204188674719619e-01
9.848429241595733075e-01
1.882442663267461791e-01
3.893196320782712494e-01
7.900494169966630897e-01
-1.000000000000000000e+00
-2.898787198013829114e-01
-8.379953050396430347e-01
8.684767323733275646e-01
4.486719385679641681e-01
-8.161228267032238914e-01
-8.559990356305350323e-01
-2.806475010424619998e-01
8.627016878325345361e-01
8.438028270886317461e-01
-1.404204945239959368e-01
-9.601760269368032619e-01
1.607043497122843112e-01
1.385664337694138548e-01
9.449689448449998252e-01
-3.723647594382653025e-01
-5.238444013306737812e-01
6.354080733350995214e-01
-3.354864511283314754e-02
7.895299957368370203e-01
7.468231767862413273e-01
-6.340619576417618752e-01
-8.915819170727929954e-01
9.308506247180161619e-01
3.742401798447146932e-01
1.000000000000000000e+00
-6.783814265959011713e-01
-8.997023509850631262e-01
1.000000000000000000e+00
-3.160770056390759808e-01
-5.347974411000683270e-02
-7.660108690096338879e-01
7.330844838916026340e-01
7.344196624243467530e-01
-9.286381786306014963e-01
6.440154912233571061e-01
9.505835135580948947e-01
-1.000000000000000000e+00
9.578368002093791134e-01
-4.286616004680771641e-01
5.812565222302810142e-01
-9.078269158995042054e-02
4.055248851458624904e-01
-9.179071108325670414e-01
5.186799519645823864e-01
9.471977428796692910e-01
1.680771764158671133e-01
5.855618114722207501e-01
-8.893014607048755904e-01
-3.160019401780431864e-02
-6.183691872077284879e-01
-9.829512066982848406e-01
-9.762965813504822510e-01
-4.257890558266603231e-01
-7.289307788627460427e-01
9.105108220819115861e-01
1.225701575639499413e-01
3.757306343392370906e-01
-9.151588192185258208e-01
1.000000000000000000e+00
-3.157745965508028108e-01
1.000000000000000000e+00
3.909401476964221023e-01
1.000000000000000000e+00
-1.000000000000000000e+00
-7.514114454858504821e-01
9.360042830797615787e-01
-1.967461753058873386e-01
-9.500116688903940121e-01
4.225243372156258642e-02
7.635080038067660890e-01
9.099265065493497007e-01
1.718268346325983187e-01
-6.847934417627739023e-01
-1.000000000000000000e+00
-9.950100965764492322e-01
-1.000000000000000000e+00
2.276855916226752929e-01
-6.484589937658761238e-01
-3.969990016907710695e-01
2.570198455682485839e-01
-8.440917991558094524e-01
-4.335983984615907061e-01
-9.928227232491851906e-01
8.059518921504621458e-01
-7.827147031699095425e-01
-8.708921245232114083e-01
-1.704450692509293652e-01
7.104631138197438078e-01
5.860373648409833436e-01
7.182522819160180871e-01
1.865030910553222565e-02
-1.724195881381445083e-01
-8.827034720233085663e-01
3.343708823010643205e-01
5.307376093605410405e-01
4.490284088137424523e-01
1.000000000000000000e+00
1.000000000000000000e+00
1.000000000000000000e+00
-6.477986757494972325e-01
7.587677709800135784e-01
-6.823501625818176874e-01
4.832495751021146368e-01
8.055595559671218098e-01
4.108515489245468943e-01
1.000000000000000000e+00
6.857997077509865314e-01
-3.819264353456409689e-01
5.089453091328429712e-01
4.255400164933006990e-02
8.675404036203132607e-01
7.533410237813699117e-01
-8.938816799674770275e-01
-1.499805044602764148e-01
-9.697838687507591704e-01
4.431479937019803250e-01
7.928830829435290495e-01
-7.268010964734262780e-01
-3.384541636705767215e-02
1.000000000000000000e+00
-4.848106104759456469e-01
9.790041509572627865e-01
8.507582522433752015e-01
4.967347574171785407e-01
-5.264237418094934728e-01
-1.864147855386044106e-01
6.472209445919053783e-01
-1.926373800675440784e-01
-7.175664251396136617e-01
-1.188508792626107313e-01
2.510423270334154466e-01
2.854286147690999753e-01
-8.330066347554823114e-01
-8.700797985971265858e-01
8.812796941463711953e-01
8.762562249827251515e-01
6.028229437292400572e-01
1.491833504859768622e-01
1.611530057155146078e-01
7.507741773977011368e-01
-6.963423207836778595e-01
-8.709063840488959762e-01
