-1.000000000000000000e+00
-5.643911300220045835e-01
3.886908055084680735e-01
-9.482319746300011953e-01
9.976275282650299836e-01
9.855558250053766955e-02
6.998262811431641417e-01
-7.139880370202283943e-01
3.283850449675271288e-01
5.240747081145484820e-01
-7.157057539868967311e-01
8.681014832421747596e-02
-1.000000000000000000e+00
-9.645677003530070959e-01
-9.685468948738551465e-01
-1.000000000000000000e+00
4.580667765031076200e-01
-3.043626881793768946e-01
-6.134918926273690287e-01
-6.894055398073682950e-01
8.870070151450427653e-01
-2.344479873408208681e-01
-5.100776937102387276e-02
-6.559033441323655067e-01
-6.200957400236584149e-01
-2.856576979538224537e-01
2.885728065963671929e-01
1.142489534565244574e-01
-9.847075278343604410e-01
-3.890422474937823560e-01
-1.843308032753696868e-01
8.649720925077504230e-01
4.846060958775263439e-01
-8.976680631856466253e-01
-3.312836838358654834e-01
-3.000378398394211166e-01
-6.941137130522440080e-01
6.880566563143044601e-01
-3.051033735632919797e-01
9.658222771401334672e-01
-8.765264719734735532e-01
-4.354678827656977558e-01
3.101101707901215421e-01
-5.397367473334527821e-01
2.215331401702849423e-01
-1.872420760265956219e-01
-8.985944825705588501e-02
-1.744093036498416682e-01
3.885078933592506778e-01
-7.474646466007778267e-01
-4.252199120153398182e-01
3.872864837704369512e-01
-1.000000000000000000e+00
2.923158452402032648e-01
-7.880019506803007667e-01
-9.464913032668919035e-01
-1.000000000000000000e+00
-5.347766643759714889e-01
6.645369370770242146e-01
9.433667215591189370e-01
-3.060917129894933364e-01
6.541790856424681833e-01
5.161467422509703751e-02
-5.443314915599631876e-01
-1.812358964643167591e-01
-2.025133320570940421e-01
8.510624128484525208e-01
-1.000000000000000000e+00
-7.051917740363252696e-01
3.689888247680859212e-01
-9.394628415235670715e-01
1.000000000000000000e+00
-1.140849502278431515e-01
-7.881166535580245158e-01
4.940285660541976487e-01
4.181300672934542551e-01
4.351766070789592211e-01
-1.397779187907728371e-01
5.412073743338683407e-01
4.731974263683147441e-01
-2.661006546002449014e-01
8.651754654334190553e-01
-9.019068491837503032e-01
1.552599095310962796e-01
3.855239804813284654e-02
1.351899117765746894e-01
1.000000000000000000e+00
4.938320833941286514e-01
6.498629690552250038e-01
7.728647279787254076e-01
-3.410176919799227657e-01
-7.614530229866747213e-01
-8.796700369885603055e-02
-6.847362129446005197e-01
-9.477142876003871730e-02
4.737581932399902163e-02
4.563485549737158475e-01
-3.201463480494826097e-02
-3.955084392907420865e-02
5.824315824955816900e-01
-1.764100184441247943e-01
-1.934688243437560906e-01
-9.999885959901632093e-01
-2.174180425610972300e-01
-1.663133367432839682e-01
9.923915618139708128e-01
4.806429789288270416e-02
9.963050350851511139e-01
-2.682375195028564030e-01
-7.513983692918952961e-01
-2.871478080148260892e-01
8.911387787107166725e-01
7.717094516009340155e-02
-6.537093650508846165e-02
-3.642371075077230347e-02
-1.000000000000000000e+00
9.067725725335439024e-02
8.159884744703889137e-01
-1.000000000000000000e+00
1.000000000000000000e+00
1.000000000000000000e+00
-9.742898670486868085e-01
3.279331394371240438e-02
-2.113557246123650979e-01
1.000000000000000000e+00
-1.869475297823113003e-01
1.978801278152930720e-01
6.136650843129010102e-01
7.126119693503567554e-01
4.340128604287579739e-01
-7.658603061307716064e-01
-1.000000000000000000e+00
-1.357529567683147254e-01
-1.261205997740315332e-02
9.066660956259582349e-01
1.891535839673420538e-01
-1.125134127288305863e-01
9.996713672619088609e-01
2.620810578968752608e-02
3.643856449440739942e-01
7.901499779239749000e-01
8.077397999640748560e-01
-4.955072088273830277e-01
-6.264656544827629236e-01
-8.937197417830221591e-01
-1.000000000000000000e+00
1.869400936785650114e-01
-2.177321428597426001e-01
-1.000000000000000000e+00
-7.984584560004440723e-01
2.304699529628907728e-01
1.000000000000000000e+00
7.464379378535446197e-01
2.732040761516387750e-01
5.557453269335104196e-01
3.034859769453193135e-01
5.179206995333649477e-01
4.215871739601843027e-01
-3.149352178993723994e-01
-3.511189798174712551e-01
6.961140116259509902e-01
1.000000000000000000e+00
-1.000000000000000000e+00
-6.756700982728769400e-01
3.616558735597699137e-01
7.013358830779883313e-01
4.218704216498059822e-01
-4.168176581707122019e-01
-4.039304849635512729e-01
4.216735274477968476e-01
2.730273734656049611e-01
2.529071193424314301e-01
7.697502191834625362e-01
-1.595753032369457425e-01
-4.568814762093846849e-01
-6.984821581900261256e-01
-1.091256144168595843e-01
1.000000000000000000e+00
-8.956113245282230073e-01
2.292604307860558188e-01
2.128847610159689818e-01
1.489171821935947326e-03
-4.295367069091132195e-01
1.644118011187666595e-01
1.619802719790398582e-01
-5.848305715089719969e-01
3.003447297432619290e-01
7.722778483101211400e-01
-5.455253673981957929e-01
-1.000000000000000000e+00
1.000000000000000000e+00
-1.000000000000000000e+00
-3.831827867199685822e-01
-1.954865701586757168e-02
7.767407902042791079e-01
7.294811114947278297e-01
9.660789012951193078e-01
-1.554891008997967838e-01
6.841142494513591243e-01
-6.040501901643371419e-01
4.896785113383342880e-01
1.000000000000000000e+00
-3.398943331159096082e-01
5.844988183363348799e-01
-2.144726493818513990e-01
-8.440552258720688261e-01
8.468094862325553640e-01
1.864816702344374577e-01
-3.772303096701461189e-02
7.627473510808854273e-01
-1.000000000000000000e+00
-2.163176249547552610e-01
1.000000000000000000e+00
1.567031263830604426e-01
4.430543571639669054e-01
-3.608447120689421972e-01
-1.880131154511940350e-01
1.605021177883326211e-01
3.192904958299865870e-01
-3.488745856488060793e-01
-7.264385989004706889e-01
2.486537088855443056e-01
-5.880008332405534111e-01
1.000000000000000000e+00
7.560516549334773684e-01
1.000000000000000000e+00
-2.778203994676570199e-01
7.351972233031552062e-02
7.797112897616707006e-01
6.887522198058950718e-01
9.923085327852944060e-01
-1.242557279985089108e-01
-1.388488234976991698e-01
9.124890298886589868e-01
8.770392487929984382e-02
5.685416940553152942e-01
3.820964843724394266e-01
2.211630093349497006e-01
-1.471682873067844122e-01
5.669877509437016849e-01
4.052184390575422901e-01
-2.351543685829760033e-01
6.316998279691736773e-01
1.000000000000000000e+00
-3.561502686434850906e-01
-9.532370202984413732e-01
-9.101898002422810219e-01
-6.297991351255045889e-02
9.211035727126276607e-02
2.703067454306023465e-01
7.235777786989108229e-01
9.025821323297149590e-01
9.663376907982526021e-01
2.905771717746351568e-01
-2.874989334566456778e-01
-7.443276403039312816e-01
-5.676228136313747896e-01
-2.778612146805171101e-01
-1.836437659512417109e-01
-6.558850492167612733e-01
-9.888440513016762967e-01
-1.579435012689940354e-01
5.567529868818782424e-01
-5.334991730700160417e-01
-6.204453064587561739e-01
