-2.007599242034226461e-01
6.095613751219517429e-01
1.000000000000000000e+00
8.731248313150166140e-01
-1.000000000000000000e+00
-3.332717627750526601e-01
5.631789972913436859e-01
-1.361746211203715418e-01
1.316328308726990859e-01
-7.859703180541275369e-01
-1.000000000000000000e+00
-8.998546033026123547e-01
-3.750331826051922501e-01
-6.145203560008023480e-01
1.000000000000000000e+00
-3.352560923333189891e-01
1.000000000000000000e+00
-1.000000000000000000e+00
-3.530657410591120371e-02
-1.843004979945528921e-01
-1.000000000000000000e+00
7.644351213914939436e-01
-8.692335533461270636e-03
8.689711294759168148e-01
-3.148594987260926459e-01
1.000000000000000000e+00
5.532942117712214003e-02
8.055839945600932195e-01
1.000000000000000000e+00
-6.582192059173987975e-01
5.405296479288500544e-01
-1.000000000000000000e+00
-5.639345333661682780e-02
-1.000000000000000000e+00
6.762835770645854450e-02
1.000000000000000000e+00
-5.337299672181226029e-01
8.486706166524109474e-01
5.421517751788849093e-01
2.719454385507535932e-01
5.497388578836870376e-02
-8.671297663925681132e-02
-7.464825800606628148e-01
-6.502126802854224508e-04
6.590816521121957150e-01
-2.772462028587121541e-01
5.913989673169380845e-01
-1.000000000000000000e+00
-4.788549678859849168e-01
-1.000000000000000000e+00
-9.431608976544223477e-01
1.000000000000000000e+00
8.056320477223199994e-01
1.000000000000000000e+00
3.170239084601370605e-01
4.199516822908674341e-01
-3.604979237556537042e-01
2.188732426665480624e-01
7.578004230065280566e-01
-9.748526867362896642e-01
1.000000000000000000e+00
-1.000000000000000000e+00
-6.905541867277279477e-01
-7.448151647246001872e-01
-1.000000000000000000e+00
1.264947723326015350e-02
1.000000000000000000e+00
-1.000000000000000000e+00
-5.221877036074134004e-01
5.217912535206070679e-01
1.000000000000000000e+00
7.645990177784282027e-01
1.000000000000000000e+00
5.618639209738589546e-01
1.000000000000000000e+00
6.298095178357270285e-01
5.327565028426531901e-01
-2.435780216825703948e-01
1.821907297219051980e-01
-8.652338946222846161e-01
5.376025713847079057e-01
1.000000000000000000e+00
-2.203895200680487942e-01
6.981106111236907719e-01
-1.948356325387210486e-01
3.686933857128891351e-02
-3.470433093139879688e-01
7.880594076731433084e-01
1.000000000000000000e+00
-6.624438211573371316e-01
1.000000000000000000e+00
1.000000000000000000e+00
4.779944978485409224e-01
5.601673953124296501e-01
1.000000000000000000e+00
1.000000000000000000e+00
-1.000000000000000000e+00
-9.005150581915536412e-01
1.000950105585904637e-01
7.506188074427875279e-01
7.593446303783664419e-02
-5.785498409097836747e-01
-1.000000000000000000e+00
1.000000000000000000e+00
-7.054847667325265803e-01
1.000000000000000000e+00
-6.000000000000000888e-01
1.000000000000000000e+00
7.867844849846438171e-01
-3.850093825197131725e-02
-1.000000000000000000e+00
3.262993775821138032e-01
-4.856161731536602910e-01
1.000000000000000000e+00
-1.000000000000000000e+00
6.956310744682789871e-01
1.000000000000000000e+00
-1.000000000000000000e+00
-9.862429270410543181e-01
-1.000000000000000000e+00
-4.105124083055407963e-03
8.574252608614352233e-01
-1.000000000000000000e+00
-6.019028986186730767e-01
-1.000000000000000000e+00
1.000000000000000000e+00
-1.000000000000000000e+00
-1.716178755666134259e-01
-4.035253771653724009e-01
-9.018947718305720951e-01
2.190817888293608018e-01
-1.046340009381205582e-01
-2.666151226434610999e-01
7.022679742202495579e-01
-1.000000000000000000e+00
-6.273461676034053358e-01
-3.782655093728477524e-01
-1.000000000000000000e+00
-9.411029759627622671e-01
-9.242500601790060166e-01
-3.710221933673301109e-01
-1.000000000000000000e+00
-5.325228417672003278e-01
1.639488269855367553e-01
-7.697991452533949897e-01
1.000000000000000000e+00
9.643050057168853773e-01
-8.812347254767113336e-01
-9.768577576626260583e-01
-6.719928414962843544e-01
4.942275606820026312e-01
1.000000000000000000e+00
-6.308154571897852669e-01
-1.000000000000000000e+00
-1.728627179376919787e-01
-1.000000000000000000e+00
-1.000000000000000000e+00
-1.000000000000000000e+00
-2.800000000000002487e-01
-6.371674664118037734e-01
-1.403481632795383904e-01
9.533651057272796159e-02
-5.518650555251269907e-01
-1.554428559800101195e-01
-9.605957850345495652e-01
-1.000000000000000000e+00
-1.000000000000000000e+00
1.000000000000000000e+00
-1.000000000000000000e+00
-8.587872424989653752e-02
-1.000000000000000000e+00
-7.065769328358972867e-02
6.626227517886251750e-01
9.687159852613553834e-01
1.000000000000000000e+00
5.732175410471996857e-01
-1.000000000000000000e+00
-3.111913232401224971e-01
-1.161013928258616268e-01
4.452643769911158178e-01
1.000000000000000000e+00
1.919979625599625983e-01
5.256778258791212632e-01
1.000000000000000000e+00
1.000000000000000000e+00
3.148677640292349977e-01
-1.000000000000000000e+00
1.000000000000000000e+00
6.687112119495409734e-01
-1.187874936799406811e-01
-8.163271216817008513e-01
1.235981389355370608e-01
6.931422453916170623e-01
1.000000000000000000e+00
-5.765440793970161293e-01
1.000000000000000000e+00
1.000000000000000000e+00
1.000000000000000000e+00
7.038130733341239065e-01
-1.000000000000000000e+00
-5.255478463187496230e-01
-1.000000000000000000e+00
-3.115445100974595372e-01
1.622929507341848709e-01
-1.000000000000000000e+00
2.921884955541267925e-01
-1.000000000000000000e+00
8.249938091132735796e-01
4.173344765849524851e-01
3.920621990637706555e-01
-1.000000000000000000e+00
1.000000000000000000e+00
7.012736011503899469e-01
8.604490294741644618e-01
-1.000000000000000000e+00
1.000000000000000000e+00
3.229856584760576466e-01
-1.000000000000000000e+00
6.305766992643762059e-01
1.382533937796773804e-01
1.000000000000000000e+00
-1.676493722297139888e-01
-1.000000000000000000e+00
5.661756430782153293e-01
2.558308511291285670e-01
1.000000000000000000e+00
1.000000000000000000e+00
1.000000000000000000e+00
3.469086771526536106e-01
2.929897135542911535e-01
-1.000000000000000000e+00
-8.860726031258776558e-01
1.000000000000000000e+00
1.153652207158475940e-01
-1.000000000000000000e+00
1.000000000000000000e+00
2.270363855491619454e-04
-2.435773889614800680e-02
-4.214484423469269103e-01
1.000000000000000000e+00
-8.371791720334311737e-01
5.637033889010638621e-01
-9.092964171643120874e-01
-2.392034276844161589e-01
1.282898179831033492e-01
1.000000000000000000e+00
1.000000000000000000e+00
1.350540826844488507e-01
7.649196857338755873e-01
-7.160803417369225876e-01
4.007705928675794893e-01
2.093049901961768211e-01
4.436040340584780917e-01
-2.842379197594233631e-01
9.207255399022080677e-01
1.000000000000000000e+00
-1.000000000000000000e+00
9.904068523562299386e-01
6.000000000000000888e-01
4.076200469912198976e-01
-5.093703022704954009e-01
-1.000000000000000000e+00
8.084022958261054548e-01
8.097339781563619443e-01
-3.261103081960331496e-02
