-9.795308664456598979e-01
2.687518562502621000e-01
4.238003292146340084e-01
2.802322382298012560e-01
2.004828046033380606e-01
1.236588760437967033e-01
-3.440861597745604739e-01
-1.989685564831484288e-01
7.860319921794535203e-01
4.276370024903154710e-02
-2.126689734617193683e-01
5.272535997469377511e-01
-9.106188085927515719e-01
1.000000000000000000e+00
9.716599864181447721e-01
5.693809071552027312e-01
-8.582159647254435919e-01
3.873702402112277898e-01
9.982438918944989137e-01
-3.767874956011770804e-01
-2.624380823179426336e-01
8.787085834739197243e-02
-7.434963726494112635e-01
-3.000804355409972812e-01
8.897773400265039934e-01
-5.022744346571402785e-01
2.207484739952252639e-01
9.024226030452082714e-01
7.744094273351047608e-01
3.640628074829999061e-01
-6.098224462824965997e-01
-6.019540212565565040e-01
-1.000000000000000000e+00
-9.914067416714591463e-01
7.778849600611962289e-01
-5.318450002073398242e-01
-2.442458825690936586e-01
4.802728921499500592e-01
-6.438754220773268422e-01
-6.754690165185899264e-01
9.000307011923587286e-01
-3.427712061693708456e-01
3.885887077089131836e-01
3.946400594360759961e-01
1.242784121449733437e-01
-1.000000000000000000e+00
-6.445755957766553523e-01
2.776175866591678032e-01
9.566299164892483331e-01
-9.588799518252167919e-01
-9.181573341386245479e-01
1.992544795316607831e-01
-5.127555840564665957e-01
-9.338647614988264678e-01
1.000000000000000000e+00
1.000000000000000000e+00
7.407560838992881536e-01
-1.668699168796631827e-01
4.831726968996581661e-02
-3.426837319928499603e-01
-8.480101415448054736e-01
6.573177905209434124e-01
-6.275783504890098952e-01
2.232379967156298550e-01
-1.000000000000000000e+00
-3.313006579886634828e-02
-6.531738205123518437e-01
3.972902768704222876e-02
4.960378735230348557e-01
6.845632662186154072e-01
-6.367500741884828397e-01
-5.819928246196902633e-01
3.292412641649664073e-01
7.009163561776331486e-01
-6.099680087715246835e-01
8.103986492985552070e-01
1.531680875251744678e-01
9.669024158152070836e-01
1.000000000000000000e+00
-6.684849464135357300e-01
1.000000000000000000e+00
-1.495085556627924750e-01
6.666669698267443378e-01
-4.966378875076329913e-01
8.627147049899187570e-01
-5.693570906134096665e-01
2.106789720349053208e-01
8.660543240460855108e-01
4.225966234057051407e-01
2.672916391032563177e-01
-5.521118883190450077e-01
-2.752821811710025324e-02
-9.384614144574732197e-01
8.747255487923327744e-01
6.719863184104597487e-01
-2.275477789205112011e-01
-8.860019743878371212e-01
-9.389976484726065831e-01
8.144329471481801530e-01
3.708297073080372153e-01
3.868428759846193055e-01
3.090548357841959581e-01
-9.890462277000342528e-01
-4.395895778260952569e-01
-1.000000000000000000e+00
4.352733924201461213e-01
-4.300787663432437680e-01
8.429284475781294583e-01
6.554356403464189906e-03
-7.476293807357458077e-01
-6.232133548830072201e-01
-1.000000000000000000e+00
-1.000000000000000000e+00
1.000000000000000000e+00
1.000000000000000000e+00
1.000000000000000000e+00
3.940147982798464232e-02
3.782810679817256161e-01
-9.364479992326742996e-01
9.637946703621886879e-01
7.247845075962359995e-02
-5.574277021288391865e-01
-1.000000000000000000e+00
3.715970343162300349e-01
-6.842366062018465644e-01
5.660347916241023625e-03
-7.768971438004811381e-01
7.322811178254508002e-01
-4.558919308467265230e-01
-9.740857609540260614e-03
8.748111102473814515e-01
1.001198685889848478e-01
4.125829425088417546e-01
-9.473862533865942126e-01
-1.589445860509005048e-01
-1.000000000000000000e+00
5.891009900426431578e-01
-6.141405801212852095e-02
-5.628285866642104285e-01
-2.517165534267206684e-01
3.461612751471606075e-01
7.711373862514353528e-01
-9.081257178061050150e-02
9.587635564579457537e-01
-1.000000000000000000e+00
-5.787739464977118553e-01
-7.015851584952393916e-01
-2.220676924116960216e-01
-2.777286857499334238e-01
-8.212454870928137529e-01
-7.693031044842509880e-01
1.000000000000000000e+00
-1.920019407726264171e-01
-1.000000000000000000e+00
-2.113505472613018132e-01
-9.433407668531840207e-01
-8.387314946080447475e-01
-8.609725328586761428e-01
9.990085371039437723e-01
-6.795467903659107023e-01
-1.269574997104088721e-01
-8.690312989598287796e-01
4.746627070387918756e-01
-2.508430979986836507e-01
-4.075597113760786039e-01
-5.656459770737660708e-01
-1.000000000000000000e+00
2.931534677314797180e-02
4.530199508060185343e-01
4.368881413344846143e-01
9.766834432836387636e-01
-1.049524504362726179e-01
8.340067893822369349e-01
1.000000000000000000e+00
-3.113482621700683906e-01
1.000000000000000000e+00
-7.264299104515098415e-01
6.926523816174066095e-01
-3.797918006017736992e-01
1.000000000000000000e+00
-1.000000000000000000e+00
-7.083537818383707219e-01
4.410490293164002207e-01
-4.834670819436787809e-02
7.135103657884493966e-01
-2.048895902791188217e-01
-7.837980377605967552e-01
1.222559837595835197e-01
8.860353063668343632e-01
1.210967229153477598e-01
1.000000000000000000e+00
3.334345666772332573e-01
-5.016359856918580773e-01
9.712542054620157961e-01
-2.951980709249091284e-01
9.802586533187682694e-01
-7.835204056838834807e-01
1.000000000000000000e+00
-1.187358631054824878e-02
7.909446713237312521e-01
-7.051943679625329864e-01
-1.579706194795114649e-01
-2.782896482633978597e-01
-9.682332985242919632e-01
-1.000000000000000000e+00
-4.701900820733577180e-01
9.849051691018588794e-01
-6.451817019861358915e-01
1.446849344367827084e-01
7.340025801699767705e-01
-2.662982465378726515e-01
9.048254131856807714e-01
1.000000000000000000e+00
4.214560596113018365e-01
-1.000000000000000000e+00
-1.000000000000000000e+00
8.196941748409788397e-01
9.465130918240601821e-01
2.175832988846105875e-01
-9.714711084240696959e-01
-7.551134662637859485e-01
1.617137634897685694e-01
5.583767957617006283e-01
2.797531036897555334e-01
1.000000000000000000e+00
1.000000000000000000e+00
-5.004015812398675545e-01
3.031331502560430380e-01
4.443398327040618545e-01
-2.532810577426724552e-01
9.558112485143719361e-01
-1.000000000000000000e+00
-9.049511638611699160e-01
-9.577681080808495562e-01
-1.082700959405016317e-01
-4.563110052882509704e-01
-1.000000000000000000e+00
-1.000000000000000000e+00
-1.844402711894049252e-01
9.977314845077656091e-01
-1.768262715212147451e-01
2.863029280440872459e-01
-6.538635177615000904e-01
-3.349941768646306217e-01
-1.000000000000000000e+00
-5.374614169804177166e-01
-9.965817478808380869e-01
1.575769992825721000e-01
-1.000000000000000000e+00
-5.968806715789861661e-01
-1.654967755274159846e-01
-9.726289948404468477e-01
2.583266610452591983e-01
6.044449558190024829e-01
5.923998121926269400e-01
-1.000000000000000000e+00
-2.356793905013361556e-01
1.580843038052631988e-01
-9.631216141673181186e-01
-1.000000000000000000e+00
-7.020129092319914443e-01
9.987221076234129580e-01
1.008159962678092381e-01
1.000000000000000000e+00
-5.760057313120461320e-01
