-2.905739996376009993e-01
2.630104025420325620e-01
-4.138492828153492870e-02
-1.632404838409903247e-01
6.221522786053642617e-01
-4.284380268784191981e-01
3.617191590376752641e-01
-1.195414556778441051e-01
6.596082895224754106e-01
1.846656723718873294e-01
-2.033803726544539808e-02
2.468902555502575369e-01
-3.417016685406601417e-01
7.367558406405015636e-02
-4.996685858348380305e-01
3.571582207589295288e-02
8.757643742479981341e-02
-1.129853432469687391e-01
-2.342767443335954380e-01
4.755566583597778951e-01
3.710328606097216264e-01
-6.033292013088610295e-01
-1.119300902804629683e-01
4.500531715741269978e-01
2.640553104457746825e-01
2.981784844825795533e-01
1.218684606797729997e-01
2.081549035639765899e-01
-3.108216658871597593e-01
-2.085761948745264160e-01
2.123505195740940099e-01
-2.896422025938847344e-01
-1.523862522280854948e-01
-2.816392110386396058e-02
3.518491801776954531e-01
-4.791036731011152350e-01
3.417835247519008246e-01
-1.570616634064540829e-02
-1.502506786093415758e-01
3.899766422837004920e-01
7.371190302924296445e-03
-6.077731007735731605e-01
-4.032516218734941704e-01
-1.937373874802873763e-01
-4.211063684258784523e-01
-1.728767506422989458e-02
4.662582262848288805e-02
-3.936053742702171898e-01
-4.598661119385873408e-01
1.597431281140506976e-01
-1.559116969064935077e-01
-9.630062749703147129e-02
-2.026646310915966864e-01
-3.780856796389137076e-02
-1.868168683022135013e-01
8.641461565003050183e-02
-2.184577194611786732e-01
2.929291078965286510e-01
-4.142830426380496034e-01
4.357871937712375909e-01
7.867595399751320384e-01
-4.475961067894569934e-01
-3.443629324168293038e-02
-1.883454034083865136e-01
-4.174948984362684135e-01
3.772882887424309217e-01
4.288930130805530538e-01
-1.951321203229627044e-01
-4.251179188930188091e-01
-2.549842976247381210e-01
-1.993458444913941419e-01
4.391813471484986020e-01
1.141817783707989586e-01
3.376024295602136349e-01
2.480994794137726667e-01
1.464650107404680268e-02
-3.286383781253922054e-01
2.684564484763105607e-01
2.147478998703007125e-01
8.407000888816166251e-01
7.097410661769778528e-01
4.298016868830709797e-02
-2.437316291041905503e-01
-2.583871495488611614e-01
-1.236560614150131188e-02
2.549285091391208513e-01
7.316831289013571438e-02
6.982937732624355798e-02
-3.243135170840734660e-01
-4.330564057130870115e-01
-2.556417841292072390e-01
-2.539210986980308116e-01
-7.154486406193594217e-02
-6.531668100440368718e-02
-2.213284756197949066e-01
-2.308169859504690391e-01
1.443510044077495058e-01
1.825433810297172610e-01
-5.025500737515360417e-01
-1.897071569463723018e-01
4.578405408501005081e-01
6.177593997507596635e-01
2.429012972122078506e-01
-2.448894147183100778e-01
1.819693087474529014e-01
-1.799595511937295278e-01
-2.892448181319317024e-01
-2.835384103347985407e-01
-6.521310324237754585e-01
5.997559392329602224e-01
2.046971180621487141e-01
-1.899914552171493368e-02
3.354918013816624578e-01
-3.027231906313851972e-01
1.552043896295371983e-01
1.018685946648259094e-01
3.165525459022194843e-01
-2.758026054914984870e-01
3.888927381826509655e-02
3.963718603303820198e-01
-1.335427952677269992e-01
3.655758651312497332e-01
1.832633937454591910e-02
3.252045502685542711e-01
4.969904661925794165e-01
6.316396100669319225e-02
1.098416916647050184e-01
-3.641485730551122235e-02
-4.475636218317852189e-02
3.968524592898782788e-01
3.994109978845139519e-01
-9.236880176156360422e-02
-6.780059050321844971e-01
-4.396164753415388038e-02
1.990541460098043669e-01
6.381697541318014089e-02
2.722102971935819182e-01
-1.105030883182239569e-02
1.277115733563128075e-01
-1.610963080513775139e-02
-6.919121759961982532e-02
4.314745119933407480e-01
4.154258038554036747e-01
-8.673760766072617645e-03
2.849116058017118203e-01
5.933663647427103727e-02
-2.365453248617286341e-01
-1.909163638098201332e-01
4.105831506584989299e-01
-6.628496341942233805e-01
5.282999364531282271e-02
5.963483077832381074e-01
-4.547848975377747349e-01
-3.231428315225231551e-01
3.214710883072358083e-01
-2.694240924620087130e-01
-5.562802717865149571e-01
-3.222971318669496932e-01
6.962827120336402553e-02
-2.309118597360976244e-01
3.720154707295946217e-01
6.049813763117902754e-01
-2.523869892995757036e-01
2.314103387145582599e-02
3.893155810500396052e-01
6.618693176235672382e-02
-1.736983508692933331e-01
-6.349795835620369866e-02
2.455271538078097060e-01
-1.426879792162468741e-01
2.757311438888499500e-01
-1.564496378497603479e-01
-3.489392819565937387e-01
3.285973470452604461e-01
3.736805822171593294e-02
-3.123467840429887121e-01
-3.457350581641427389e-02
2.322778521868788804e-02
-4.104049503028865398e-01
3.417154206737316180e-02
-4.169114349996905222e-02
-1.005911939360387142e-01
1.076821427886137106e-01
1.613178304709349531e-01
1.089967077571478982e-01
2.986423522421580157e-01
-6.197835896157960489e-01
-9.881308042379811918e-02
-6.852317822437503647e-01
-1.543936551384887390e-01
-6.631131109085566799e-02
-7.743926367065145921e-01
6.941596660393645202e-02
3.811628193361615846e-03
-9.090734023767821359e-02
3.060978908545357591e-01
4.002134895202150711e-01
-2.845500353474900157e-02
5.270449659574122370e-01
-4.375211334830527155e-01
1.115701094227578710e-02
-4.066381206354924838e-01
-2.069496042200691110e-01
1.910251654820868117e-01
-1.911002138955510965e-01
-2.966062686899779699e-01
-3.065654756698581451e-01
-4.402074003736676788e-01
-1.348149497229608751e-01
-8.638360823892614337e-02
-6.142535169663192463e-01
1.840906556293286922e-02
1.483606147158235966e-01
1.392222523270318091e-01
5.961992149364192528e-01
3.335798428147923600e-02
3.925835076797909440e-01
4.885926119689582015e-02
-5.300439883560133236e-02
3.030324734453176405e-01
-1.496111317860942258e-01
1.407412249876038024e-01
-4.612894733375497158e-01
2.288435820382918595e-01
-4.757705779585544303e-01
6.107128691609519516e-02
-3.827362912772372394e-03
-7.293681532432437775e-01
2.794099022049911230e-01
5.003190386685227864e-01
3.436360594310966521e-01
-3.345120302469569706e-01
8.885366549783615953e-02
9.173011316129883741e-02
-3.015403426007963184e-01
-6.936422339142885862e-01
5.037246464717881622e-01
7.308117126205065928e-02
7.136637551761573772e-02
-1.216436561728100052e-01
-7.715710731557118285e-01
9.314335734302728320e-02
-5.696967910183138306e-01
-7.106125133465490684e-02
8.645456092102045409e-02
3.869701480936319493e-01
-2.927481163741013637e-01
-3.102522190578016481e-02
1.807997675387156833e-01
1.442461526568433461e-01
-5.802704207097479916e-01
-1.822740383841148226e-01
2.476843531122892017e-01
4.916936052145776115e-01
-1.352438662055361063e-01
-2.113300661443822670e-01
5.546338734569247753e-02
3.669936351861768919e-02
3.685926425355322555e-01
-6.631158160576380300e-01
1.127153100926740481e-01
7.150074205502235380e-02
5.415734177851218023e-01
5.172381570497794900e-01
-2.647743050892000238e-01
