-2.337302524911348822e-01
1.683149145971210014e-01
-5.199681971871443764e-01
-9.922573668517775669e-01
9.003521498751325680e-01
9.196292823630172197e-01
9.945874955519724558e-01
6.829720444033011706e-01
1.774371368641647351e-02
6.099709538693005584e-01
4.924325306364316784e-02
7.934100283801142073e-01
-9.222479831785044269e-01
4.948645926629580138e-02
8.229998661613411315e-01
-5.132555373839653434e-02
5.006166288459841240e-01
8.855636975831630009e-01
6.472643115865180929e-01
1.000000000000000000e+00
5.281079963044174042e-01
3.571962874457754733e-01
-5.086892086854801764e-01
-8.184427604948389945e-01
4.129204361836520398e-01
9.199853486671676350e-01
1.000000000000000000e+00
8.600413321961886126e-01
-1.000000000000000000e+00
1.000000000000000000e+00
1.668205522400756369e-02
6.579121384527096827e-01
7.158027872671450798e-01
9.317426440477838412e-01
-1.000000000000000000e+00
-1.000000000000000000e+00
-1.087397057941559275e-01
-6.153986776560987915e-01
-3.156834874583451800e-01
9.086470337093508487e-01
-7.628002932296358285e-01
-7.818992801512061330e-01
-9.582430383370661442e-01
6.131632352880387327e-01
-7.382610251144677838e-01
-1.000000000000000000e+00
4.620541983862644919e-01
-7.375901906333207081e-02
6.488393691970173460e-01
8.495000370856342631e-02
-7.696019742463569013e-01
4.379477768198369314e-01
4.676152402580150969e-01
6.079619702992786756e-01
-6.018999576304009391e-01
-2.649612776479421394e-01
-8.988818171466009810e-01
1.000000000000000000e+00
-1.382934512089950552e-01
-2.449058081074465265e-01
-2.669706315187345691e-01
2.162599955116117911e-01
1.000000000000000000e+00
-8.470146289716884436e-01
1.000000000000000000e+00
-1.690781625017536149e-01
-1.221326983143882217e-01
2.827740477437246103e-01
2.274119833900674070e-01
-4.988689483152748405e-01
-1.327523709877078684e-01
3.561334841913201821e-01
-1.000000000000000000e+00
4.429549127485734594e-01
1.920529536631078726e-01
5.881687740571976963e-01
5.294057898419073371e-01
-9.655798253661285191e-01
5.452442658178440205e-01
5.121958301865991992e-01
-5.537091310166266656e-01
1.000000000000000000e+00
-1.000000000000000000e+00
-3.927850328542896730e-01
9.705723740049094772e-01
8.279483933954157049e-01
-9.625235416938739963e-01
6.654598282725006086e-01
3.226220546828857394e-01
7.042436623442989152e-01
-5.850327253576252939e-01
-8.533246679298970294e-01
-5.092401904611794095e-01
-3.088208133976781955e-01
-7.936843942102524974e-01
8.832182648445536799e-01
3.013089126056738287e-01
6.765066132029944335e-01
-8.807451191785609090e-02
8.915363983898173528e-01
6.335018108959988847e-01
-7.249712320128188781e-01
-8.933444013916314042e-01
-1.119756619717007240e-01
-2.338661286805578943e-01
7.494907478658191513e-01
6.118527699887930105e-01
-5.124963932314792192e-01
-6.482843032841423270e-01
-2.554443104696277889e-01
-1.000000000000000000e+00
2.507786922061074897e-01
-7.124849209974608577e-01
-5.462962645795559347e-01
1.754873898365680862e-01
-1.310562219846037602e-01
4.626661281903677869e-01
-4.027146876233826944e-01
5.882560518223014512e-01
-1.000000000000000000e+00
1.000000000000000000e+00
1.000000000000000000e+00
6.319296531444453802e-01
2.575910207004039609e-01
6.933415017330739616e-01
-4.978562290536434620e-01
-5.008500985211594703e-01
6.353262307194829095e-01
8.891808286833788877e-01
4.678053446634926615e-01
1.163747685944771515e-01
-4.875681249624647107e-01
-8.860130766401012048e-01
-7.996831089940454884e-01
6.695563272425775203e-02
-1.000000000000000000e+00
4.994777164875259245e-01
3.050132484626328910e-01
1.000000000000000000e+00
-1.000000000000000000e+00
8.496840682007715806e-01
-7.651099820521282124e-01
-4.572778946575126735e-01
-2.354253703854773949e-01
-6.705232551540580843e-01
-2.483453624329533538e-01
5.739812968293098727e-01
7.990712616318957906e-01
6.537810413767339845e-01
6.430701295004981333e-01
-3.742531528725506207e-01
-1.141905201386113067e-01
-6.224902573287969254e-01
-2.626493236402260845e-01
-8.571322414399937806e-01
-2.665717431539884608e-01
-4.576858773719607587e-01
1.000000000000000000e+00
-4.906939643795829586e-01
-5.116340105676266958e-01
4.892042219509062928e-01
1.000000000000000000e+00
-1.000000000000000000e+00
1.000000000000000000e+00
-3.048428323593220801e-01
9.170607691668304640e-02
-6.636243057120780886e-01
-2.506970139270792153e-01
8.372692099286955791e-01
9.456905502889390025e-01
3.973986676261829221e-01
-5.008330853075033673e-01
8.098787941289531389e-02
-1.000000000000000000e+00
-1.896528725977845442e-01
-4.118830706929172969e-01
1.000000000000000000e+00
-9.941620951808001205e-01
-2.268543011383461483e-01
-1.000000000000000000e+00
1.000000000000000000e+00
-1.000000000000000000e+00
-2.292798515602096909e-01
2.899132822815970734e-01
8.432946407806499178e-02
-9.541760835093378024e-01
6.783200488120856297e-01
-6.351783644589443778e-01
1.073839744691993392e-01
3.326072029279963926e-01
8.904488615844918797e-02
7.315975762978828012e-01
2.845629276200568047e-01
-1.000000000000000000e+00
-5.100068105644086636e-01
1.558649901281616290e-01
1.000000000000000000e+00
-8.097584906400523419e-01
-3.116039294138388538e-01
-6.299949519903076389e-01
-1.000000000000000000e+00
8.446421204323739662e-01
-1.273738214255862033e-01
1.762825224610941044e-01
6.029771452366272655e-01
-2.433819582589643593e-01
-3.459264411758933289e-01
1.357063267826335018e-01
2.284527033725813894e-01
6.143846763106515230e-01
8.941564015184626513e-01
3.814846829941298534e-02
4.138468398864882936e-01
5.028240991693908590e-01
-1.000000000000000000e+00
4.890559828052240543e-02
-7.089803555055593787e-01
1.720358854032260909e-01
-5.678328213361172327e-01
-1.968416997467319074e-01
-6.584099182193239308e-01
-1.000000000000000000e+00
5.936453220216166698e-02
6.963514634170070439e-01
-6.748412946416231240e-01
-7.959038518194032630e-01
-1.242994737414682138e-03
1.849241207194211589e-01
8.999762816900216400e-01
3.225453057397276169e-01
-8.035798944012599865e-01
-1.000000000000000000e+00
-1.000000000000000000e+00
-4.846668136632978907e-01
-9.932361340391500093e-01
9.437977979512975901e-01
6.372197281634441879e-01
-8.282041435461400258e-01
-6.438885360274371195e-03
7.210431280664146847e-01
-5.953496190674505417e-01
3.680483290618328240e-01
2.907292992327090708e-01
-3.709368492635998216e-01
-1.000000000000000000e+00
-7.380861457948340032e-02
1.000000000000000000e+00
7.464738314046412970e-01
2.997573974874642166e-01
-6.709877618719961578e-01
8.833390126565205946e-01
-1.000000000000000000e+00
-3.985094428515711940e-01
6.861044975669680079e-01
-8.585695279711875738e-01
-7.686901810240469590e-01
-2.378148753967967988e-01
-8.835110334240063867e-01
-2.762634123230023331e-01
4.842719243383946104e-01
-1.000000000000000000e+00
8.052572518823735148e-01
1.713265175357601144e-01
-3.288780897295591199e-01
7.106684001879914891e-01
