2.602173613057877644e-01
-2.230694511211626097e-01
3.422725519050845988e-01
-4.647831497010314061e-01
-8.659951725771490583e-02
-6.581724488715861021e-01
9.550213272895603789e-02
-5.592290654648807147e-01
-1.816979614235313401e-01
-4.009776752690977775e-01
4.956683242511351617e-01
1.592850442476856365e-01
2.061171872510126346e-01
-1.328515037069588345e-01
-4.553479002678947340e-01
-2.322181993773489439e-01
4.662778896188096156e-01
-9.222064656058550636e-01
3.633651167819697547e-01
8.202550730328733719e-02
2.153880546328523771e-02
2.555653739411758441e-01
-9.967185279370489592e-01
1.063448245531362635e-01
-2.856801210474850250e-01
-2.294497842830141576e-01
2.624811797209833930e-01
2.377764817814326526e-01
2.148313387091937421e-01
2.166691057418111133e-01
4.247713353575502948e-01
3.121263599239629816e-01
2.091247750834537011e-01
-8.707643640253404094e-02
-4.363162723977097590e-01
-1.841456386497501430e-01
2.893344902410281416e-01
6.168908602418246012e-01
-5.975791603290939724e-01
-1.037130552748470602e-02
-8.111330848951719963e-02
-2.238647391503975070e-01
1.943663317391575163e-01
7.555672030552830210e-01
-5.182055912070225867e-01
-2.528608965720632318e-01
6.409029919166461253e-01
-4.810290203517263996e-01
-1.761875505067742043e-02
-2.324890397865281844e-01
1.764726135648098104e-02
-1.968519272518395036e-01
6.178947916213004543e-01
1.455733857125560693e-01
-9.716172619613019368e-01
-6.129346562124078357e-01
1.636918072171419380e-01
3.776005245445890890e-01
-4.795128780073949493e-01
-7.402995948000008486e-01
-5.699256858782391078e-01
-1.779263725947831665e-01
-2.475714850586771543e-01
-3.573532416469545059e-02
4.703224345361914360e-02
2.339359265304348234e-01
-4.951278510703649438e-01
-3.158876357331782958e-01
6.240599630744028681e-02
1.024418408888989745e-01
1.191709633489294595e-01
-4.317465128982724831e-01
3.514539700855497939e-01
6.413855372911144714e-01
8.654291411206596618e-02
-6.082584490642499453e-02
-3.567594468880217473e-01
1.906813477822800751e-01
4.993381462395465875e-02
1.608655640556158617e-01
-5.173097772440975461e-01
-4.616591415393611619e-03
3.195085583327411660e-01
4.801389315344679887e-02
1.522867213979522683e-01
3.887236977439136876e-01
-5.607591889761279758e-01
-1.657251530594365529e-01
-3.206925677581560774e-01
3.220445655621234637e-01
-5.338360882599893498e-02
-5.571510083252717571e-01
6.373773513027880533e-01
-2.427826207925337099e-01
-1.858771752136289743e-02
1.985687032789429929e-01
5.068494538359743506e-01
9.881362242968211307e-02
-2.062273246983754027e-01
-2.820367429771181711e-01
1.050060018463342126e-01
-6.220427980731100259e-01
-2.272101780859391573e-01
-5.048439827640880395e-01
-1.185127094451598473e-01
-2.070179295964137967e-01
5.247404957908645695e-01
2.990776019015046749e-01
1.002482121340744631e-01
-9.158840228915489101e-01
-2.989451555832759455e-01
-1.000000000000000000e+00
7.868218984839534524e-01
5.449652613669977441e-01
-2.298863857890737217e-01
-4.632796269372292941e-01
-2.823948029142395177e-01
8.317325588139350412e-01
-1.483735267961028281e-03
4.699442454542273051e-01
-4.263638607148765303e-01
4.514802799012994083e-01
4.674095401637691216e-01
3.571770700692398215e-01
3.002059082991482830e-01
-4.370293346009423985e-01
3.963384777757940625e-01
-1.240567364304066278e-01
-6.674224527915898486e-01
2.220129048092032431e-01
6.538838997272635734e-01
3.116863087302323421e-01
-1.302739904393937775e-01
7.938185286742401869e-01
6.644328397231379357e-01
9.830563737884244757e-01
7.744575336801926557e-01
-1.235631129172224119e-01
-2.702866795735052730e-01
-6.546770019474901225e-03
2.194226771128553466e-01
6.139142432603722499e-01
3.311789395661295377e-01
-2.288549478481795296e-01
2.638096936171735463e-01
-7.684694918679899067e-02
-2.867918589754578917e-01
5.091147271676073338e-02
6.573300680972710142e-02
-5.780196154133428188e-02
-5.601090859886811435e-01
1.839290189940976927e-01
-4.119207623424436804e-01
4.251543085131531119e-01
5.740867662336630595e-01
-2.113687857272032733e-01
-7.006171595814918440e-01
3.990814588407525787e-01
6.580726636211803315e-02
6.547596607608240360e-01
1.044671310091748254e-02
-4.549634044862018722e-01
-6.882521806313096624e-02
-1.000000000000000000e+00
6.513009847161235211e-01
-1.392747418262067771e-01
-6.056747135124200820e-01
-2.655966288241879969e-01
-5.810237492394516590e-01
-1.202638964386817944e-01
7.984440866306852236e-02
4.203462236591418710e-01
6.944579135931030489e-01
4.781970264766892686e-01
1.674210156693078100e-01
-4.954039669651285616e-01
1.089611341871385003e-01
9.802361405905744007e-01
-5.015866000281676840e-02
-2.447135176921221289e-01
-6.067372185279739094e-01
3.073215203373197979e-01
3.903814264484297136e-01
3.088051145891779203e-03
-5.761818506769569304e-01
5.116104454460490558e-01
-1.935109115979426891e-02
7.545488876791800470e-02
4.568795794676743238e-01
-1.064830042161729606e-01
7.755639064433352825e-01
-2.217138073923108355e-01
6.577872391900987381e-01
4.389083711851867742e-01
-9.365850805602381479e-01
-6.501476882895917964e-01
-9.394898384600547381e-01
-2.919099047264508973e-02
6.299296828480906996e-01
7.440759086979261694e-01
2.305899875130364429e-01
2.715836188787051908e-01
9.278655644535558356e-01
2.184465582179958287e-01
-7.867037069863892507e-01
-5.608935663231812141e-03
8.803303095296888259e-01
-5.476612641202921461e-01
-2.246902918268302296e-01
-4.415426055580374820e-01
-9.860926482500920187e-01
-3.780328436256545910e-01
-3.705688364834404114e-01
5.655334934423391635e-01
6.572049709323449229e-02
3.732357410983575541e-01
5.322635861086809639e-01
-4.774032398716562264e-01
7.019947683262294236e-01
3.001139351395844534e-01
-2.220630175380817195e-01
2.237712536582431577e-01
1.719470155048433146e-02
1.724242490880112388e-02
3.154189914980547460e-01
2.513485278603752593e-01
-4.453863243641512648e-01
5.891827740841943939e-01
5.512555563012323523e-01
-4.529453399112569056e-01
-1.000000000000000000e+00
-3.722985531736019427e-01
-4.572395142429179771e-01
1.930661394246042384e-01
1.076880977439609866e-01
-3.368281509710022714e-01
-9.622811407659070948e-01
6.290242478119801861e-01
3.194375542328970474e-01
-3.798696444462001942e-01
4.393923682006930509e-01
-5.782374777396208643e-01
5.685953500176480491e-01
2.242816381574037066e-01
9.298767931958042965e-01
7.437759750121538185e-04
-5.579008624610343192e-01
3.692052102334445474e-01
-3.751868479668547529e-01
-5.847177590963675148e-02
-4.654070318445144294e-01
-1.410792502363894529e-03
-1.822678888225983118e-01
-2.717588186427062347e-01
-1.751994398198655767e-01
1.950263015051681981e-01
-3.286940555806219244e-01
1.638090380718036920e-01
-2.253530392900925383e-01
-5.595032364995411456e-02
-8.032917200303284488e-01
-4.071289596728419058e-01
-3.896080407268907586e-01
3.905926327448938640e-01
-6.739436717497435114e-02
