1.000000000000000000e+00
-9.669874746911912844e-01
2.424410346250602255e-01
1.000000000000000000e+00
8.924590887784457083e-01
-1.000000000000000000e+00
-1.000000000000000000e+00
-1.000000000000000000e+00
-8.327891872721077116e-01
7.122021026115705755e-01
9.608934396195897287e-01
-2.547417577499282437e-01
-2.250614967025900137e-01
9.936464491484018335e-01
7.745439369992692669e-01
1.000000000000000000e+00
-9.994293847049938728e-01
-8.671055972317095462e-01
9.427117746779667407e-01
-5.903598021324409778e-02
-1.000000000000000000e+00
-1.000000000000000000e+00
-1.000000000000000000e+00
1.000000000000000000e+00
-1.000000000000000000e+00
1.000000000000000000e+00
1.793404094901912549e-01
-9.147219485090107849e-01
1.093670812849609764e-01
-5.865599100041696268e-02
4.413885294469396814e-02
1.000000000000000000e+00
-9.685005069859917715e-01
-1.000000000000000000e+00
-1.000000000000000000e+00
2.575833561733577581e-01
1.000000000000000000e+00
5.118947749417599447e-01
1.000000000000000000e+00
1.000000000000000000e+00
-9.892664857767310416e-01
6.016396859448209788e-01
-9.460682538299013400e-01
1.000000000000000000e+00
-1.000000000000000000e+00
-1.000000000000000000e+00
9.698861593077093834e-01
9.761163765514719870e-01
8.499603103424601125e-01
-1.000000000000000000e+00
7.024656815273498944e-01
-3.207376584658147012e-01
-8.154333351616819270e-01
-1.000000000000000000e+00
-4.038323788587513952e-02
3.678304789935297192e-01
9.286755052091546503e-01
6.797745009966129626e-01
-1.000000000000000000e+00
9.816872695193535892e-01
-9.821950339157332621e-01
-1.393269511639899649e-02
-1.828533068904796000e-01
-2.969964427757060266e-01
-7.539334963430997794e-02
-1.000000000000000000e+00
-1.000000000000000000e+00
-9.469036007795249565e-01
9.525864523116800431e-01
9.209852080095007887e-01
-4.950241654763976040e-01
-9.839664500423721538e-01
-1.000000000000000000e+00
-5.784377188195599651e-01
1.000000000000000000e+00
-8.509687012079217849e-01
-1.000000000000000000e+00
7.252463617389529604e-01
-1.000000000000000000e+00
-7.295350152354486140e-01
9.517392203323558064e-01
1.000000000000000000e+00
1.000000000000000000e+00
-6.018195235392651554e-01
-4.287142928459016789e-01
-3.112861410002537021e-01
-7.048558172794880394e-02
9.857657656772673693e-01
-1.000000000000000000e+00
-1.000000000000000000e+00
-9.770252565308608084e-01
-3.121997587092555371e-01
9.637406180117763510e-01
-6.139998092716076883e-01
-9.890235358989747372e-01
-4.219375094357653566e-01
9.439607873600508459e-01
9.282320349871651111e-01
-8.646915587710055640e-01
5.226239095813459135e-02
-8.179291563272811372e-02
-8.861594632383915648e-01
6.120519459768674064e-01
9.560794850244435095e-01
-6.548931891305684316e-02
9.960084760002179127e-01
7.875352571014729852e-01
-5.100139515893293840e-01
1.000000000000000000e+00
-1.000000000000000000e+00
-8.466335379268120631e-01
1.000000000000000000e+00
7.072984661150025221e-02
-7.608414325053023397e-01
1.000000000000000000e+00
-7.607335077426787828e-01
1.000000000000000000e+00
8.559205400404108488e-01
8.268428043906592695e-01
8.113777227848406604e-01
4.897807827522132618e-01
9.958875823967791030e-01
-9.761982383097772553e-01
1.000000000000000000e+00
-1.000000000000000000e+00
-4.989775601633861801e-01
1.000000000000000000e+00
1.000000000000000000e+00
1.000000000000000000e+00
9.368344189037334235e-01
5.333892889400252413e-01
-5.389875143238764821e-01
8.800000000000000044e-01
8.338089304103202259e-01
1.000000000000000000e+00
8.216232524351916311e-01
-1.000000000000000000e+00
-1.000000000000000000e+00
-8.440798544192084085e-01
9.340116157308822054e-01
-9.570960353355151273e-01
1.000000000000000000e+00
-1.000000000000000000e+00
-1.000000000000000000e+00
-4.997222435975789967e-01
-6.463644649564471711e-01
1.232887122431683413e-02
7.419390917067596458e-01
-8.704748226136097555e-01
-1.000000000000000000e+00
1.000000000000000000e+00
1.000000000000000000e+00
-2.326983063132655460e-01
3.759541098787771429e-01
-1.000000000000000000e+00
-4.173520805935198030e-01
9.367438787912718556e-01
-9.166183110440689896e-02
1.000000000000000000e+00
-8.500337276265350628e-01
1.000000000000000000e+00
9.518940025186052312e-01
1.294394807368185185e-01
9.444527931260310316e-01
-9.241385326090960639e-01
-6.468895096657990562e-01
9.386725958309201090e-01
7.247286824533002436e-01
7.767905901289435810e-01
1.000000000000000000e+00
-7.920502781953042692e-01
5.702945651770171542e-01
2.474318292564163524e-01
-9.706498380071452159e-01
1.677127711259122911e-01
-1.592539096578082236e-01
1.000000000000000000e+00
-1.000000000000000000e+00
-1.000000000000000000e+00
1.000000000000000000e+00
-8.937886561874119895e-01
-9.994410432489421181e-01
-1.000000000000000000e+00
7.352674877201700876e-02
7.564429565350353490e-01
-7.255872029026549930e-01
4.999457967172216688e-01
1.243952215322905175e-01
-6.051903073188161786e-01
-9.349072164031221321e-01
-5.746067373381258392e-01
-8.820888943436242524e-01
-6.277331805328372205e-01
4.436580778445495810e-01
1.000000000000000000e+00
9.854639551671736664e-01
-9.839605092068972603e-01
1.000000000000000000e+00
8.131498524723290711e-01
1.000000000000000000e+00
-9.975366204307392071e-01
1.000000000000000000e+00
-4.506014009129997722e-01
9.838559868074110426e-01
-6.064760567518069356e-01
-1.000000000000000000e+00
1.000000000000000000e+00
5.612363243368772014e-01
7.834183437506312409e-01
-1.000000000000000000e+00
7.288895837812043865e-01
1.091831943392352899e-01
-1.000000000000000000e+00
1.000000000000000000e+00
-8.327658346127198019e-01
1.000000000000000000e+00
8.682981370996860626e-01
-9.650662612455025435e-01
1.000000000000000000e+00
-1.000000000000000000e+00
4.239183118737886447e-01
1.000000000000000000e+00
1.000000000000000000e+00
1.000000000000000000e+00
-1.000000000000000000e+00
-1.000000000000000000e+00
8.980466025013231768e-01
-9.999183291815202379e-01
1.000000000000000000e+00
-2.702115651273693242e-01
9.564797680000864943e-01
5.636281406193760501e-01
1.000000000000000000e+00
9.458467321887360502e-01
-5.835249351621037972e-01
9.930704297461417918e-01
1.232549579086747449e-02
-1.000000000000000000e+00
-9.854081060688438809e-01
4.722578998021726981e-01
1.964629904803260052e-01
9.951016339603497851e-01
-9.931761341905069873e-01
-4.768834551117329124e-02
6.007054278986651008e-01
-9.858375732502053790e-01
1.000000000000000000e+00
2.140307217937158502e-01
7.049787541009949754e-01
-1.000000000000000000e+00
-8.463425853229494811e-01
-4.050523659924249453e-01
1.000000000000000000e+00
-9.908312583836980103e-01
1.000000000000000000e+00
-1.000000000000000000e+00
9.664758789059324506e-01
-4.076439453684490011e-01
7.763117896403416429e-01
-8.406764345734958344e-01
-9.017222150433374939e-01
1.000000000000000000e+00
-7.917331829618222683e-01
9.681877759905399561e-01
-1.000000000000000000e+00
