-1.000000000000000000e+00
6.652292044612132527e-01
1.201929236854555882e-01
-6.512427607858458645e-01
-6.313336791727779396e-01
-6.779110962403935847e-01
1.475399262411966894e-01
1.000000000000000000e+00
-9.252322914795667319e-02
-1.000000000000000000e+00
-1.000000000000000000e+00
-5.024976282730087007e-01
-8.241321515725322788e-01
5.458438558602547452e-01
-2.188195075823302638e-01
-9.176458404941196800e-01
-3.212840298033392550e-01
8.532888515316970623e-02
-3.574711303839580023e-01
-3.147510961701658894e-01
2.920619302118236948e-01
2.809571780344822800e-01
8.669949046577236640e-01
-6.683741785387333767e-01
-6.946975270086357401e-01
-4.133929471191707949e-02
-9.910782866793259593e-01
-5.269068221506569838e-01
1.000000000000000000e+00
-1.024275135157205752e-02
5.582247489201630497e-01
9.126104548060409716e-01
1.753956772055874913e-01
-9.291830262194673562e-01
5.487722091641679123e-01
2.277633857503627846e-01
-6.572160954433147184e-01
6.030747118428834153e-01
6.734991407917449990e-01
3.197146825920673674e-01
1.074023444728432752e-01
1.089022568174181915e-01
1.000000000000000000e+00
-6.459593185595864373e-01
-2.708589161498090037e-02
5.801085605087664687e-01
-6.424274427928987619e-01
3.184375853576902338e-01
-1.865186611267260486e-01
7.375902635102181693e-01
-5.042378911994580548e-01
-8.816241216059592101e-02
2.895054144974120169e-01
-3.410923004036940376e-01
-3.765131698674346605e-01
1.742740678535688037e-01
-5.419943425221667166e-01
-7.748749795624758629e-01
6.821571150728458210e-01
9.398459497712891020e-01
-4.509488502479834515e-02
1.317629095553072560e-01
1.000000000000000000e+00
-9.927013788898605418e-01
-2.747900060432087455e-02
5.658289087869383671e-01
-8.240037152567463163e-01
7.607793421222045493e-01
-1.000000000000000000e+00
-2.917846442636160553e-01
3.306082020728127180e-01
-2.432003691112659682e-01
-2.739923069595666116e-01
-9.581095808812534198e-01
6.340628244274223446e-01
2.353353492205290665e-01
-8.070221476069707744e-01
1.107928809006144544e-01
4.043961185039343653e-01
-7.356745736912883027e-01
3.748923187271587798e-01
6.159483584468516959e-01
7.689846543844834625e-02
-8.522216782715823225e-02
-5.628442145636637362e-01
2.952644482613898669e-01
-7.793466031211923051e-01
9.388304898116819341e-01
2.099205926501586036e-02
6.191003598564861488e-01
-3.104494601164552864e-02
6.138322708384792437e-01
-5.093717777282175119e-02
-3.924297703268538329e-01
-5.956306824208179584e-01
-1.015351289293180137e-01
4.204389998315238852e-01
-3.844097082811634980e-01
5.062094818272966368e-01
5.065706607637961989e-01
-5.910555222169023848e-01
-2.849988515488214302e-01
1.000000000000000000e+00
-4.318335790990860401e-01
6.476529844856293572e-01
-3.397542045312142434e-01
-2.706789217707177286e-01
9.745912901657610705e-01
-1.000000000000000000e+00
-9.347055281329421650e-01
-4.197039441657712810e-02
1.526011706485583264e-01
1.739193600584417465e-01
8.449911246560398714e-02
-3.322373108610712222e-01
6.316773021996513471e-02
-4.739534628240099634e-01
1.069432463212704604e-01
8.935108861218019616e-01
-1.810897478267782523e-01
2.333477400852309869e-01
5.531001761848282072e-01
-3.240393244471986844e-01
2.082701595655402083e-02
1.000000000000000000e+00
1.740434420481152267e-01
-9.393735921748489481e-01
6.130782439800159800e-01
2.581525654910625800e-01
-2.872339201690647936e-01
-6.147554771903945836e-02
-4.083654450044507112e-01
-2.185493305566217348e-01
-1.000000000000000000e+00
-7.929065468812217243e-02
5.780516496192831255e-01
-3.052340671704225072e-01
-5.897611177703550034e-01
-4.847557464646636838e-01
-5.783172480261490334e-01
-5.738875339358380234e-01
-1.000000000000000000e+00
7.035941724422063448e-01
1.000000000000000000e+00
1.185286748404881796e-01
-1.000000000000000000e+00
-8.559955412924056262e-01
-2.023059931477239615e-01
3.278559464092123399e-01
-9.443699843654096426e-01
-5.784383957008968347e-01
-6.243284385296542505e-01
1.471810750542863477e-01
-3.638107351030786529e-02
1.000000000000000000e+00
-5.323387797821399481e-01
2.344872881307507595e-01
4.007303391608272869e-01
5.606957085023680509e-01
9.673684743181252266e-01
6.392617568855352150e-01
6.949007487991792908e-01
-1.943474666337613455e-01
1.725147124036069957e-01
-1.417382959787401309e-01
1.381420884780950042e-01
7.089640171695359427e-01
9.428464758247568911e-01
3.523126991337107161e-01
1.000000000000000000e+00
9.937315298043659650e-01
-4.728908633382581939e-01
-2.779014965204967824e-03
4.487154766434519049e-01
3.135123642458190196e-02
-4.912049719339893206e-01
3.524771999525174171e-01
9.513843310294924083e-02
6.545088264535130484e-01
-2.345218960334436997e-01
3.064117652054401120e-01
-1.000000000000000000e+00
-4.585751486463024440e-01
-4.507748050851317911e-01
-6.560203390197845152e-01
-6.989171127603539535e-01
-7.331514022584881829e-01
5.832742835802485759e-01
6.442654950478169384e-01
-2.687414641465593612e-01
-3.759484922300037613e-01
-5.307471998817008263e-01
-2.993613543548878653e-01
-8.985572466558565674e-01
-7.555230339122318561e-01
5.420171136840643555e-01
-2.990032030240146743e-01
2.433916574285210910e-01
-7.289399484578070743e-01
-3.016951240819397417e-02
4.216636093710072197e-01
2.040220737949114127e-01
5.408318309480750763e-01
8.544707249331293664e-01
-4.542584686192023824e-01
-5.302880320183142038e-01
9.374754774419790104e-01
-8.814037990796164124e-02
8.426860148364639924e-02
4.033014127989915099e-01
9.232785783711960903e-01
9.630026096197327190e-01
6.302660917810727348e-01
6.415034158124869323e-01
-2.624207390457017897e-01
-2.519693205267938829e-01
1.000000000000000000e+00
1.000000000000000000e+00
6.244065199277155642e-01
4.354815925988539393e-01
6.899643174631473475e-01
-5.141170445070252226e-01
-6.596896551553595167e-02
8.283277049998716279e-02
-5.776302433880733389e-01
-6.384621589412389220e-01
5.620290285956441867e-01
-6.897461719092891075e-01
-1.677106868488469349e-01
-1.000000000000000000e+00
1.881357405301299357e-01
-8.829799280969873321e-01
-7.833632522763224193e-01
-1.000000000000000000e+00
9.391327670620959189e-01
-7.649175619418384642e-01
-2.786383655437608686e-01
9.679727821052155901e-02
9.793044208578068899e-01
5.643187869092441966e-02
6.483099899166033797e-01
-1.977701080657723876e-01
7.094614762303740330e-01
6.724219215496562985e-01
-2.483624481790920047e-01
3.641353665743654044e-01
3.876078851311816065e-01
2.370637126531431327e-01
-1.463939189907091931e-01
1.000000000000000000e+00
-9.827222940315603061e-01
-9.560595269572893518e-01
-1.000000000000000000e+00
-7.925315708479105936e-01
4.901420312357552267e-01
1.488905679209727162e-01
-5.059136097653321729e-03
4.964780783170408829e-01
7.266371435235847720e-01
6.352678497706703009e-01
-8.866553559039790366e-01
9.821805964390221133e-01
7.226780476406631237e-01
1.000000000000000000e+00
4.007427901936108094e-01
