-8.868928549881565093e-01
2.626936720621655397e-01
-1.000000000000000000e+00
4.597211325836680906e-01
-4.627345527845624917e-02
5.657880406187725253e-01
1.438685479765183794e-01
-7.032353565529440020e-01
-9.922010920969004388e-01
7.050235008402622183e-01
9.960642072351252319e-01
9.843275358511066608e-01
-9.587464319041126837e-01
-9.674095171453461761e-01
-7.326860924280339527e-01
-3.960835302305839578e-01
-4.901634363144376227e-02
1.000000000000000000e+00
9.907624412822628734e-01
-1.000000000000000000e+00
8.285928464206431254e-01
5.912735161687335816e-01
-1.000000000000000000e+00
3.081365110820460385e-01
-3.801265380183385112e-01
-1.427697517492615975e-01
-5.469063477184837874e-01
4.357970893750650054e-01
5.064520197539290614e-01
1.000000000000000000e+00
3.037649325852676552e-01
1.000000000000000000e+00
-1.000000000000000000e+00
8.170750841812216558e-01
-8.415796154713308663e-01
-7.967641571076184981e-01
-5.190182323037861867e-01
8.777006357852211726e-01
-5.864956362959209413e-01
9.242258537292867837e-01
8.528807630812237917e-02
-9.688129013440855974e-01
-9.950667242851428673e-01
5.231282393664896668e-01
7.125337862497640451e-01
-4.677391418188394656e-01
-1.335737717528603097e-01
-2.988943705395783468e-01
-1.000000000000000000e+00
-9.344676286962835254e-01
4.978313747667634792e-01
7.276110105026574182e-01
-8.078660499451238985e-01
-9.127140801189939090e-01
-1.000000000000000000e+00
-7.577363646416884757e-01
-9.585783241314834724e-01
-6.329562020260475208e-01
-1.000000000000000000e+00
5.096295257958927127e-01
5.724434881535698239e-01
1.000000000000000000e+00
9.368708249344863681e-01
-9.964518664963395445e-01
-3.635086027001220299e-01
1.000000000000000000e+00
8.555379294722960104e-01
1.000000000000000000e+00
-4.002432021891623171e-01
-1.635882530709509564e-01
3.422551815677707943e-01
-5.375179353792557402e-01
1.000000000000000000e+00
-1.000000000000000000e+00
7.646903253643262399e-01
1.000000000000000000e+00
-9.156344106385154724e-01
1.000000000000000000e+00
1.000000000000000000e+00
1.049556512838979577e-01
1.000000000000000000e+00
9.999053253957295162e-01
1.661310517596618908e-01
-1.000000000000000000e+00
-9.645893696552707564e-01
3.719191532688618795e-01
1.274876342775272953e-01
9.909141573022403060e-01
1.000000000000000000e+00
9.812521505762948903e-01
1.000000000000000000e+00
3.232581250535746520e-01
-6.193750755872030611e-01
-8.551290753320727189e-01
1.000000000000000000e+00
1.000000000000000000e+00
-1.944070666544565062e-01
-3.002450147335621877e-01
-9.948373257868183828e-01
-2.062391417208896960e-01
-1.774248237922282367e-01
-5.266328861071100098e-01
-5.547013076078453064e-01
5.632953944903063004e-01
1.000000000000000000e+00
-2.974200580580452224e-01
1.000000000000000000e+00
1.000000000000000000e+00
1.000000000000000000e+00
9.403345709422674670e-01
-9.336624868494531881e-01
9.777676151989174169e-01
-1.000000000000000000e+00
-3.831584057020974432e-02
7.024699805623229043e-01
5.495731969826138652e-01
6.516341776569012367e-01
-8.127688020145644732e-01
7.310184730920753493e-01
1.000000000000000000e+00
2.563255212316791765e-01
-1.898010406732855149e-01
-1.000000000000000000e+00
1.000000000000000000e+00
-1.000000000000000000e+00
-3.781774762890983965e-02
8.361761987478139035e-01
-9.077374692638218168e-01
-5.762523962209309403e-01
5.944374604199920142e-02
-4.753003851411431030e-02
6.931321337703106877e-01
-8.380202934591605146e-01
2.439460739026120262e-01
1.000000000000000000e+00
9.362851621559650228e-01
-5.678033851061333737e-01
-6.296918116802155962e-01
3.804729540755917849e-01
-2.243234962986996872e-01
3.429336251667766677e-01
-3.305635052433513188e-01
-8.985560753921585375e-01
5.713357905664295799e-01
1.000000000000000000e+00
1.000000000000000000e+00
-8.387893949086757672e-01
-1.000000000000000000e+00
-9.956227103482840901e-01
-9.778341817352308452e-01
9.326181310034188376e-01
3.836764123919142455e-01
-7.486995661601402174e-01
7.577049879192304660e-02
-7.614198038293489290e-01
1.000000000000000000e+00
-1.000000000000000000e+00
9.665427796068158939e-01
-7.936593280815835705e-01
-1.000000000000000000e+00
8.178899443579397133e-01
1.091193683793083985e-01
-8.815194278914759707e-01
6.450609956725120719e-01
9.652194234333841827e-01
9.576071314036862514e-01
-1.000000000000000000e+00
-3.083699339479477608e-01
-7.068461911676661436e-02
9.954035562453136254e-01
8.004603852820193488e-01
-8.098657245180702624e-01
1.000000000000000000e+00
-8.164831376948434860e-01
1.000000000000000000e+00
1.000000000000000000e+00
7.608864995735218351e-01
-5.636628818896791682e-01
6.402301131777321519e-01
-1.000000000000000000e+00
4.597028838399258577e-02
6.482511768677121644e-01
4.215908184768323019e-03
-1.000000000000000000e+00
-1.000000000000000000e+00
1.805353885219199706e-01
-1.000000000000000000e+00
-8.994216642827822517e-01
1.000000000000000000e+00
-5.798363960236481152e-01
1.000000000000000000e+00
-7.982434746391788849e-01
5.403996218496801562e-01
6.746475473715116689e-01
-1.000000000000000000e+00
-1.000000000000000000e+00
2.787681954144894392e-01
-8.442390224613276484e-01
-4.303969722052469749e-01
-8.373819270343337839e-01
-1.000000000000000000e+00
-9.788587422608446831e-01
-1.000000000000000000e+00
-9.313735554210021972e-01
7.464730718969757317e-02
-3.589993865002845119e-01
-2.914004277095028073e-01
5.718170501450825505e-01
-5.578259456883355449e-02
1.000000000000000000e+00
-4.066964673379420692e-01
-7.378006376534913535e-01
3.119775872746038403e-01
-4.182772339606316558e-02
-1.576674121096692249e-01
-1.000000000000000000e+00
4.822627649144065609e-01
-5.444464062328532306e-01
-1.000000000000000000e+00
7.733397483710180431e-01
-9.300624265377834821e-01
-1.000000000000000000e+00
1.000000000000000000e+00
9.413269182885115605e-01
-9.927689190168011990e-01
9.699332660954013141e-01
9.969513747838760764e-01
-6.569296367910660850e-01
-9.822164763476159965e-01
-9.943438347026866131e-01
-8.585944839978134624e-01
4.929007054296938861e-01
6.046568782547125792e-02
-7.720715827157218492e-01
3.301356122286532857e-01
-1.373857000633665892e-01
-1.253343063385231604e-01
-4.122228664222323813e-01
9.102324456169376132e-01
5.000796687474762942e-02
9.490900526061208931e-01
1.000000000000000000e+00
9.950318489475118433e-01
9.247274344036093829e-01
9.986948610563112227e-01
-1.656819443094731115e-01
1.000000000000000000e+00
-4.208853532409710385e-01
-1.000000000000000000e+00
-1.000000000000000000e+00
-2.409447625538643223e-01
-9.580972437208803427e-01
9.643819033381796357e-01
-1.000000000000000000e+00
5.808446595754663822e-01
5.379567494505335667e-02
9.675966276999761195e-01
-7.911821700589037887e-01
4.055482125313767394e-01
-9.769778757772281663e-01
4.846547783005485943e-01
-3.104546897451532228e-01
-4.859762396371040682e-01
3.113633091074243797e-01
-9.819786056196709856e-01
