9.474293896495117329e-01
-1.000000000000000000e+00
9.007726280508355776e-01
7.860088368493931554e-01
1.874059284834823091e-01
1.911507882402787573e-01
-1.000000000000000000e+00
1.794764470143961343e-01
-1.000000000000000000e+00
-2.678380766146113423e-01
-3.140365785654575248e-03
1.000000000000000000e+00
-7.409000521128747963e-01
5.201291284469931053e-01
-5.850665163610702102e-01
-9.515758894402976953e-01
8.479431686617050490e-01
-1.000000000000000000e+00
-6.452431691952507098e-01
3.385289652260472515e-01
1.000000000000000000e+00
-1.000000000000000000e+00
1.000000000000000000e+00
8.948577390342179472e-01
-4.185604227578938463e-01
1.000000000000000000e+00
1.000000000000000000e+00
2.625278203619308415e-01
-1.000000000000000000e+00
-1.157401276233381848e-01
1.145794890304119851e-01
-9.105283355573957627e-01
-6.592397495697408516e-01
-1.734852417122282331e-01
1.687581176384948534e-01
1.000000000000000000e+00
8.384556193149614867e-01
-1.000000000000000000e+00
1.000000000000000000e+00
-6.645386494513259024e-01
3.546377032914629357e-01
-1.000000000000000000e+00
5.739018771623516368e-01
-5.824033884631749647e-01
-3.254623713012100295e-01
-8.320271212294594321e-02
1.000000000000000000e+00
-1.000000000000000000e+00
-1.000000000000000000e+00
1.000000000000000000e+00
-1.000000000000000000e+00
7.195421431817152769e-01
1.000000000000000000e+00
7.645653612946727851e-01
-8.729198321440165831e-01
-1.000000000000000000e+00
1.000000000000000000e+00
-1.000000000000000000e+00
1.000000000000000000e+00
1.429367776891543595e-01
4.335686103275169789e-01
1.000000000000000000e+00
-1.537795253395723982e-01
2.446719727589576898e-01
-1.016482849891227058e-01
-1.000000000000000000e+00
1.000000000000000000e+00
-1.000000000000000000e+00
-3.446145483266589427e-01
-8.020426781196743349e-03
-2.553806736787113119e-01
-1.000000000000000000e+00
-1.000000000000000000e+00
-9.201481805033262518e-02
1.000000000000000000e+00
1.000000000000000000e+00
8.476157444861861512e-01
-1.000000000000000000e+00
-2.500951449046595609e-02
-8.000000000000000444e-01
-1.000000000000000000e+00
3.539785253600226111e-01
1.000000000000000000e+00
-1.000000000000000000e+00
8.861782983552043413e-01
-1.000000000000000000e+00
-1.000000000000000000e+00
1.000000000000000000e+00
1.000000000000000000e+00
1.000000000000000000e+00
5.223235690899635797e-02
-8.459310399414528003e-01
1.000000000000000000e+00
1.000000000000000000e+00
-1.000000000000000000e+00
7.389183562649834780e-01
-1.000000000000000000e+00
-6.612256390991022581e-02
-1.000000000000000000e+00
-6.876905356856772844e-01
-1.246340118759039495e-01
-4.376263420689496808e-01
-2.964032141710721824e-01
7.588463648084964319e-03
1.713213234017449960e-01
-2.997871780414593790e-01
1.000000000000000000e+00
3.940414421335633466e-01
-1.000000000000000000e+00
-5.601217907109228289e-01
-1.000000000000000000e+00
-9.333268223183022183e-01
5.923270336831905070e-01
-9.927132698694933755e-01
4.461194343139088248e-01
-1.000000000000000000e+00
5.072700193568702165e-01
-1.000000000000000000e+00
5.744551048620916145e-01
2.027243774984693880e-02
-9.838425373924424289e-01
-1.000000000000000000e+00
1.000000000000000000e+00
-1.000000000000000000e+00
1.000000000000000000e+00
-1.000000000000000000e+00
-2.699457132704172757e-01
8.110138137936220293e-01
1.000000000000000000e+00
-1.107986776577877253e-01
-1.000000000000000000e+00
-8.499894406342503039e-01
5.382024018624131934e-01
-9.369072607219852689e-02
-7.156063866461195300e-01
-1.000000000000000000e+00
8.437071948129419852e-01
-1.000000000000000000e+00
8.151830811012423794e-01
5.832851382979133970e-01
-1.000000000000000000e+00
-8.789586161778599749e-01
-8.684455072180358171e-01
-3.887301288669742227e-02
2.833303827952968756e-01
1.000000000000000000e+00
3.608037249292304627e-01
-9.520690258207935575e-01
1.000000000000000000e+00
3.111431351488014863e-01
1.000000000000000000e+00
-1.000000000000000000e+00
1.000000000000000000e+00
2.124766590331848004e-01
1.000000000000000000e+00
-5.076597024011064718e-02
-1.000000000000000000e+00
-5.018285391989276700e-01
1.618814277860307904e-01
-1.223808079804200588e-01
1.000000000000000000e+00
-9.082972540016355234e-01
1.000000000000000000e+00
1.000000000000000000e+00
-1.374758836646561289e-01
-1.000000000000000000e+00
-1.000000000000000000e+00
-6.911397244552885955e-02
1.000000000000000000e+00
1.000000000000000000e+00
1.000000000000000000e+00
5.816033581267607833e-01
1.000000000000000000e+00
1.000000000000000000e+00
1.000000000000000000e+00
-8.974646309068317063e-01
-2.268381474387604069e-02
7.889996359174757945e-01
3.128051986546033225e-01
6.952092439322717921e-01
-1.000000000000000000e+00
-1.000000000000000000e+00
1.000000000000000000e+00
-2.315636769193131217e-01
9.335463642200307888e-01
6.682292204900616150e-01
-8.864318469986994797e-01
-4.660352346122328404e-01
7.247325379421689640e-01
-1.000000000000000000e+00
1.000000000000000000e+00
-1.399105449973590265e-01
-7.654299101704156172e-01
1.000000000000000000e+00
3.874213761095135489e-01
1.000000000000000000e+00
-1.000000000000000000e+00
-1.000000000000000000e+00
-9.884132234829777763e-01
6.805179970593836503e-01
8.418508385416689777e-01
1.000000000000000000e+00
7.528592599199341873e-01
-1.000000000000000000e+00
-2.667428317275928884e-01
-1.000000000000000000e+00
9.380074786635590467e-01
1.000000000000000000e+00
8.000000000000000444e-01
1.636396435391694881e-01
1.000000000000000000e+00
-1.991800503194832705e-01
-4.991121116544081637e-01
4.415164921174254964e-01
-3.033030430975616198e-01
-7.855550469369568800e-01
-1.488294382121260195e-01
-1.000000000000000000e+00
8.916652372439692886e-02
-4.067032212944354796e-03
-1.000000000000000000e+00
-1.000000000000000000e+00
1.352162041746503007e-01
-8.656820196230911035e-01
2.190335336474475980e-01
-1.000000000000000000e+00
-1.000000000000000000e+00
1.000000000000000000e+00
1.000000000000000000e+00
-9.202306306399714586e-01
1.000000000000000000e+00
-1.000000000000000000e+00
-6.898684013470496312e-02
4.151101851025767453e-01
3.078052438541045710e-01
-8.464694544313551283e-01
1.000000000000000000e+00
-1.000000000000000000e+00
-5.024555494739706418e-01
3.941702828138080594e-01
-1.420746926253829145e-01
-1.000000000000000000e+00
-1.000000000000000000e+00
-3.940285743772453664e-02
-6.963467501317626152e-01
7.621153055999685400e-02
-1.000000000000000000e+00
3.001191395139810592e-01
6.116396837150466226e-01
2.587927592506630292e-01
9.561496499145931693e-01
-1.000000000000000000e+00
3.845384268176147424e-01
-1.000000000000000000e+00
-9.852730183271287689e-01
-1.000000000000000000e+00
-5.624856774388846681e-01
1.000000000000000000e+00
1.000000000000000000e+00
-1.000000000000000000e+00
1.891343811908186012e-01
-1.574864201933609542e-01
-6.200000000000001066e-01
9.986013733104063261e-01
1.968346787511519036e-01
