-2.771883199320759883e-01
1.000000000000000000e+00
2.611061055087194327e-01
-2.025645249670277037e-01
-1.132019480465282744e-02
3.976057782970951471e-02
3.685221701804886618e-01
3.222952487855843540e-01
-2.453132449128357928e-01
-1.706404812267423854e-01
-2.121448405610540378e-01
-3.833512568729972037e-01
-4.760626426631078822e-01
6.195230760895926725e-01
-7.833103105052804382e-01
-2.540076102920505452e-01
5.578775882429450883e-01
-1.187269354514407516e-01
4.305766596651032785e-01
8.615492810366622844e-01
-1.765766488551546165e-01
9.719387908229547568e-01
-3.519538628854274598e-01
-6.942571465600781977e-01
-6.822301795300037552e-01
2.231535486944349334e-01
-6.330008276515115551e-01
8.554692711105603697e-01
8.940324884996909971e-02
-1.000000000000000000e+00
-7.366827513074446498e-01
1.146891252038096665e-01
3.644947854574565049e-01
-2.651282129128393894e-01
3.090867868935680551e-01
-5.883094986022754380e-01
-2.369753751269501607e-01
4.698270000455978535e-01
-4.541394862142655864e-01
-2.292096075022222457e-01
-5.121499375257856229e-02
5.997412180227075507e-02
-5.147519829666638014e-01
-2.264410823000486891e-02
1.069362909031162934e-02
5.492726487176299854e-02
2.946214527802094030e-01
6.848199313725050752e-01
-1.000000000000000000e+00
2.622794838017890040e-01
-7.347883440526238319e-01
4.014311909974663251e-02
9.005392455413019359e-01
-5.885833216807230539e-02
3.190081685065931927e-01
-6.421280570465470738e-01
3.132281473044590814e-01
3.058548007470029972e-01
-1.930988551599110425e-01
3.305945912792456753e-01
-2.702041339947192089e-01
-2.949626339822617460e-01
-1.000000000000000000e+00
9.503299358498548122e-01
-7.652636480842954780e-01
-4.833361791578212885e-01
1.394358248686554114e-01
6.300298767668183197e-01
1.482272428585242885e-01
3.530307093517013328e-01
-2.592400236173155181e-01
-4.234302980904610658e-01
-9.468746337578081151e-01
-8.214078722354170581e-02
-4.260306088907711008e-01
-7.401893523585770795e-01
6.074137027844057624e-01
-4.944852443673161679e-01
5.813307920750412361e-01
-3.891648791945936381e-01
-1.204386081825793847e-01
1.750766226156278554e-03
6.125251079268887455e-01
5.172935502299703669e-01
-4.966684326832494500e-01
-5.591405000967373251e-01
-2.191267890802988394e-01
-6.159546947156100405e-01
-3.095454859315459606e-01
1.000000000000000000e+00
-9.558952925979660176e-01
-6.918706988788033696e-01
7.616964262159178212e-01
5.364848535842142718e-01
-2.714628265760691828e-01
-4.225001772921735399e-01
-4.198516449021029162e-01
-1.776502669466209217e-01
-5.124322228273041624e-01
-3.645452706750832439e-01
1.000000000000000000e+00
1.037160190689049022e-01
9.700345477726605159e-01
-3.995928958693036326e-01
-6.702284901780510840e-01
-6.680546560976368120e-01
-1.016983711801076190e-02
-5.430215325300241647e-01
5.204431878842269432e-02
2.124931836361144688e-01
-8.321600854822527316e-01
-4.142880834561979420e-01
7.421207267558136422e-01
-7.488636565153213853e-01
-8.088865057911678869e-02
2.633339192797092831e-01
7.159571966486331096e-01
7.828199268394875343e-01
-3.475884464116105188e-02
2.211526761512721539e-01
-8.518624084197637392e-02
2.539810974062119975e-01
3.153040385926991762e-01
4.141558996176741836e-02
-7.653087115738300694e-01
5.492093748732795877e-01
-7.538391326857039054e-01
7.103741717392800248e-02
-4.691112937729970400e-01
-1.998767901409817249e-01
-6.309271979449854184e-01
-9.279081814830503205e-01
-1.757833006040611379e-02
-3.575704609410223500e-01
1.000000000000000000e+00
9.842387509548844449e-02
-3.876862808753495093e-01
-6.265978166726209331e-01
3.489589611061034158e-01
-4.695996163386380595e-01
4.958718810156724777e-01
-6.918276722751774965e-01
-3.201710812413700591e-01
5.505621154619322333e-01
-8.816548240872181808e-01
7.243603031366044886e-01
1.068522390322366178e-01
1.707221892119718532e-01
7.745519719265567815e-01
-3.225190141713303316e-01
-7.289866475155262204e-01
3.399094612807008198e-01
-1.885036699872975063e-01
-9.688316839933223124e-01
6.630137589107147900e-01
7.875468015202077288e-01
-2.381029450653997515e-01
2.915156691927182075e-01
5.144441700088951963e-01
8.741766672531112725e-01
-6.980045694922867305e-01
2.011285097117754828e-01
-1.584628637360048220e-01
2.059490955919497102e-01
2.224078842573338766e-01
-2.322515083205494990e-01
-3.706726791740770910e-01
2.841499859400579142e-01
6.902040884266605891e-01
5.178037172369699404e-01
6.100373377207473080e-01
-4.699880562472593115e-01
-6.755925599168853823e-01
1.077879364578235993e-02
-5.577739503663764475e-01
-5.822174101263041246e-01
-3.713960422508126857e-01
4.283997087480923005e-01
-8.126124215264776685e-02
9.181828435289932644e-01
4.103124737926976406e-01
-2.859509286565991015e-01
5.563083944569062467e-02
6.965577766357283762e-02
9.923967569069692685e-01
-1.540081906181386684e-01
1.000000000000000000e+00
6.075894875732903433e-01
-7.811190197250047484e-01
-1.655496225752636774e-01
-8.515983257770052273e-01
3.075535385606966710e-01
4.525681585915711236e-01
-6.368851828817183591e-01
-6.091953212260245998e-01
5.021868076052483643e-01
-1.416637412800150209e-01
-6.059291522535024122e-01
5.790157190502323026e-01
-6.584855753991838423e-01
1.019453333029834464e-02
-2.835158899868733817e-02
9.596928873017815942e-01
7.621939353582410925e-01
6.289225164741141239e-01
7.127045730345541452e-01
-8.002252209160065632e-02
-2.983811307871908625e-01
7.051311537759327730e-02
4.442218079906308237e-01
-5.324504529458580215e-01
1.466554949685528186e-01
3.798461584601141028e-01
1.881464867167045030e-01
-2.985863113001292479e-01
1.000000000000000000e+00
-6.177089700195143029e-01
7.784292083313851807e-01
9.443504297453243490e-01
1.253664420782137079e-01
1.824922784058976288e-01
-4.756304860606365703e-01
6.795999253527017503e-01
8.357385614386513284e-01
5.236474313668304514e-01
-4.579580678675637673e-01
-2.814627190905525933e-01
9.969558641511149233e-01
4.843873744724033203e-01
6.131931574847143684e-01
3.763043440279159046e-01
3.047263670647734068e-01
-4.592906454627055934e-01
-2.891892327121839967e-01
-3.801497876128291376e-01
5.539603739620077016e-01
6.416538828890123725e-01
-2.009787900941108763e-01
-1.000000000000000000e+00
8.939049031820659463e-01
1.580762518440159137e-01
8.977546566750107537e-01
-6.590990329668942049e-01
1.468912675493899700e-01
-1.000000000000000000e+00
-3.730841548728190404e-01
-9.677895487647576456e-01
-2.889277298942523053e-01
-2.039473665787230883e-02
-9.134808675687839941e-01
-6.114826285071641720e-01
6.066060543400272342e-01
1.012663535293418515e-01
-2.743215010006216925e-01
7.064732230785063516e-01
8.866893437227262309e-01
-7.449468738817123237e-01
1.000000000000000000e+00
-5.479690384515693014e-01
-9.354450618322815991e-01
2.629284099500853178e-01
1.421089493621699451e-01
9.169904486493877238e-01
-3.479622702725741756e-02
-4.911296320498211854e-01
