8.815151581367209888e-01
-5.819674487331838453e-01
8.938294833661908356e-01
9.138568518515403083e-01
1.000000000000000000e+00
-1.332051618340487353e-01
-6.313359166749430429e-01
-5.589605509487312052e-01
-1.711474447014679490e-01
5.051493890894154237e-03
7.257102320074096391e-02
1.000000000000000000e+00
-4.762225983127650331e-01
-3.715722217630312851e-01
1.000000000000000000e+00
-9.697711095678773763e-01
9.111129136367999148e-01
6.683421758757546183e-01
-1.997589699321185019e-01
-1.000000000000000000e+00
-4.576274193346238639e-01
-4.879761767943424644e-01
-1.757432480651254236e-01
-5.122898230653951668e-01
7.543777573546843751e-01
-6.698993223770558503e-01
-7.032585483743476473e-01
1.000000000000000000e+00
8.158029888385167627e-01
6.013265287240211476e-01
2.068292077740293000e-01
-3.992397436542708400e-01
3.813915056284913341e-01
-7.000696098752127172e-01
9.792747200180478284e-01
1.348831716149823112e-01
3.373968341999713516e-01
-1.119567701264146398e-01
-1.000000000000000000e+00
-7.704671399157455580e-01
-3.986862494023748482e-01
-1.000000000000000000e+00
-6.674526465700274525e-01
-1.000000000000000000e+00
-8.577786557583859661e-01
-4.725979065089799258e-01
7.284724387115895095e-01
2.532051560909190369e-01
-8.501861950256994760e-02
-2.877146344933710909e-01
1.000000000000000000e+00
1.000000000000000000e+00
-4.177568249089692598e-01
-8.397314344124684471e-01
1.000000000000000000e+00
4.297843258353259976e-01
-5.328601171576696771e-01
-2.983593757334712659e-01
-8.724659991198384645e-01
7.787388363972302940e-02
4.453702878268027687e-01
-9.588167520173217495e-01
7.692315426608989926e-01
-1.501805047198390142e-01
-1.000000000000000000e+00
-6.436379094096161824e-01
-7.026009047662755691e-01
-4.686429153251946422e-01
1.000000000000000000e+00
-5.394042450872629235e-01
-1.000000000000000000e+00
-1.000000000000000000e+00
-7.577001609530824577e-01
3.825085060183289754e-01
-4.082583016938525766e-01
5.097950723331647893e-01
-9.281131453188912195e-02
5.499101299674463705e-02
-3.845022269257327707e-01
6.207765464920046439e-01
-1.468630199913995293e-01
-3.330731834506458489e-01
1.408310317989973637e-01
-6.921473147174919127e-01
-4.679840512354874194e-02
1.000000000000000000e+00
1.000000000000000000e+00
-3.270148798389960199e-02
-2.665029977834763586e-01
3.288126787504035420e-01
6.824828693117482858e-01
1.065733410570129658e-01
7.554088963575773530e-01
-9.888479222977078487e-02
9.787768065175030952e-01
-5.689374982108341694e-01
-7.203404539837070519e-01
-1.000000000000000000e+00
7.770327288365989071e-01
8.387043540926917284e-01
-2.921116386306384094e-03
-4.222733636825528603e-01
-5.571507592829264555e-01
3.383447611872258953e-02
-1.000000000000000000e+00
-8.944350794926865245e-01
1.000000000000000000e+00
9.177093738679005241e-01
-4.043213164017711581e-01
-2.444259644978277746e-01
1.000000000000000000e+00
1.744977746836881005e-01
-2.200093414876815867e-01
-9.366156243545400439e-01
9.229581595166119756e-01
7.351457857790832939e-02
8.561175819166850776e-01
4.199350724739123741e-01
-3.487723804356003821e-01
-1.000000000000000000e+00
-1.000000000000000000e+00
4.908778955006194433e-01
1.000000000000000000e+00
1.100802665241036871e-01
-4.270190932165632836e-01
-4.056992465894322386e-01
-1.581327660632566023e-01
-6.477538032574822191e-01
1.000000000000000000e+00
2.344557282026685785e-01
5.790380300110820055e-01
-1.000000000000000000e+00
-2.173562817216199150e-01
-1.554400737295302815e-01
3.051998719742631261e-01
-4.963683992016868496e-01
3.702469435418049848e-01
7.539322462715989381e-01
-1.480208207614332194e-01
-1.000000000000000000e+00
-4.337807752011977880e-01
4.369197157609948645e-01
-3.969340087882988755e-02
-4.548333472747519979e-01
1.000000000000000000e+00
1.000000000000000000e+00
-1.015830353505502437e-01
-6.563110161540641752e-01
3.104056095096303647e-01
-1.000000000000000000e+00
1.000000000000000000e+00
5.297425216719884311e-01
1.000000000000000000e+00
-1.000000000000000000e+00
-5.610011030749836314e-01
-8.213165757479462536e-01
7.028980923418209903e-01
-1.000000000000000000e+00
5.289741217601110490e-01
-7.615658728514473896e-01
1.000000000000000000e+00
-3.698264575835299439e-01
1.125601009585784351e-01
-9.663859587480682078e-01
1.257556508698495779e-02
-1.000000000000000000e+00
-5.379833171009982262e-01
-1.000000000000000000e+00
-5.554038072426481509e-01
-4.059014332918631229e-01
6.250403102132295885e-01
1.000000000000000000e+00
-5.119938438629947353e-01
1.000000000000000000e+00
-3.450098035825939213e-01
-7.468230692183585040e-01
-5.735909483009760113e-02
1.924483926989247473e-01
-8.069884421813241504e-01
-7.176843548549713958e-01
8.353796865636897717e-02
-1.000000000000000000e+00
1.390919920359640072e-02
-1.105196418701065164e-01
-5.355529408414306802e-01
4.714256826795930611e-01
6.451863014952323727e-01
-3.286474685747895474e-01
-8.171395033293444854e-01
-9.568418817350089478e-01
-6.446202944491582487e-01
-1.093249705653918102e-01
-6.424344975456098839e-01
-1.000000000000000000e+00
-2.189324383303314914e-02
6.540725287131983201e-01
1.000000000000000000e+00
-9.150725380959013888e-01
7.724123773659326009e-01
-1.219326689956867771e-02
-3.454239261492927371e-01
-5.159335925388377486e-01
-3.635443956198221582e-01
-1.000000000000000000e+00
-3.102294058255582465e-01
-3.716060673946871562e-01
4.369877443094376535e-01
-1.000000000000000000e+00
-2.244686271387493770e-01
6.767828626144518633e-01
1.000000000000000000e+00
-6.861995659618587151e-01
-5.065961830027078117e-01
-1.096863874900342872e-01
6.877887155141656494e-01
6.121841449446913108e-01
7.916629889456661129e-02
7.966403127518854044e-01
6.155706571765968693e-01
-7.738624646420421138e-01
9.158573363133717393e-01
-8.658080522085087605e-01
1.000000000000000000e+00
6.353785865097656416e-01
-1.047292293925089490e-01
-6.314203919487413330e-01
4.956058576968506713e-01
2.578671918292234078e-01
4.710195593518640145e-01
7.957577808032898492e-01
-6.428539411560623140e-01
-3.811084457421917149e-01
-1.322547895230063997e-01
-3.404198360355595865e-01
2.123732246379940736e-01
-5.896110851568683309e-01
9.060100642843418317e-01
6.315063063271146859e-01
1.000000000000000000e+00
-3.643549787773011639e-01
-5.717663998730313502e-01
3.895012637911271502e-01
8.128437452622698789e-01
7.589383125616553372e-01
-1.000000000000000000e+00
-1.000000000000000000e+00
-1.630388660773210985e-01
2.466092528891761226e-01
1.000000000000000000e+00
-2.155448632469149084e-01
1.000000000000000000e+00
2.906652622567851285e-01
1.048090581312043357e-01
2.965610222511501637e-01
2.625844942652625358e-01
-2.666289607644246606e-01
-6.276493435245271701e-01
6.694230406634538166e-02
8.056133774549636417e-01
-1.000000000000000000e+00
-2.376343188243772997e-01
8.604801500177243767e-01
8.837919866339588593e-01
4.139891093412589873e-01
4.492724836147417022e-01
