-1.000000000000000000e+00
-1.000000000000000000e+00
1.153693509175883758e-01
1.516634411335451293e-01
-2.357612597547089628e-01
1.959701979397468208e-01
-4.362394557527271566e-02
-1.701891853502084662e-01
2.578065714632013505e-01
-3.496954438746491256e-01
4.327858515093885305e-01
4.082057415833207359e-01
-1.738215740393079800e-01
-7.143543729694747935e-01
6.206986361681806619e-01
9.184095752440765703e-02
-7.802053245652799951e-02
2.887285495084442877e-01
-8.448931238115908737e-01
3.253801339880746935e-01
-4.429083251712124802e-01
-7.211950266048614555e-01
7.038155086897803780e-01
6.748146344038853661e-02
-5.093240761244203219e-01
-4.669327106433855956e-01
5.014116880523726838e-01
-1.000000000000000000e+00
1.632525963954591930e-01
-4.545848633445370712e-01
-9.835514057764074836e-02
-9.594603609877105921e-02
-9.074391658078322376e-01
2.475218875482875225e-01
-2.414770043789080667e-01
2.270316296005199241e-01
1.257653829017767455e-01
-8.114334486854325457e-01
-6.735486985868018861e-01
-1.112161610819087654e-01
-3.222912252399697808e-01
6.452218174435762066e-01
4.666365204070671013e-01
-3.427374976417185692e-01
8.179458724277951509e-01
-1.671104826049656933e-01
6.246065894760821635e-02
-5.988153633394874831e-01
-7.712678100567820216e-01
-6.559364777673502012e-01
-4.124598505920913927e-01
-2.058460285846073212e-01
-5.732498789252031823e-01
-6.085338048579437276e-01
-5.941039585762704078e-01
-6.904101642344769862e-01
5.170038701900244726e-01
3.841536159857894539e-01
9.978367609779084657e-02
-1.016086278789430919e-01
5.655472876579961117e-01
2.249694484818831330e-01
2.883758335786433813e-01
-6.519474479915161602e-01
1.000000000000000000e+00
-7.473872492156795611e-01
3.984638207664571996e-01
-3.091764195562747286e-01
1.914450138611125396e-01
5.496746857909962092e-01
-6.142108502227793670e-02
-1.145001637790823978e-01
1.030389670394587232e-01
1.734699963273020895e-01
-6.671306250482205158e-01
-2.382479734213129863e-01
9.445294948873168561e-01
1.590313287122934738e-01
4.530647987590649128e-01
-5.327397640106636967e-01
-8.338525115706024726e-01
6.936818779287061698e-01
1.000000000000000000e+00
-5.659159079818820715e-01
-2.481750055732660498e-01
-5.448911088536682046e-01
-5.002213090282447983e-01
2.242544448027107562e-01
2.642385066656187109e-01
-1.918853222093954702e-01
-3.174675089526779459e-01
5.235229623495446516e-02
-1.021129584995649764e-01
-4.396569221028684971e-01
7.631358788766706702e-02
1.996920163721120633e-01
-5.677577093622425686e-01
-9.955198056593789202e-01
7.011280299174467157e-01
-4.170074485845560730e-01
-7.547850945703485914e-01
-7.479601142557010807e-01
7.285209047259766368e-03
-4.066460897888798942e-02
3.420869721403721475e-01
6.398230355381239187e-01
-4.743463227003504035e-02
-6.219588600952871693e-02
3.061495605195105330e-01
-2.362086094374114542e-01
2.050698120493673615e-01
2.339407774404334284e-01
3.962367943240122647e-01
7.722280105634728997e-01
-2.397906375892990549e-01
3.003970973868724803e-01
1.046500351271306695e-02
1.168639886618763613e-02
7.653780155894651660e-02
-3.811691311134866034e-01
-1.534222392564276172e-01
1.000000000000000000e+00
2.562748393801242974e-01
-1.890309853391600736e-01
8.543562450826025501e-01
3.482338516189214528e-01
1.000000000000000000e+00
9.031545058113650271e-01
1.475797630045065922e-01
5.866491231120292138e-01
5.406916713506675354e-01
-2.190458196243777467e-02
-5.765090347792187764e-01
2.692865971450957296e-01
8.391056558646431407e-01
1.504304649248204284e-01
-3.161210712623346852e-03
-1.155017072781870657e-02
1.898303515928173313e-01
-1.000000000000000000e+00
-8.279513460053974372e-01
8.076388332434100148e-01
-1.107898709946236737e-04
-5.746222282245758706e-01
6.290916202871259522e-01
1.409352744762855381e-01
2.894681743448814237e-01
9.749324275930244532e-01
2.364055203665654248e-01
5.187763577883697241e-01
4.463572063169046755e-02
-2.668016285929590281e-01
1.717472275662196290e-01
1.107331480805294754e-01
-3.341810240748197547e-01
-1.304593421496622607e-01
6.301726937571957565e-01
1.793356354778116168e-01
-3.754710703798311289e-02
-2.295654068648236845e-01
1.704001260322081657e-01
6.670188184431702361e-01
3.440825572503382335e-02
-7.617550412392617432e-01
3.900524115182468776e-01
6.602117264401744512e-01
7.784103573834537659e-01
-3.264741662376248188e-01
3.255900158921343768e-01
-2.488894038279611254e-01
-5.476524567520111297e-01
-6.338444704009197350e-01
3.965601658828508125e-01
-8.989662064427467181e-01
-1.604584212270983579e-01
1.406073885240650689e-01
-7.073923769069410117e-01
1.183300304113960033e-01
4.079883349122482850e-01
-4.314825035434623479e-01
-3.787862613174489690e-01
-1.000000000000000000e+00
-6.866481237823687245e-01
-4.757768594973125209e-01
1.938410896427582852e-01
5.280607552195120125e-01
2.275098398844537240e-01
3.271432560758077424e-01
8.745411577770232370e-01
1.291970984325371830e-01
4.591077165824859474e-01
-6.582922615697428537e-04
1.271959747672687380e-01
2.151099824131575966e-01
-2.799276508020971388e-01
5.225503248884605378e-01
-9.299868757219847959e-01
6.438493038387158585e-01
-6.025153828299649739e-01
3.463485119267422085e-01
6.465825006531731312e-01
-2.605367791765741403e-01
-7.687438055686976468e-02
7.953406533846683890e-02
1.260845828537490998e-01
-2.322002911337197606e-01
-2.600213814552820302e-01
-5.043887404674179953e-01
7.327882466808135487e-01
-3.996606820408907246e-01
3.322081366099460253e-01
1.407622031059332368e-01
4.899091131637286489e-01
-6.213916715466407531e-02
-1.441059986588265340e-02
3.874365803519305151e-01
3.428916457969055642e-01
-6.381138096306949725e-01
1.954603376967047890e-01
-4.381610471786559491e-02
7.627219841316114357e-02
2.376638167770883658e-01
-4.433524431489328510e-01
-3.275063268485925994e-01
3.353841228447860812e-01
-4.695159400213424483e-01
2.983940232454168062e-01
-5.833901374021742692e-01
-5.577398594864017012e-01
2.827168380888863686e-01
2.215008199361380992e-01
-1.000000000000000000e+00
1.484083086714920174e-01
-1.005317898441024926e-01
5.587633975063182046e-01
3.837615843858056125e-02
-6.576471038647716538e-01
3.921222197018071620e-01
-1.004582145341303689e-01
-8.313177260567949922e-01
-5.286201142065733993e-01
9.456437329902572797e-02
7.364831050103415322e-01
1.588529357413792642e-01
6.969077897838993341e-02
-4.285402470463816477e-02
5.247276489139778288e-01
2.199258884424217797e-01
5.577114275851444702e-01
6.627139143828192358e-02
-3.219977690794367797e-01
-9.236914142200683409e-02
-4.179039180410734078e-01
4.793116999707065090e-02
3.906334806413747640e-01
1.522220135381038564e-01
5.954353932957872075e-01
-5.452202209104187181e-02
9.553218534369242176e-01
-4.507151822221661108e-01
4.345438433814363677e-01
-1.697784656482905219e-01
2.135080137731902306e-01
-1.707815679849482016e-01
4.438386851462486349e-01
