3.319187437182820055e-01
1.186833464193295662e-01
5.191217786559159109e-01
-4.420485768708138918e-01
-1.772344673755985589e-01
3.887952248575932135e-01
1.000000000000000000e+00
-7.426342250687434365e-02
-1.000000000000000000e+00
-1.638200472200034286e-01
-1.011727242404941718e-01
-6.494878651685564996e-02
9.417996157963165471e-02
4.474239472160412845e-01
2.870270571622112188e-01
2.457111970297665704e-01
-7.256653937141614996e-01
1.000000000000000000e+00
-4.896531192326227799e-01
1.522667322849407534e-01
9.352129875433577988e-01
8.481557961638492849e-01
-1.000000000000000000e+00
9.307154450526257117e-01
7.288510237535468228e-01
-1.000000000000000000e+00
5.459742888160947771e-01
-3.278269511924107316e-01
-1.000000000000000000e+00
-2.292749804553034787e-02
-2.438677134072944619e-01
8.327048071834319831e-01
7.459995265321894831e-01
-7.031880630229279117e-01
3.978530433649422604e-01
-3.827721527554119874e-01
-1.356566201440972952e-01
-3.417194613298126793e-01
6.384552344043016303e-01
4.866953167331345975e-01
-7.778096762682095155e-01
-7.832545508616345353e-01
-1.000000000000000000e+00
5.238834876840861021e-01
-1.000000000000000000e+00
3.349189869753464999e-01
1.000000000000000000e+00
-1.000000000000000000e+00
-5.165200264236046168e-01
5.221257066341349340e-01
-8.240998390074516511e-01
-1.038123111241656682e-01
1.000000000000000000e+00
-3.592191667877176475e-01
2.987653896827076050e-01
1.000000000000000000e+00
2.005455259124200862e-01
-1.495289643312752714e-01
-2.122363050112807681e-01
-2.524422385961951898e-01
-2.073567922520316575e-01
-4.154892142314771109e-01
-3.155556259301659505e-01
7.843904403740542541e-01
-7.783727097099584213e-01
5.289303984649057488e-02
1.000000000000000000e+00
-3.646693401599159223e-01
6.054067333238655202e-03
1.000000000000000000e+00
9.578062091460126659e-02
-5.559073259314901705e-01
-1.130688030595061733e-02
-7.447959359355433850e-01
5.243624292320441249e-01
6.689556740528491696e-01
-4.911124919028901359e-01
-2.112025875415994292e-01
3.354853375838630636e-01
6.649916115592442445e-01
6.355045687428222401e-01
-1.000000000000000000e+00
1.000000000000000000e+00
2.932997647874380220e-01
8.255057007042745365e-01
-8.630829104444981414e-01
-1.750375837174377169e-01
-1.000000000000000000e+00
-4.184121652329967356e-01
1.000000000000000000e+00
-1.000000000000000000e+00
1.824039273165008468e-01
5.888732227340234271e-01
7.559225915260926465e-01
-4.829683957056454813e-01
7.444400920185045845e-01
5.909010688934523969e-02
-1.000000000000000000e+00
-9.906329382623910718e-01
9.086921069357342118e-01
1.639603022467935878e-01
1.000000000000000000e+00
5.658094497451537919e-02
1.000000000000000000e+00
-5.324930552095519243e-01
-1.000000000000000000e+00
1.401001743781583042e-01
1.000000000000000000e+00
1.000000000000000000e+00
3.668766061877637430e-01
-8.053314525244158473e-01
-4.674889026655777435e-01
-5.019993774647990570e-01
-1.198005355696640795e-03
-1.729223025688186310e-01
4.280072192054965585e-01
7.314593483841758115e-02
8.714790585751087670e-01
-9.969054964488895942e-01
-4.980259490172163073e-01
7.794808074284658161e-01
8.659063813050157377e-01
-1.433047103832053581e-01
1.000000000000000000e+00
-4.958718723916228921e-01
-6.402655901916501913e-01
1.000000000000000000e+00
7.180553546259755837e-01
7.921680391136554089e-01
5.869812101265298177e-02
-1.000000000000000000e+00
1.000000000000000000e+00
-5.033764759305445757e-01
-9.048714456805504458e-01
-1.000000000000000000e+00
-1.000000000000000000e+00
-1.576826616205517784e-02
-1.000000000000000000e+00
-1.000000000000000000e+00
-4.141744657214094794e-01
-2.118277589869331234e-01
1.000000000000000000e+00
-4.048248853982990836e-01
-1.000000000000000000e+00
-3.249183966022595182e-01
-6.258772319399441564e-02
-4.645423559038546202e-01
-5.233309963512233765e-01
-9.056442017903613140e-01
-9.014532006080930859e-01
3.880723857610377525e-01
-1.000000000000000000e+00
3.529583745766335934e-01
-1.724543070915550702e-01
3.472664069442656931e-01
1.000000000000000000e+00
4.160712296097258678e-01
-1.964640778300795754e-01
1.000000000000000000e+00
-4.704800512811516122e-01
-5.391612494402002742e-01
-4.240368100731174428e-01
1.000000000000000000e+00
5.396858767599521656e-01
-6.812233200513914122e-01
3.206249384838639749e-01
-6.972652720981227237e-01
-1.092387874776031831e-01
7.361317525100226078e-01
-1.051455754894657924e-01
7.297381100774875673e-01
-5.257377623626269258e-02
5.390063116910583929e-01
1.000000000000000000e+00
1.000000000000000000e+00
4.821039798869635185e-01
1.000000000000000000e+00
7.808023085148662057e-01
-1.000000000000000000e+00
-4.965719482519070915e-02
-9.975605246086647337e-01
-1.000000000000000000e+00
-1.000000000000000000e+00
7.049054478427345671e-01
3.313709924464698364e-01
-1.000000000000000000e+00
-7.261967315856454608e-01
8.657317279121103937e-01
2.405394435097829575e-01
-1.631759245404735825e-01
-6.428111060218042461e-01
-9.054053158930467360e-01
-1.000000000000000000e+00
-3.839671947253708861e-02
-7.749007340573271785e-02
-1.120299586154753779e-01
-7.024921953964368138e-01
-5.416183574382921195e-01
-5.565077862153705590e-01
-3.745374223886323017e-01
-9.014756546543885030e-01
-1.000000000000000000e+00
4.741147052586626165e-01
8.777084924539050315e-01
-3.897784482765347391e-01
1.000000000000000000e+00
-6.678892218601257813e-01
1.000000000000000000e+00
-1.000000000000000000e+00
-9.323929802323379645e-01
-3.197066677816863267e-01
8.567517155882909963e-01
-2.655988571958795008e-02
1.000000000000000000e+00
-4.255165698584112977e-01
-9.561455720622240584e-01
-1.000000000000000000e+00
-7.810917967591469724e-01
1.000000000000000000e+00
1.000000000000000000e+00
-1.000000000000000000e+00
-2.013385457310649662e-01
1.000000000000000000e+00
1.980925544949774242e-02
9.097911699282004161e-01
9.658487781329028188e-01
-1.000000000000000000e+00
4.358023345547807903e-01
-1.000000000000000000e+00
-3.912141494942862341e-01
1.772866360059826285e-01
-7.869659066533719605e-01
1.174184152450018226e-02
2.705786362704491466e-01
2.108332415648794256e-01
-3.330709224224834286e-01
-2.305818857022905455e-01
-6.682714315327691335e-01
2.733446614325938384e-01
2.427863318487355482e-01
-4.752102086785436885e-01
-6.106285508075482982e-01
1.000000000000000000e+00
-5.692048043342783359e-01
-9.681176514529604704e-01
-1.000000000000000000e+00
-5.081794253700120390e-01
-4.767642438868492927e-01
6.156246929012197944e-01
-2.444572130360800344e-02
-4.315592869807812204e-01
4.510649693629347756e-01
-7.967430929253160876e-01
-7.212131092464251214e-01
8.862442640239150959e-01
-4.888722606071337906e-01
5.250868910520392063e-01
-3.561985314204796360e-02
-5.926601432403888481e-02
5.298238756543005579e-02
6.867170940364164533e-02
-5.198979876125391364e-01
-4.705628110215188675e-01
2.822071896554897985e-02
-7.772924200319921706e-01
