7.384735076131243581e-03
1.000000000000000000e+00
-5.936798514873489752e-02
-9.543015388610727179e-01
8.776597037018343261e-01
-5.574869721542381473e-01
-8.094884956482621963e-01
-1.000000000000000000e+00
5.203488950825696513e-01
6.259376921866692811e-01
-1.000000000000000000e+00
-8.067397399880789077e-01
5.332705937465557211e-01
-5.588916897358138236e-01
4.956338614446618163e-01
5.035785454052904564e-02
1.416022416709648568e-01
-3.818182183323729495e-01
1.000000000000000000e+00
1.000000000000000000e+00
-8.124109446790763744e-01
1.000000000000000000e+00
2.082488492587375173e-01
-6.035368081048808619e-02
5.147677401899127814e-01
-4.088820202576340934e-01
4.250989903795481251e-01
2.634367180542419584e-01
-4.662887928800333315e-01
-3.273262156531623335e-01
-5.098200741685158244e-01
1.000000000000000000e+00
3.674369880007228861e-01
8.864160651550569980e-01
-7.865081758232321807e-01
8.783267858603872602e-01
-1.949561741454014507e-01
-2.265135015470834123e-01
-9.009299787624203137e-02
1.865321306060941375e-01
-7.377465519771173597e-01
-3.701109416168746336e-03
-9.495369795117054590e-01
6.765063270410243135e-01
1.405003708956127362e-01
5.011386374711435110e-04
9.436947530502548531e-01
-3.287983931571716312e-01
4.735511967854449944e-02
1.696908954097624544e-01
7.877482017844141815e-01
1.728651727956728168e-01
4.053078182189917000e-01
2.897262806629224974e-02
-9.220649233340256767e-01
5.912502214782745513e-01
-1.467385007931187868e-01
-1.000000000000000000e+00
-6.017225671813655197e-01
7.410852924881984327e-01
9.520992739312397202e-01
-4.534735956534018952e-01
-4.057309817012015873e-01
-8.180460989384705783e-01
-1.000000000000000000e+00
-9.022124460170108939e-01
-5.769819914020397622e-01
-9.731013815284026425e-01
-7.489989767926166775e-02
-1.000000000000000000e+00
1.000000000000000000e+00
-4.508399916592475964e-01
-5.377713097053353763e-01
1.000000000000000000e+00
1.000000000000000000e+00
8.421348052630599490e-01
-2.580273523563230142e-01
-5.810532401362218380e-01
8.490282915833402555e-02
9.270252438724031485e-01
-8.037151598940956987e-01
1.000000000000000000e+00
-1.000000000000000000e+00
-7.152043017576810158e-01
1.321818422537281990e-01
-8.331551549204263551e-01
-2.643154307844692852e-01
1.000000000000000000e+00
5.081146200352260056e-01
6.258124800562376855e-01
3.045061218829858141e-01
-6.327402521007139402e-01
-6.688651753909164999e-01
-3.469942301436154675e-01
9.839873065846878042e-01
2.620452010130176479e-01
-3.355881077961400671e-01
6.112306899658126458e-01
9.952012016204464517e-02
-4.616902132080254462e-01
-2.280897092453001429e-01
9.032176276264802794e-01
5.966686540053418586e-01
8.862697652129436499e-01
7.462843125642558695e-01
1.000000000000000000e+00
-4.446362509019872317e-02
-8.534492071999083551e-01
1.410563965774440653e-01
1.000000000000000000e+00
-1.000000000000000000e+00
4.626149993708105757e-01
9.649002488824272028e-01
8.272652417455508278e-01
1.000000000000000000e+00
1.000000000000000000e+00
1.000000000000000000e+00
-4.604308003695265494e-01
-4.064052280998042277e-01
-4.336130947494396537e-01
2.249761636891509653e-01
-9.631090852748750430e-01
-1.000000000000000000e+00
7.593833531789557778e-01
4.239239795353483276e-01
-8.631213106217653364e-01
-3.120481798001357721e-01
-7.665339851939385607e-01
-8.568210190446605701e-01
-7.920242431850221809e-01
-4.597376380347705793e-01
-4.509316159413894187e-01
-4.754088039330027771e-01
-6.962007809660383795e-02
-1.000000000000000000e+00
-4.214820074096142233e-01
2.149868413872322581e-01
3.888493184868175856e-01
8.239999439254536151e-02
3.044409970585304492e-02
-1.000000000000000000e+00
-5.208954272809761532e-01
-3.901369018416628309e-02
-6.504882482653895348e-01
-8.199583176802548445e-01
-9.333909999068563668e-01
7.238433345630314042e-01
-3.200674284813637138e-01
-1.706716674968665193e-01
-8.190713699416711790e-01
-1.165022043429662091e-01
-1.000000000000000000e+00
-4.841032687747381935e-01
2.233776457731408982e-01
1.000000000000000000e+00
-3.368100241586181043e-01
6.577373322752925189e-01
-1.000000000000000000e+00
-2.771076397184455420e-01
2.070939406432792396e-02
1.275585830288759048e-01
-1.607815156230314457e-01
1.000000000000000000e+00
8.600584348856223915e-01
-7.424093082696131551e-01
-1.553801323999590145e-02
-2.763285885858284274e-01
-7.420351246219387686e-01
-3.489109130686782745e-01
-5.386772754491286896e-03
-8.636828468690693761e-01
2.049600791905007158e-01
-3.252739592788450596e-01
-9.213941603034678796e-01
-1.223775416436889696e-02
-9.179249201473755893e-01
-9.691872144614990248e-01
-4.532947453663418447e-01
-4.776570229171739346e-01
-8.310785686537778272e-01
-6.214690928953436888e-01
-4.714629374150884900e-01
2.625401344969539030e-01
-5.168654627786353206e-01
-1.000000000000000000e+00
1.000000000000000000e+00
-6.448793842254605391e-01
-1.834853891855412478e-01
1.000000000000000000e+00
-1.917379790894044866e-01
7.156845568689310655e-01
-1.000000000000000000e+00
-9.445367459199813798e-01
7.070488543157213979e-01
-1.417081593893387559e-01
1.000000000000000000e+00
4.523011728073593751e-01
-1.000000000000000000e+00
3.133333431081728460e-01
4.830852522943098748e-01
8.874251718401564570e-01
-1.000000000000000000e+00
-8.603698681314063679e-01
-1.999999999999999556e-01
5.405562600589113309e-01
-6.248137882115194497e-01
7.160598620066246367e-01
-5.100682917050013421e-01
-1.838790619826295991e-01
2.522526004739318317e-01
-9.712733089193814617e-01
-2.439512566173978048e-01
1.000000000000000000e+00
-3.545540589868265147e-02
5.500275984372142712e-01
-1.000000000000000000e+00
1.000000000000000000e+00
-4.114471835916873044e-01
1.000000000000000000e+00
-1.000000000000000000e+00
-3.178848810400111691e-01
-1.000000000000000000e+00
4.175653251804078980e-01
8.826278008877521675e-01
-4.065220077306394009e-01
9.253685752188692826e-01
-8.792217163012518988e-01
-4.806174242434246846e-01
-2.395101208028421746e-01
1.263567778648313489e-01
9.039214504723449561e-01
-1.000000000000000000e+00
-1.000000000000000000e+00
4.435511851972896435e-01
-9.547796714940814944e-02
-1.000000000000000000e+00
7.452483508418551450e-01
-1.092931365837924995e-01
6.212284742042843977e-01
1.904548505209757159e-01
7.237579915108999229e-02
5.482761103326150298e-02
-1.294372432978873055e-01
-4.620836614480464677e-01
-9.545081533275205921e-01
-9.079058673260829160e-01
-1.119791379492875993e-01
1.000000000000000000e+00
6.531070180714373952e-02
4.383148546398744627e-01
8.438472061325441587e-01
6.988019956852897785e-02
-7.508824187805958061e-01
7.869132204407979225e-01
-1.000000000000000000e+00
4.012153996732529815e-01
3.855032568333210952e-01
3.674651420119098288e-01
-3.981690980376284550e-01
6.595480172603013225e-01
-6.321740163285678449e-01
5.920724770982108698e-01
1.000000000000000000e+00
-2.721045193996758926e-01
-1.000000000000000000e+00
