-5.433418634493376587e-01
8.067413560258425154e-01
-2.530633391816000666e-01
-5.340758194445022200e-01
8.871901284690744127e-01
2.126621189973552095e-01
-2.655521896881943289e-01
3.591259712019505002e-01
1.000000000000000000e+00
-9.256530388946059285e-01
5.064410744746139503e-01
-1.000000000000000000e+00
-1.203080784050465646e-02
-9.036986879358878122e-01
8.524539546577787341e-01
-6.157161350366804342e-01
3.297688417007793582e-02
6.664875866579763608e-01
2.745566948757116599e-02
3.108156769435389544e-01
-8.355952981038605731e-02
-1.000000000000000000e+00
-4.505556559843367226e-01
-2.925894028653168166e-01
6.487925565548631202e-01
9.208322590299148347e-01
1.000000000000000000e+00
1.000000000000000000e+00
-1.500455413372352442e-01
-6.072632801438659911e-01
6.873447241145927422e-02
-7.976780914234333775e-01
-3.792749334275664630e-01
3.433681405923498242e-01
-5.082793263609228784e-01
5.574489477264118475e-01
3.289032012265310501e-01
9.477632580155354036e-03
-1.776245572988973676e-01
-7.580743510856278178e-01
-6.638100899333864158e-01
-2.412137700052510714e-01
6.958697231270459804e-01
9.975860869373677220e-01
8.763519414846754341e-02
3.936846224409931705e-02
-1.000000000000000000e+00
5.930621692874233908e-01
1.000000000000000000e+00
-1.000000000000000000e+00
3.076290597682463379e-01
-1.000000000000000000e+00
8.357472178542579844e-01
1.000000000000000000e+00
5.301449999230527510e-01
1.859064074815140744e-01
3.754406997890716302e-01
-7.499613384261255566e-01
7.041158094426172021e-01
8.542402731792191339e-01
-8.284241605745485959e-01
-9.117156333952385339e-01
3.110403521088070944e-01
-3.195635254850019980e-01
6.411973454476216361e-02
2.199867054306343661e-01
-6.136148693788333608e-01
-6.778702474512938725e-01
-7.278563443737314786e-01
3.385065964249204251e-01
-6.069108706845836032e-01
4.295623545283674960e-01
-5.854190205904560296e-01
1.898074618975574834e-01
1.000000000000000000e+00
6.254674227201437731e-01
3.802599661093108985e-02
-1.109390767897879271e-01
-1.000000000000000000e+00
-1.000000000000000000e+00
-3.904913006529817654e-01
2.010877406763512953e-01
-1.000000000000000000e+00
2.339761387939290060e-01
2.814014608154470354e-01
-5.961794167494979257e-01
-1.000000000000000000e+00
-2.038827496037260989e-01
-3.618316869151620985e-01
4.066303999439915828e-02
-5.876985310000633067e-01
-1.920969631099542219e-02
-1.000000000000000000e+00
1.000000000000000000e+00
2.292172388755819301e-01
4.924115988413091394e-01
5.702553736397565354e-01
1.000000000000000000e+00
9.960234802804132093e-01
-3.752641538535285703e-01
-1.000000000000000000e+00
1.000000000000000000e+00
-2.880339721182422208e-01
1.000000000000000000e+00
-1.000000000000000000e+00
-1.776953985792887325e-01
-3.368227195233740590e-01
-9.030260949865753783e-02
-4.767125833455186923e-01
-9.676109518848610147e-01
4.604041483445091565e-01
-9.694428540389126159e-01
6.705256816807115827e-01
7.242784559091031138e-02
-6.084833176123591869e-01
-4.538026133082487257e-01
-8.950203798819689194e-01
1.000000000000000000e+00
-5.432255247894079986e-02
-4.008356129944511403e-01
-9.862297262921688734e-01
-4.772374927006847734e-02
3.766688083609041060e-01
-1.000000000000000000e+00
-3.772429396764147569e-01
-1.000000000000000000e+00
-1.000000000000000000e+00
-7.678478773416829162e-01
-9.941832248731765631e-01
-1.000000000000000000e+00
-1.000000000000000000e+00
3.050086453486142712e-01
-1.000000000000000000e+00
3.110736590795126766e-02
1.301117598892342908e-01
7.217639209868156325e-01
-1.948402139143795564e-01
-1.010374496468560146e-01
-1.000000000000000000e+00
1.160681957780429485e-01
-1.243535243825398262e-01
4.373514292304919726e-01
3.869376109470465397e-01
1.000000000000000000e+00
-6.136962043948559486e-01
-9.916598850586622049e-02
1.702329543750258356e-01
9.194250400428536363e-01
1.000000000000000000e+00
1.000000000000000000e+00
1.313151863240651085e-01
-6.011924465856213207e-01
-1.000000000000000000e+00
3.432826365236134603e-01
1.000000000000000000e+00
-1.000000000000000000e+00
1.817978736088244618e-01
-2.031773047347689154e-01
-1.000000000000000000e+00
-8.022592495459913708e-01
-6.779832281232145430e-01
-6.298495018485439356e-01
1.000000000000000000e+00
2.763509427543126562e-01
4.682262751225320097e-01
-1.000000000000000000e+00
4.516405374135042949e-01
-1.000000000000000000e+00
-7.850687597518443139e-01
1.000000000000000000e+00
-5.995498530052911779e-01
-1.000000000000000000e+00
-8.477221873996826362e-01
1.000000000000000000e+00
-7.040660194511695336e-01
4.649023834064538452e-01
2.361396738663655848e-01
-1.000000000000000000e+00
-5.641096707117676523e-01
7.625769379284648153e-01
1.000000000000000000e+00
-1.475394546372287286e-01
-4.045371221266221839e-01
5.787591291814051520e-01
1.000000000000000000e+00
-2.238967810731532504e-01
-1.000000000000000000e+00
1.000000000000000000e+00
2.854901530976392543e-01
6.876829217340565403e-01
6.668012034446351155e-01
-1.000000000000000000e+00
6.011232936754117295e-01
1.890725247240185314e-01
-1.228718296494055173e-02
6.856442355884295736e-01
-1.000000000000000000e+00
-4.397651263274099387e-01
1.331549600162415525e-01
6.721172706133438091e-02
8.681921751414647392e-01
6.202666395578738667e-01
-6.052517712863171306e-01
5.759945812791450459e-02
-4.456122819504382271e-01
-5.899068433673133605e-01
5.395624295260352810e-01
-1.000000000000000000e+00
1.000000000000000000e+00
-3.647704361128958905e-01
1.563060090063559393e-01
-1.359765826725827242e-01
-6.831619857516568750e-03
5.963965195831926192e-01
-5.298669849433477186e-01
-6.286146880819397653e-01
1.725313365747020988e-01
-1.000000000000000000e+00
1.000000000000000000e+00
1.000000000000000000e+00
1.000000000000000000e+00
8.267748104918994922e-01
5.517047962925611393e-02
-1.000000000000000000e+00
-1.677224000099294676e-01
1.111897300095885666e-01
2.247482606646526437e-01
6.518302896332387464e-01
-4.874068611598584289e-01
3.506840957393175806e-03
-1.000000000000000000e+00
4.411587726706180379e-01
4.191612122828929365e-01
8.274128362626014255e-01
-1.191814396355832528e-01
-8.458054150546123751e-03
3.187920730759282728e-01
8.317497816129607591e-01
7.997275016356913957e-01
-1.000000000000000000e+00
-1.602418318394528418e-01
3.574840269956180427e-01
3.006785245654040040e-01
7.528458751378661606e-01
1.000000000000000000e+00
7.829458491181306989e-02
-4.534287245400893118e-01
1.000000000000000000e+00
-4.996663015463198576e-03
1.000000000000000000e+00
8.352203146776755460e-01
5.333583779565167493e-01
4.062030259770522678e-01
1.000000000000000000e+00
1.000000000000000000e+00
8.119600665724465705e-01
-4.121609941483144746e-01
-1.000000000000000000e+00
1.000000000000000000e+00
-8.562560747739771383e-01
-7.150903028147020946e-01
-2.318816735348554481e-01
1.000000000000000000e+00
4.693621199377463471e-01
5.957404902037161110e-02
