-2.915711207599239740e-01
2.954797058543296440e-01
5.617405480547195129e-01
8.384907696877337280e-01
7.975242583789980966e-01
-3.182006188435705651e-02
-2.424787044545404502e-01
8.006267279044434471e-01
-2.179876394424526964e-01
1.000000000000000000e+00
-5.818447056529070238e-01
1.819859888211221577e-01
1.000000000000000000e+00
-3.368421916824749229e-01
7.607042311950440450e-01
-7.307004224869029230e-01
-9.638516957800733476e-01
-4.201731761308094559e-01
2.741264300373977836e-01
-3.479085235728597292e-01
-4.328481571289117258e-01
-1.459673838906659915e-01
1.000000000000000000e+00
-1.039879006293122909e-01
-8.433557858326665713e-01
-1.532039427031441914e-01
5.228692187652056456e-02
-7.338698389610693873e-01
6.752890628315186827e-01
3.392301251006800134e-01
-1.000000000000000000e+00
-1.000000000000000000e+00
-5.574579393476406519e-01
5.717826369958416421e-01
1.000000000000000000e+00
-9.396279248396579575e-01
1.000000000000000000e+00
1.000000000000000000e+00
-1.000000000000000000e+00
3.998438579717727426e-01
3.609184854020376920e-01
-8.589404036138439391e-01
-6.447799471631894264e-01
8.680814097170079791e-01
-2.250093894797638439e-01
-4.087597836620709413e-01
-9.358942242919610077e-01
-6.144253802851349366e-01
8.427944016785726689e-01
-7.749567807082280435e-02
4.853482983032182396e-01
-1.000000000000000000e+00
-9.767503427059209820e-01
-1.000000000000000000e+00
-6.854399721889823383e-01
-7.627058075137473914e-01
-2.334307734741265516e-01
6.485468298536911647e-01
-1.000000000000000000e+00
-1.691326812338200813e-01
-1.000000000000000000e+00
1.000000000000000000e+00
1.784530090275621705e-01
-2.652441041559905899e-01
7.362603632884057170e-01
1.551467111327597959e-01
2.571899035544222833e-03
2.109642380420255758e-01
-3.744642922028942889e-01
1.722288355759051814e-01
6.652702915249121274e-01
5.901744246752238521e-02
1.000000000000000000e+00
-6.633919062358994978e-02
-1.000000000000000000e+00
7.570533888153475610e-01
6.662698174747461177e-02
-1.000000000000000000e+00
-3.563544412482467227e-01
-7.186738545072792750e-01
5.842753942702649805e-01
1.000000000000000000e+00
-9.525580791778032186e-01
-3.064401887210855824e-01
1.000000000000000000e+00
-7.933624425610766862e-01
7.600521786265120872e-01
5.133039835075159374e-01
-1.000000000000000000e+00
-8.123239558498984714e-01
9.601290417061275617e-01
7.646937603131043204e-01
-1.000000000000000000e+00
-1.000000000000000000e+00
-1.000000000000000000e+00
-5.052281198395596196e-01
-7.887572051980631382e-01
9.191862247300153221e-01
4.674669639247657216e-01
-1.000000000000000000e+00
1.000000000000000000e+00
-1.845768132748233370e-01
-5.684876064947743668e-01
-3.691867953049063900e-01
3.565267418797515298e-01
-2.137722156826926678e-01
1.870500272983860457e-02
-7.249792227455849059e-01
-3.334398071686119902e-01
-7.469832406255195734e-01
-1.000000000000000000e+00
5.180896707469568874e-01
-2.382317525390590385e-01
-3.644276892988040362e-01
1.000000000000000000e+00
-2.881229621197692881e-01
-3.353292835584043008e-02
-1.000000000000000000e+00
-3.572012841475947775e-01
-8.211733123821335356e-02
4.315040544096371278e-02
1.000000000000000000e+00
-2.064373964819707363e-01
-1.000000000000000000e+00
1.000000000000000000e+00
1.000000000000000000e+00
2.136028483442938830e-01
-6.688638046908352841e-01
-8.681874250286847339e-02
-1.439791052444163721e-01
-4.987426633264463449e-02
-2.897545041802658816e-01
-1.000000000000000000e+00
-1.778704841718744545e-01
1.936747438977644009e-01
1.000000000000000000e+00
1.000000000000000000e+00
1.000000000000000000e+00
4.954573228049937716e-01
-8.490382544229611028e-01
6.501292049390894334e-02
1.000000000000000000e+00
-1.000000000000000000e+00
1.000000000000000000e+00
2.363970005581436107e-01
1.957272321525858894e-01
3.117045046000537223e-01
-1.000000000000000000e+00
1.000000000000000000e+00
-7.357294365983340079e-01
1.657175020486245653e-01
4.075910562092904810e-01
-1.739593669204181348e-01
-9.202566717170954647e-01
-6.519934496132936408e-01
-4.342202251679696534e-01
-3.503076804481353168e-01
5.712459102726699101e-01
5.211029008105696469e-01
6.370897703092455178e-01
4.214019881208183049e-01
1.000000000000000000e+00
1.000000000000000000e+00
-1.000000000000000000e+00
-8.617300592779755797e-02
1.000000000000000000e+00
-1.671418613786253005e-01
-1.979469399600362056e-01
3.439904991139973167e-01
1.505258619270344600e-01
4.573073189013005524e-01
4.525753769518926495e-01
-8.109422340018338504e-01
-1.000000000000000000e+00
-2.491351149615996519e-01
8.405193721966675025e-02
-2.884746745581963090e-01
-4.225796014437058767e-01
-8.534322334024264656e-01
8.168852395374770481e-02
1.000000000000000000e+00
1.555423185074100711e-01
4.310709062503641498e-01
-1.000000000000000000e+00
-9.478401001283713878e-01
1.434569755487269394e-01
-1.000000000000000000e+00
6.810977652205241206e-02
5.494520920851935220e-01
-7.474846624096038727e-01
2.868170830797158732e-01
9.754242313443145518e-01
1.000000000000000000e+00
8.268935170619449160e-01
1.000000000000000000e+00
-1.589943825348051620e-01
-5.167564607781385266e-01
-1.000000000000000000e+00
7.874631048362472630e-01
1.000000000000000000e+00
1.000000000000000000e+00
-3.278187312433000766e-01
6.876399643080858270e-01
-5.170553702424531828e-01
5.738999049741476677e-01
-7.682149826274132787e-01
-1.000000000000000000e+00
7.187147205603863220e-01
1.708180706152931383e-03
5.109072380395154322e-01
-1.000000000000000000e+00
4.480210911476908420e-01
1.000000000000000000e+00
-3.927206286395847901e-01
3.684706308953742404e-01
-4.392796172072377381e-01
9.429804747004955079e-01
-9.116995284056539361e-02
7.339487173310372814e-01
2.318322513691901676e-01
-4.398907417644071782e-01
-1.736942088702572162e-01
7.468015895993334041e-01
1.000000000000000000e+00
1.000000000000000000e+00
3.057900502231785111e-01
-1.000000000000000000e+00
-1.000000000000000000e+00
8.490972702059456090e-01
2.510814127154019637e-01
2.317841189266924840e-01
1.918733514716887134e-01
-9.313709130634758582e-01
-1.000000000000000000e+00
-1.634618045502277406e-01
-2.673466495570142598e-02
-6.421847827359689065e-02
9.812669596732295219e-01
1.000000000000000000e+00
-5.930943890684282627e-01
-4.055076973797800965e-01
-6.837361391290555090e-01
7.653618434418479888e-01
1.000000000000000000e+00
-1.000000000000000000e+00
-1.703327160228402526e-01
-9.301417548422444836e-01
1.000000000000000000e+00
8.804171660580918379e-01
7.787829034697029140e-01
1.000000000000000000e+00
-4.163951695308363843e-01
9.801523301826509105e-02
-4.468742950144588555e-02
-9.463747181317637702e-01
1.934885927824098184e-02
-1.000000000000000000e+00
2.161450749778695557e-02
-7.980041739884055074e-01
-9.055702864397294771e-01
1.787767287725248178e-01
-5.793680337755632292e-01
-5.588846292619893408e-01
-1.000000000000000000e+00
-1.120924043707349771e-01
