6.416739641685012541e-02
-3.611908839716364006e-01
6.512291054215992858e-01
7.013203765706927939e-01
-3.837069159311237154e-01
2.937342842173680246e-01
-4.417627277961376497e-02
5.603501446544825182e-01
1.273153153349843580e-01
-1.528824670872056257e-01
-4.739750968215430404e-01
8.630452859925219489e-02
-7.764165665575430975e-01
-8.212101676587830745e-01
7.608350998142627830e-01
-7.118900025556200717e-01
2.476976087708731011e-01
-2.038530321955258073e-01
-3.291227912391502253e-01
3.844743638039260780e-01
-7.644605995856645908e-03
-3.436879850704216977e-01
-2.418691140393172123e-01
1.000000000000000000e+00
2.683445888428523940e-01
2.091653340872333400e-02
-2.220541322699661757e-01
7.021003050275465007e-02
3.697668647302097544e-01
-5.741875674513261529e-01
-9.428807586755493242e-01
1.306667921785931163e-01
-4.073573164070285468e-01
-6.681092713309214615e-01
2.338859159203204585e-01
6.836998949866607278e-01
4.892780877599969269e-01
8.050498243093349160e-01
-5.728932306043265088e-01
-6.989648967580746053e-01
2.710589826386553547e-01
6.078717608733547051e-01
1.756765442892863627e-01
-7.524261173199280339e-01
4.344322325162219833e-02
3.968059286521721241e-01
8.455475706709341122e-01
3.192090483100165632e-02
-5.053905469406472228e-01
-3.614080066399585900e-03
-4.744388632468544698e-01
4.748442550246675387e-01
-6.245831771685800282e-01
-3.296754036257319442e-01
-2.991968934465547014e-01
-4.582089792837357178e-01
2.889477234062687305e-01
8.089991048087883385e-01
-6.251397903828459501e-02
-2.488609163112953937e-01
5.884427324651588798e-01
4.288278449616304555e-01
3.545682542641510615e-01
-2.559984161772847489e-01
3.205744170413757921e-01
2.511061514365758862e-01
-3.265220295208972057e-01
6.878286314648858202e-01
-1.212501478323901316e-01
2.731606479802852205e-01
-3.721543501118350639e-01
-2.232614241403229893e-01
5.051452921719902234e-01
5.849238286706193168e-01
5.648158693381758466e-01
-3.295378222459649509e-02
4.278643407657526376e-01
6.587548827222941550e-02
-3.938150047891179062e-01
-5.354602233627309138e-02
1.720494070594943137e-01
5.705699893697213643e-02
-3.549347884061280212e-01
2.964260575247369411e-01
1.756487529373453316e-01
-3.296760870521253661e-01
2.480474980151335940e-01
-1.641237724610196680e-01
-4.557061839619794830e-01
-4.014932956350146798e-01
7.840568986964343567e-01
-3.754950914321862898e-01
6.344909666307393392e-01
-2.621749594030711172e-01
-3.949755240058498984e-01
-1.117994187222646346e-01
3.136031655010014241e-01
-3.310920884084555538e-01
-3.571834372546472958e-02
-2.669611158260151718e-01
1.269833044724431037e-01
-1.765919718448554221e-01
5.567186024999454252e-01
5.124142006520709947e-02
2.835329742285686017e-02
7.438602315327561554e-01
-6.618379623194097228e-01
6.553728137256161768e-01
-5.234433943725400606e-01
7.193019267747347012e-02
5.831781569048011260e-02
8.027494721922936449e-01
-1.903743542335916417e-01
2.467825978056410741e-01
-1.000000000000000000e+00
2.951915964570316908e-01
8.872658211887347879e-02
-1.909621271095991724e-01
-2.930991401749719616e-01
-4.303056076237519179e-01
5.069789312668412373e-01
-1.401339792641065340e-03
-5.406755003955273642e-01
2.668200779163749647e-01
-3.639750820653198105e-01
-1.047722885444542507e-01
4.264257164987375615e-01
-3.201630657966048066e-02
-5.496266472869563990e-02
2.986446746636276517e-01
2.873823535951918751e-01
-6.742553224812726231e-01
-6.271228436243845294e-01
-4.334069404079625709e-01
-4.909390350355286037e-01
9.787163160810916085e-02
-3.220755358550224101e-01
7.854202745391658524e-01
6.715333299997472416e-01
7.331673865856580541e-01
3.899041754123293291e-02
4.600758424512602085e-01
-7.507829625765727322e-02
-3.009962413871670739e-01
-1.256685480027520396e-01
-2.471917674497262907e-01
4.032325606804074702e-01
-4.965709427917132102e-01
1.543252952942559264e-01
3.871693916052224571e-01
1.437588298686279797e-01
-4.903685176342295615e-02
1.000000000000000000e+00
3.152807181742586229e-01
-7.368610365540090301e-01
-3.311876313827607499e-01
5.428002854760218820e-01
-7.679879298041190072e-01
-3.782049577114968697e-01
-6.846361387194955794e-01
3.501096849011307022e-01
-1.208958909081254696e-01
-5.086660201383179647e-01
3.840267940626702070e-01
-3.938263056036109822e-01
3.145747962753533272e-02
3.607316187886005499e-01
3.088559374352546349e-01
-3.094387447317660245e-01
8.084275142320564989e-01
-3.409242505605284967e-01
-8.702775325511374893e-01
1.724229561400157373e-01
3.060862039527295630e-01
-2.048324404181806613e-01
2.958904501635165607e-01
-2.396671135644902195e-01
-4.103012188547903172e-01
2.837838769786639181e-01
-8.430148372799712853e-01
-9.099501461064016250e-02
-2.789535532489265668e-01
-1.706399485086061429e-01
4.577184659121014132e-02
-3.925021470320464445e-01
4.689430543850170441e-02
-2.776002763029474796e-01
5.886194643437323570e-01
-1.160230483115118894e-01
1.770432116066070483e-01
-4.762390954836028811e-01
4.192390526117445448e-01
2.750168443188977796e-01
1.879156823986760649e-01
3.202445507982231154e-01
1.027175197904538206e-01
-2.432656385930368204e-01
5.244330266679239627e-02
2.008868085977439932e-01
4.349369888733738421e-01
4.868179035252609421e-01
2.299173474136678719e-02
6.644739014615510531e-01
9.484302517580278646e-01
-2.300083253330321154e-01
-7.870815068826511607e-02
-2.426849109866892340e-01
-5.960174175462935597e-01
-2.646831276101851427e-01
1.654147417602809811e-01
3.499570989169507040e-01
-3.103091330207645715e-01
-1.907772702688229072e-01
7.239870557177598143e-02
-1.838080036102044956e-01
2.664922135039440865e-01
-1.458093282879644181e-01
2.440518596562102349e-02
8.111872447008225406e-02
2.313843897527345650e-01
6.852966775192987914e-01
-7.844685174310422893e-02
-1.420135955853408516e-01
4.226620980548601025e-01
2.292291557771149735e-01
2.554226479789460935e-01
-5.642262047118253715e-02
7.549300134367424586e-02
4.371888880431581414e-01
-6.612030785922416998e-01
-1.000000000000000000e+00
-1.481002421406779623e-02
2.076704125294522307e-01
2.974044369287293099e-02
-2.882164254794903346e-01
2.007147852740234495e-01
-3.630451938448635563e-01
-6.099650473921134353e-01
-1.584814527499613379e-01
-4.389158984034267075e-01
3.023028269519208999e-01
6.833973048592798527e-01
1.679545595655344559e-01
2.101830049783909304e-01
1.868642268462423206e-01
-7.095665526388645894e-01
2.759960668622937763e-01
9.629575530960210461e-01
-3.258995697821005511e-01
2.345045040266557912e-01
-4.497059108093141022e-01
7.370747941224627953e-01
2.066216980687315963e-02
4.908117952652182869e-01
-8.112746404616077989e-02
-6.807343182289482542e-03
8.924473988230469113e-02
-4.359507359320229924e-01
-1.937277901886638454e-01
8.113503726216426681e-01
5.216305359344792780e-01
4.917664084817365833e-01
-3.593130556749456472e-01
2.578184732918474276e-01
2.684082832668170937e-01
