6.389778567448869406e-01
-1.000000000000000000e+00
-8.048170411070010299e-01
-9.788458252698450934e-02
6.810615847989412996e-01
2.974490592287986068e-01
4.759789085044920376e-01
-3.431567403591513910e-01
-3.892848584599113426e-01
-3.528628476153664040e-01
-2.095756822885941340e-02
1.000000000000000000e+00
5.347196829032121457e-01
7.108415453843107690e-01
9.249900314914096811e-01
-1.525120836698539706e-01
-7.532629736417093547e-01
6.041125196369396821e-01
-5.715454803010201479e-01
-2.834315781469757406e-02
1.698441779836754595e-01
-6.672325857202505706e-01
-9.125540448741094046e-01
1.227407291946445156e-01
7.094967461521181074e-01
-3.771470491558781557e-01
6.217567047835168559e-01
7.298184435007691595e-02
-8.608723773306097282e-01
-9.751564416140201530e-02
5.201508470541527096e-01
-1.667509642362307587e-01
-1.933888145928357449e-01
1.000000000000000000e+00
-2.990758475201695799e-01
-5.280226483675329874e-01
4.973794950893302147e-01
3.455311412273054383e-01
1.000000000000000000e+00
6.575104299410372555e-01
1.729454753341391759e-01
-2.750204693634294983e-03
5.579391510514284391e-01
-2.002552760349509131e-01
4.846009109377268920e-01
-4.613285756708433993e-01
-7.504272644697795869e-02
5.158837693734910079e-01
-4.317286671625637506e-01
2.714026689151508576e-01
-2.343773157573432186e-01
7.126827417264460784e-01
9.898848207654585840e-01
-1.373848797967824886e-01
7.827899384248375725e-01
5.693555177746196794e-01
9.227986979613996832e-01
-5.172556949729815168e-01
5.178923288128731706e-01
4.497104333848119806e-01
5.407691517957522453e-01
6.953341135993396094e-01
5.065309907831971881e-01
-9.432405654354387992e-02
1.605717405110951290e-02
5.068671547679250988e-01
-7.748079292261909057e-01
2.039265595871729564e-01
-3.806870799822290596e-01
-5.141522121299287873e-01
-1.536810956868867595e-01
3.546375675235757807e-01
-3.899474260513713375e-02
-2.298516652907405255e-01
-1.000000000000000000e+00
1.389439751299252901e-01
-8.090933794735490903e-01
-1.973387555709734675e-01
-6.157175449650410526e-01
-6.045894295828069254e-02
7.492754598241200270e-01
-1.651210670210256914e-01
-5.078059652202902008e-01
-9.489576219925335288e-01
-8.151297498961302956e-01
-9.308976412107685672e-01
-1.112916968733917156e-01
5.705865405183506711e-01
2.865679295062544263e-01
-5.659381024947880423e-01
-6.027002442157571860e-01
2.218409613891033083e-01
-3.283833556063154857e-01
6.340480144809552687e-01
-6.529710747746846344e-01
2.773917149715066088e-02
7.776825497622064098e-02
-4.626258304562573809e-01
-4.269312224693169733e-02
-7.021882935844003804e-02
-6.106752487039053268e-01
4.103832616743285366e-01
-4.368884222248010096e-01
8.117943013885273729e-01
-6.910670412586333855e-01
-5.537645892109879231e-01
1.000000000000000000e+00
4.011398991825660953e-01
-1.000000000000000000e+00
-1.583717682385707981e-01
-3.746205914861900910e-01
5.079366066180303063e-01
-5.369043067519396750e-01
-9.789838762802955952e-01
1.804916910650851136e-01
-4.162117280685018184e-01
1.000000000000000000e+00
-4.459900347953625332e-01
1.023398694061073561e-01
-5.466208238385649176e-01
-6.969125997694189945e-01
-6.066983727479342559e-01
-3.054650627859997192e-01
5.411607900438972774e-01
5.669393547337321371e-01
-2.506322510068108578e-01
-1.447948019373430928e-01
-1.992215687859846818e-01
-2.376024361519308847e-01
-8.208484202659601658e-01
3.627247524405914914e-01
-9.772913795147952776e-01
-3.971428173792566074e-01
-6.038731932669298974e-01
9.764862163482357360e-01
-9.296808951660741061e-01
6.569668724113426617e-01
1.311686709764982028e-01
-9.744512684283443971e-01
-5.079737558363128791e-02
7.540894039109855562e-01
9.714644197545156956e-01
9.576995858524377514e-01
4.234872807429730379e-01
-1.554822085884220717e-01
6.743586531566188036e-01
8.714680301485970837e-01
-6.665168558115747155e-01
2.117340933515388102e-01
-3.319090630132025543e-01
3.947284002698392413e-01
9.753332642794739771e-01
-2.258959285519475946e-01
6.320642056908043482e-01
-9.117763309053126264e-01
1.000000000000000000e+00
7.641738414042338334e-01
4.564532455762272400e-01
9.719478320492673795e-01
-7.966161706012990507e-02
2.247645324998354954e-01
1.623634365920922917e-01
-6.488652336663531806e-01
1.000000000000000000e+00
-8.234927604502185750e-01
6.884235553422677345e-01
-9.585202706327433653e-01
-4.596361133501975504e-01
-9.818530797217452921e-01
4.566848522170730007e-01
3.923454788111456759e-01
1.521053673245030546e-01
-1.048802848123635417e-01
9.547209359100272685e-02
-2.727340035147085562e-01
7.949409028864087290e-01
-9.502650052480001719e-01
-2.092227214376516375e-01
9.082234600275305159e-01
6.218368338188582367e-01
7.534466707618365788e-01
-9.087362562096756857e-01
3.921014713149317821e-01
5.215201045475349462e-01
-7.534613910577906415e-01
-6.173412323436298088e-01
-7.548631408111994290e-01
-7.808837879851987518e-01
4.491310783872028978e-01
-3.965356444619572152e-01
2.783550354151311801e-01
-9.168935248538137017e-01
-6.841147384766066430e-01
-7.768274019408070163e-01
8.952701227804455986e-01
3.221258349894373652e-02
-8.380911242266322336e-01
-1.008573752907581667e-01
-2.188189113448490708e-01
-3.575875160283448206e-01
-4.641517072072105510e-01
7.912440020963216192e-01
-8.429417358366464441e-02
-4.995928039974605883e-01
6.437546710184637311e-01
3.563368700396174482e-02
1.000000000000000000e+00
-3.397081623162572228e-01
2.211973875443790094e-02
1.266226233187612848e-01
-8.897759970917995531e-02
3.523754265615013370e-01
1.488375379196993364e-02
3.449678014471145859e-01
1.188693926991142291e-01
-3.685868418984286077e-01
3.064566752468059208e-02
-4.730505318659646852e-01
9.055239372997585523e-01
-1.331980469437183956e-01
2.175776758410272738e-01
-9.573291261616494185e-02
1.446846924335090934e-01
2.766773475372079627e-01
-7.830105424655169344e-01
-4.941180679979356727e-01
-6.795357536138277865e-01
9.216901556897398873e-01
8.056184576589622282e-01
2.082908654912065671e-01
-5.558098347911152315e-01
5.845741763357632514e-01
8.248238956048929982e-01
-6.197228475832706751e-01
-7.184763173515318346e-01
-5.041164896110168492e-01
-4.328662742995721957e-01
9.317595096454700521e-01
-1.169368700764919500e-01
8.993028221457168847e-01
-4.434398666678799339e-01
1.153066299608939971e-01
-7.669338361656261593e-01
3.262501220481178743e-01
-1.379469322864693148e-01
4.822677549386589213e-01
-2.801991062822717371e-01
3.972697705780450228e-01
5.133423657542839080e-02
1.138760522191677449e-01
6.976667230653750273e-01
-7.506908219625615941e-03
6.960928839496384191e-01
-3.968947202440549216e-01
3.959129744991440880e-02
8.831828385854589847e-01
-8.774901312181135893e-01
9.817361558127424281e-02
4.040662538371410095e-01
3.214693968222508413e-01
9.309441372218043576e-01
-7.076232515812538315e-01
-9.250474848958039065e-01
8.133200383511758336e-01
2.144534878332554628e-01
