-8.263989308136041601e-01
-3.759736182738770971e-01
8.344450396044702511e-01
-7.160729213713756813e-01
-5.136605937919106468e-01
-7.185558869208690247e-01
2.409469276471656596e-01
1.000000000000000000e+00
9.777250381456892292e-02
-9.485593131320836369e-01
-7.874004230050608566e-01
-1.201644111859629938e-01
-7.133869877668119752e-01
-2.955349105774505158e-01
-3.866513312558981230e-01
-6.433507906669539977e-01
7.399702964091940949e-01
-7.733401665401518077e-01
-5.496435303556777008e-01
-7.040499311899670598e-01
2.815756702463643180e-01
-2.195312134647038338e-01
7.162456505391245898e-01
-3.487245727243917237e-01
-9.498763094788820194e-01
-9.009912886999553727e-01
6.278306977291852053e-01
6.112490932265046695e-02
7.246401952792371759e-01
4.423557075582752462e-01
-6.644390593563576086e-01
-4.755925914720036118e-01
-7.745120244974190715e-01
5.568870705356390172e-01
-9.291241107578174230e-02
3.267632378399989435e-01
5.488620142503262134e-01
7.319040696593532846e-01
-4.350933972022917318e-01
-1.624451396769450717e-01
-3.028361533744616807e-01
5.793687140719523399e-01
-2.500458051196789988e-01
-4.821548290562736039e-01
4.693835322747382799e-01
7.986886491312519265e-01
8.588057975162185498e-01
8.683832423573043524e-01
8.293437705113193559e-02
4.229329248300859323e-01
6.626698119007672361e-01
9.780622547808346390e-01
5.286095230732208439e-01
2.104291320452045255e-02
5.053724425827659239e-01
5.648982956862178550e-01
6.467872714774471898e-01
-2.891048467881820461e-01
5.214532483609133351e-01
4.785342734295382483e-01
2.924029274432120573e-01
-1.545118620149854571e-01
7.431177027703950166e-01
-6.300943207582612171e-01
-9.176713144738906092e-01
-1.383116937844595107e-01
5.353690257760468363e-02
-7.763129951935094919e-01
-1.000000000000000000e+00
-9.492799805775038458e-01
-7.180189086275594601e-01
-2.710312035360522565e-01
-7.351231468455035056e-01
-8.750846258991700211e-01
2.422848684695066979e-02
-6.188851612624899357e-01
8.978374708731966525e-01
-1.764674503165135633e-01
8.566004564331974880e-01
-9.902182536057884121e-01
-9.538748454111196651e-01
8.293177279515513423e-01
-5.123147822514503291e-01
-4.558745359922977691e-01
1.011919661205551435e-01
-1.794901364030767610e-01
-5.179310102866745424e-01
6.192757721618269429e-01
-4.960798882250148090e-01
4.763970329025097872e-01
-8.968514243900205241e-01
7.935752576562005167e-02
5.259585456145066118e-01
-4.605282975657529754e-01
-4.196486568802946238e-01
5.736747606253089771e-02
-2.594984193671663331e-01
-5.528481110385181641e-01
-5.235601886780214542e-01
5.450406301366670370e-01
7.638111375045542051e-01
-3.770681752094524608e-01
4.125494890043870377e-01
8.527442127335027600e-02
-8.787774102330070392e-01
-2.110752922558896127e-01
8.793152297227571079e-01
2.318260282413115991e-01
3.210824862695691451e-01
1.629698008018188315e-01
9.481013784375775799e-01
-6.408548978995041168e-01
-4.260862632015882667e-02
9.414527474123899342e-01
-6.640296046373366234e-01
-7.544746071444405899e-01
-6.219651622055244466e-01
-4.951799132658953884e-01
6.246813743919926720e-02
-4.843019543681090777e-01
4.546524671886149616e-01
3.701080130640637122e-01
-1.786754890319197653e-01
-8.037607956752312877e-01
-1.171057673221627127e-01
-1.585297822720070915e-01
-8.958199191773918990e-01
1.847517576612047741e-01
1.625437121546058350e-01
-1.131789429215124265e-02
1.807357722454439042e-03
4.306353706497761391e-01
6.955233852087836510e-01
-4.958168896001198256e-01
7.288520793888382254e-01
3.414124749693621119e-01
-4.445514877062399783e-01
2.349154820296321111e-01
4.234450341386808425e-01
-9.775717316971748172e-01
7.888972035535743998e-01
3.472002398752387364e-01
-5.529100715379797748e-02
2.053807638522833212e-01
-6.344055641147334779e-01
1.344852294241298818e-01
-3.959649834591585371e-01
-5.738685551545330554e-01
1.371095373871302758e-01
5.015173690775307502e-01
5.403487937190236678e-01
-5.516647580763129888e-01
-5.442691480218670996e-01
9.176694285699671383e-02
-3.290026496812747947e-01
-1.000000000000000000e+00
5.156527955475320724e-01
-3.611001824555999384e-01
1.627512275618061555e-01
7.580066362650939027e-02
6.355411544281923675e-01
5.615020538180888199e-01
-8.932718423111496442e-01
4.298191940249083132e-01
-9.090968798147638363e-01
-5.925576208899374642e-02
-3.689373031207861253e-02
-4.112524776568700080e-01
2.260764048700716344e-01
3.411638442846516295e-01
8.420288120196040005e-01
-8.014226540629911799e-01
-5.429652173725290076e-01
3.404926487103399069e-02
5.366464909605790368e-01
9.651870007567875387e-01
-4.835858365383036706e-01
7.064497229400785727e-01
7.918306326570108133e-01
-5.917696943277150901e-02
2.829470665984630262e-01
-9.344772783957002726e-01
3.702886533591109863e-01
6.683318908387159141e-01
7.632688681274504283e-01
-1.568562992823169244e-01
-3.782335073231128941e-01
-9.694078262982517291e-01
-2.477678928360813604e-01
-1.769484402448822102e-01
-3.188318636169831244e-01
-3.434025436017116295e-01
2.150929181842409221e-02
3.265278461608172034e-01
-9.880257504581185790e-01
5.880102004643039670e-01
8.587417731713828939e-01
-9.682153446645052064e-01
-4.727855181053435274e-01
9.210790944982232276e-01
2.206818570157820236e-01
5.570896880299593956e-01
-4.857517957043597789e-01
2.606481898326258317e-01
7.407997573751212705e-02
-6.998713080181698798e-01
-5.344848621758699903e-01
-2.039826793068116595e-01
-6.534398950828068653e-01
8.352965088306956165e-01
4.002538716468377888e-01
-7.603128176689599727e-01
-1.992604951220322551e-01
3.466908498230709679e-01
9.894313216522772070e-01
-3.330593766642275799e-01
-6.415759657665325300e-01
-3.872813356518534089e-01
7.285235620002028512e-01
5.156116915902616560e-01
7.293074796741264576e-01
5.699344124108445264e-01
8.512471260548205576e-01
-3.058911941509397381e-01
-7.073509771463923901e-01
-3.164190424772093113e-01
-4.061400637486167753e-02
-6.446498260595513452e-01
5.266731322028019857e-01
-1.466552085949219819e-01
1.427282572503865143e-01
3.497234935367754538e-02
-4.366554697256179451e-02
6.225975449366037973e-01
-3.269229837852345444e-01
-5.605548527885733101e-01
-3.519945649650125796e-01
-8.759288413196337775e-01
-7.985987631689537292e-01
-2.031779946731329112e-01
-6.215007773273262259e-01
-7.785234434639789480e-01
3.820590521236323922e-01
3.910050703148650886e-01
5.917714395121294046e-01
-2.389229037673188394e-01
-1.411052944501012263e-02
9.904496059323684154e-01
2.989270308617182348e-01
-9.740137320813824218e-01
-3.856860339954987782e-01
7.299655755639611332e-01
7.001525785920897915e-01
9.328994184905716747e-01
-9.435499244073279890e-01
-4.772129045152630478e-01
-6.880085426157500628e-01
-1.603890713155409209e-01
-1.293925165152929324e-01
3.458201235593816314e-02
-9.197082627685704281e-01
-2.348803116901736487e-01
2.265962957996903171e-02
-6.073355909766675609e-01
2.734859768807886837e-01
