6.000000000000000888e-01
-1.000000000000000000e+00
3.622596935633451976e-01
-6.195206511401482041e-01
1.000000000000000000e+00
-9.238575157443031927e-01
1.000000000000000000e+00
-4.153733157220030892e-01
-9.949359669735773348e-01
2.786512474519439175e-01
-9.024608131844533698e-01
1.000000000000000000e+00
6.044767101663930386e-01
6.203423692901737230e-01
2.147191997418659293e-01
1.000000000000000000e+00
-1.000000000000000000e+00
3.896090395217804980e-02
-6.706158700541084983e-01
3.791375626355958373e-01
8.873872739702616252e-01
9.141190522689831566e-01
7.175247811145166188e-02
3.483931797901255178e-01
-6.551717697161325571e-01
-9.404921955837699521e-01
9.576878567993406532e-01
-1.569423685107738109e-01
3.360905488846880895e-01
-6.646637303249306461e-01
9.735201259716002031e-01
-8.314424798828587981e-01
5.928738984379315902e-01
-4.117523373554154986e-02
-1.000000000000000000e+00
3.652491487104903567e-01
-6.807574437948209489e-01
-6.387972365000352815e-01
7.222628436490801107e-01
1.458312008542664850e-01
5.995424165415732531e-01
3.146148776451038742e-01
-9.787702034559180309e-01
-3.920461288588487081e-01
2.361057267574288021e-01
1.302667748977543727e-01
6.172057529224843631e-01
7.940342018239643362e-01
1.000000000000000000e+00
-9.170383988973557221e-01
8.723870922089947966e-01
2.124804096112093421e-01
-3.410734345560495484e-01
-9.370744546829401500e-04
4.715227958598086078e-01
-1.000000000000000000e+00
4.966041908912908753e-01
-1.000000000000000000e+00
7.409513806094658595e-02
-6.601722856700629194e-01
9.002132611808572049e-01
-6.361091318292932950e-02
-1.000000000000000000e+00
-5.522800688767610655e-01
-1.000000000000000000e+00
-5.394424481727039256e-01
2.676516390691672242e-01
-1.447522855306657696e-01
5.280360083881863176e-02
8.695621195861669150e-02
9.042635516907125970e-01
1.000000000000000000e+00
-2.758431374997004706e-02
-1.000000000000000000e+00
1.000000000000000000e+00
5.225299855465228571e-01
8.375688403150024497e-01
9.605594045344654219e-01
6.000000000000000888e-01
-2.318576082583010400e-01
-5.418599347951199574e-01
7.163016834205482297e-01
1.000000000000000000e+00
-8.192058249024837258e-01
1.000000000000000000e+00
-7.389497930763938571e-01
1.587410511233435795e-01
7.513241975307963783e-01
-4.685623968562839803e-01
7.692727865135033927e-01
-9.587783793797276521e-01
-1.509359330509145725e-01
-6.699613251026117489e-01
1.000000000000000000e+00
-5.859021781150122177e-01
-1.370578656750800484e-01
1.000000000000000000e+00
9.023522829844140558e-01
-4.750686548518375796e-01
-1.000000000000000000e+00
1.000000000000000000e+00
-1.000000000000000000e+00
-1.000000000000000000e+00
-9.880326484830231903e-01
4.263249051703021930e-01
3.194736364577307475e-01
-4.663624218613817707e-01
5.296872646227506198e-01
-9.156382787251158284e-01
5.513786093965945545e-01
3.300959080237972909e-01
-4.924044564967973714e-01
-5.705789278287641819e-01
-1.126394779772321719e-01
-8.415422843410298448e-01
1.000000000000000000e+00
-4.063389446905815716e-01
-9.603855999804450372e-01
-7.152376918629550495e-01
-2.028563030930513877e-01
-9.188167216655771519e-01
-1.000000000000000000e+00
-1.275513903317537778e-01
-5.562394582163190382e-01
-1.000000000000000000e+00
-1.000000000000000000e+00
3.363953757568743930e-01
8.478654073213912623e-01
-1.726255917668090278e-01
-6.785393079300348074e-01
3.198535291053075102e-01
-7.033341037685386654e-01
-3.388575724702074243e-01
7.878278260078356299e-01
7.373437942615862495e-01
-4.657829017960897211e-01
1.000000000000000000e+00
9.539859629938951535e-01
-1.595320373292682392e-01
-1.000000000000000000e+00
7.072636911399592385e-01
-1.000000000000000000e+00
-1.378063761519316144e-01
7.304200145000719901e-01
-1.000000000000000000e+00
-8.054128432601617149e-01
-6.637527687169015866e-01
6.034309737996939038e-01
-1.799976779746015054e-01
-1.000000000000000000e+00
1.000000000000000000e+00
-9.964106554440370633e-01
1.266946486767170366e-01
-6.593965007791218191e-01
-4.676320958346946721e-01
4.455411873026643987e-01
-4.123132033555867437e-01
7.026647227247457828e-01
-4.604162409915197318e-01
1.000000000000000000e+00
-9.604996922818591631e-01
6.769405059218546183e-01
9.148036306733647871e-01
-2.546406299291424924e-01
1.000000000000000000e+00
-1.000000000000000000e+00
-4.473996101640069223e-01
-7.717769892954818856e-01
5.460197741465784294e-01
5.973735882960531374e-01
-2.755792813138502328e-02
1.000000000000000000e+00
1.000000000000000000e+00
-1.000000000000000000e+00
1.164554061390639106e-01
-2.338955242231455234e-01
1.000000000000000000e+00
6.071494289743093464e-01
-7.264472199870108948e-01
1.000000000000000000e+00
3.806443352058923590e-01
-6.813348015299880434e-02
1.000000000000000000e+00
2.072974694531913853e-01
5.840683426492043750e-01
-5.320273282562962835e-01
-6.317627728588890434e-01
8.832710127490167595e-01
9.396646913249113720e-01
-4.712089937346014556e-01
-6.344814702681226271e-01
8.805694907214492995e-01
-9.924345688639620855e-01
9.246609045356228851e-01
-6.583439938568581562e-01
1.361819050580537205e-01
8.743492630959296408e-01
-4.546629991385669478e-01
-1.000000000000000000e+00
1.328555259202539585e-01
2.038335559557066801e-01
1.000000000000000000e+00
9.522441336755629315e-01
-2.455209080251814502e-01
3.512381667245034200e-01
1.000000000000000000e+00
-5.642994570992143633e-01
8.078223304396577875e-01
5.445636094015079420e-01
-1.000000000000000000e+00
2.612700403103103142e-01
1.000000000000000000e+00
-1.000000000000000000e+00
-1.000000000000000000e+00
-7.133452621955397310e-01
-1.000000000000000000e+00
7.050823972502606729e-01
1.000000000000000000e+00
1.000000000000000000e+00
2.144875549900202572e-01
-1.276137520249592816e-01
1.000000000000000000e+00
2.518953269724386046e-01
3.532186146047787689e-01
-9.141110672286916206e-01
-4.881879957805894676e-01
1.613465864648702675e-01
-1.000000000000000000e+00
-8.863183894633250848e-01
-1.000000000000000000e+00
8.655911554767325988e-01
-8.286153081364584505e-01
-1.251939708508378324e-01
-8.726984037100342650e-01
5.498333583084860088e-01
4.580649587101595643e-01
3.621631601174797321e-01
-1.000000000000000000e+00
4.009226682915388862e-01
1.000000000000000000e+00
1.000000000000000000e+00
2.917191935981682666e-02
-5.404571432873649384e-01
5.433782217880058774e-01
6.401275692388886940e-01
-7.244286872554834833e-01
-6.221674097714597895e-01
2.784082074644957938e-01
1.000000000000000000e+00
-1.000000000000000000e+00
1.000000000000000000e+00
-3.438975629323026695e-01
1.000000000000000000e+00
1.000000000000000000e+00
-1.000000000000000000e+00
-7.975521953462818558e-01
1.966259718336661744e-01
8.506299983806651088e-01
1.000000000000000000e+00
-1.000000000000000000e+00
1.000000000000000000e+00
9.878883537958056404e-01
-1.000000000000000000e+00
9.047535852448194138e-01
-1.000000000000000000e+00
