8.829245319816125814e-02
-4.355423342651591478e-01
-1.727397635629680239e-01
-2.568248457393621648e-02
-2.681594601507726328e-01
-2.290704741768456731e-01
3.359553267216081052e-02
1.231126747979625763e-01
3.027603898164774390e-02
-7.007798433544187855e-02
1.805082643421429267e-01
1.392170171248594268e-01
1.895415650453841916e-01
-3.607126907568826146e-01
-5.376686478724790330e-02
-1.406317119989495823e-01
8.266096583031484757e-02
-1.120007730664813045e-01
-7.070236238028063669e-01
3.442637763344165158e-01
1.341876547361408045e-01
1.995043621347048490e-01
2.141915343974602481e-01
-2.337085005087406187e-01
-5.951337771466397308e-01
1.042989780335221439e-01
1.848547563548260664e-01
1.287624473617447751e-01
-2.632064730592617585e-01
9.906950663017462244e-02
1.031469751384869599e-01
2.598102745446867479e-01
-2.687843096229773909e-01
-2.750991805672403090e-01
-7.519452242403473763e-02
-1.248912502170134997e-01
-3.838713371876111696e-02
-4.184918086523326530e-01
-3.344190472836865852e-02
3.797469542801423792e-01
5.094858024083278453e-02
-3.525869957019536760e-01
-3.032216402970425717e-01
-2.631158348869080399e-01
1.832408567424176349e-01
2.186351176185741263e-01
-3.219895498806004119e-01
-5.236350129550436661e-01
5.373857989733974438e-01
-1.301989275845849836e-01
1.373253588891021892e-01
1.360228072998880544e-01
-7.721021061593996704e-02
2.905021743374750498e-01
2.464096652809329435e-01
3.647660971438962951e-01
-1.985918312869481839e-01
-1.845572357189241286e-01
-1.822855626029322440e-01
1.501305119004583966e-01
2.987683961246755948e-01
-7.657182093633158049e-02
5.878669928829250990e-01
-7.566198843470130220e-02
7.871680008583151200e-02
1.529461955246236571e-01
-1.508654083521169254e-01
1.779820228734425025e-01
-2.870450807367702639e-01
-3.968871737454712778e-01
-1.948686306295714377e-01
2.535434305750018935e-01
8.462284893287094767e-02
-4.362184375869063158e-03
2.755233070002000573e-01
-1.013741761337191294e-01
4.269416486557635060e-01
4.786792542860348471e-02
-1.151119185319268157e-01
-5.097933368864299153e-03
2.189898300893511063e-01
2.999957361533401312e-01
7.021657343869830425e-02
-3.441914578858261686e-01
2.110621461422864942e-01
3.844154619261064276e-02
2.634453318499924146e-02
3.648546255806339733e-01
3.305383142237037775e-01
-1.958204810284641384e-01
4.691287532264431515e-01
-1.614185494912331875e-02
1.187166872738923407e-02
1.361300753775434580e-01
-2.114622521581913106e-02
-3.018560600343193068e-01
-9.691681630475196263e-02
8.783614544509106559e-02
-1.643397618615504152e-01
-2.294310037971270533e-01
-4.886454865409395887e-01
-8.890053966411215480e-02
1.384064365714520739e-01
-1.205214187234667222e-01
9.599196522931147113e-02
2.584891469860818303e-01
-9.812771774066358921e-02
-1.813808870255639860e-02
-6.916723175518543765e-03
-3.050667818857626390e-01
-1.269832203356004441e-01
-2.712367379201631734e-01
-5.255435206990530794e-01
5.485556880057557150e-01
1.571501992982080043e-02
-1.815194052349791698e-02
-2.898442325596417568e-01
8.653786667947223343e-02
1.923083456921081402e-01
3.311308452643893507e-02
-2.657607242688305726e-01
-4.231497254334209285e-02
-5.689264581644869478e-01
3.021211138432722265e-01
2.947493363227078333e-01
-1.817357256295342172e-01
-1.729065236730751298e-01
-2.042128373337116776e-01
-5.739151267116936461e-01
1.051678514377374085e-01
3.236436836670613659e-01
4.355757815057420546e-02
2.755975792758290632e-01
1.143124693824188742e-01
-1.352920935511897071e-01
-7.638211241535219909e-02
-1.838100544594564734e-01
2.043912791386948147e-02
-1.740708495395631161e-01
7.570241064217103633e-02
2.285770436607955647e-01
-1.426732866040704428e-01
2.645340880573668896e-01
2.549299870600313378e-02
3.558360332914042856e-02
-1.648837972126399043e-02
6.996046945469777678e-02
-1.908551013962486165e-01
4.527460680251716996e-01
3.184973964882897857e-01
2.245348374409931458e-01
-3.330422017928771350e-01
-7.270811441319442736e-02
2.148359635658003142e-01
7.034841774066510900e-02
-2.067837459573368952e-01
-1.372356953718814609e-02
-1.748559783119970346e-01
-6.173932886670432940e-02
-3.840668252680227712e-01
1.866605892394354038e-01
1.235812960828647222e-01
-2.162145385063578007e-01
3.617220416254639248e-02
-1.316859666675514462e-01
2.333827875124084295e-01
5.779203736045753770e-01
1.335658761480884582e-02
9.559826410240807038e-03
-3.022237481906771550e-01
1.657419622003269977e-02
1.012455039057298667e-01
3.431536078698473047e-02
-2.089696191058303121e-01
9.144739706045101890e-02
3.001200690743887622e-01
4.207339067468577332e-01
1.041168635987865382e-01
-4.888424338640949829e-01
4.837168562499025160e-02
-4.832002469487352292e-02
1.232221828909664113e-01
-1.289205406162525214e-01
1.339539759421507770e-01
1.181179408411673348e-01
3.923330668065292959e-01
2.401300924165977180e-01
-1.013307838399464256e-01
2.371761150291661624e-01
-3.870781705570624509e-01
-9.017676095969925920e-02
1.064796539490759641e-01
-3.381119290167809988e-01
4.097064672469081237e-01
-2.798518558212026441e-01
3.363307908621623321e-01
3.672184839295610237e-01
-1.083127581894683666e-01
4.036988457070597724e-02
1.240694843948813575e-01
-3.365088543349107897e-01
3.444435300899946761e-01
3.187920925817479545e-01
-4.217027075455779261e-01
-1.178954983730447770e-01
-1.860756746850251164e-01
-3.194733994779626607e-01
2.870800655479454136e-02
-4.805094609135580064e-01
-9.814896213793491975e-02
2.990527546773322221e-01
-4.557810708026572427e-02
1.849486423189891371e-01
5.207354612768327895e-02
1.417381285553076520e-02
-3.609146717550669736e-01
3.164300537540324365e-01
-1.892095153628577942e-01
1.758394281657363334e-02
-3.385038665699743876e-01
-2.164918640174985920e-01
-4.606136820424427403e-01
1.217861381163163059e-01
-1.897324310074739173e-01
-3.559699461309226987e-01
2.740317025869263290e-01
2.495225585843679483e-01
-2.052922556765497120e-01
-3.315262444310151935e-02
-1.554250474315188590e-01
-3.420114568092673668e-01
-2.422832016060936788e-01
1.101442962866831798e-02
4.209960147335540387e-02
1.919612782823039987e-01
8.165052401315574249e-02
1.194413857229907894e-01
2.023766002589202084e-01
4.578182603450281496e-01
1.831163668490973229e-01
-3.477332361559705709e-01
4.697045437169616866e-03
-7.097137675678356905e-02
-1.026158223740122888e-01
-1.747278201641027651e-01
3.040472693353504785e-02
2.438583021511804005e-01
1.287915815772650019e-01
-1.481897960440011763e-01
-7.168606337086390334e-02
1.902232382812691358e-01
1.145431932966118060e-01
1.364944372235927517e-01
7.967644365927673000e-03
-2.683456252967863498e-01
-5.384023986913975129e-02
1.168644467588602354e-01
-2.343431725762294138e-01
3.026263962193999346e-02
-1.512735050317912944e-01
4.827071950230871766e-01
1.329541133764144123e-01
-2.746022894742732312e-01
3.971594769251385326e-02
-2.731712099156616280e-01
