2.827259153916429346e-01
-7.630604207437041708e-02
-8.677035569699420928e-03
5.235054981329779755e-01
-2.984078751467371116e-01
-4.251749140342022115e-01
-5.329417641109059911e-01
1.044291986469310374e-02
2.591426538732768958e-01
-5.065606971106509926e-01
4.401590655112582740e-01
-2.619837856097436135e-01
-1.673544233276837156e-01
-3.794141643108153161e-01
-9.785999543239556342e-01
5.428732903111687103e-01
7.353392409032237786e-01
-1.203517315943962440e-01
-1.691272282982785313e-01
-2.301704984745172600e-01
6.614347501886052028e-01
-1.782939984282180257e-01
5.665161433080823095e-02
-1.791295257940294650e-01
-5.330674661219895194e-01
-3.856350839412938658e-01
1.083906646084725200e-01
5.882773794493188768e-02
5.335901630778835392e-01
8.795301057254509280e-02
3.642341502701331724e-01
-1.175703147205853227e-01
2.520470965525584695e-01
-3.687823218635164491e-01
-6.272660027761032264e-01
-1.533598032639856557e-01
-1.945888387361780769e-01
4.002791316636060692e-01
2.061276415227820125e-01
2.778626320680445128e-01
2.014955947177144990e-01
4.273575665142114177e-01
2.049653827495256375e-01
3.443648544330191186e-01
1.037652949854280526e-01
-6.419968529402708679e-02
-8.806579708977595178e-02
6.786307284372691262e-01
-4.843845514588216994e-01
-1.452033112274115911e-01
-9.349708418405523469e-01
5.777279677433246885e-01
-9.431337269330021256e-01
4.700194755796576196e-01
6.657728368255450002e-02
8.400942216015474528e-01
-1.031644649266995895e-01
-9.201778798971482765e-01
-7.406561838569274414e-01
-2.027083117333886852e-01
-1.224296385643390689e-01
3.537595951065329869e-01
5.812486387164116364e-01
-2.185140041998281379e-01
-2.642657320526852760e-01
7.857252018449140119e-02
-4.433891265755884881e-03
-5.327665577166829092e-01
-3.441248696478002578e-01
4.098183064845467016e-01
-8.265879972020540034e-01
2.303921592694193610e-01
6.378115116894867986e-01
-5.876225783549676729e-01
-2.599865328065579240e-01
2.901624399210138705e-01
-6.139769704670385853e-01
-6.668622659033575095e-01
7.204741679401591714e-01
6.080414861188784270e-01
2.248149624640765620e-01
1.172163642288671093e-01
1.783402418519592914e-01
9.528855702390343074e-02
-6.539135002816854891e-01
7.910105707400794106e-01
1.331661889317194980e-01
1.518384578569476617e-01
1.423695076965999506e-01
8.994550417585273072e-01
-1.826595765145841432e-01
1.883697465392561998e-01
-5.094545736535385227e-01
-3.674997271216813299e-01
-1.594090333364186207e-01
-9.734245665039693574e-01
4.937185709375427889e-01
5.323107297142555261e-01
1.465631220707798443e-02
-1.593341862159262101e-01
-1.326478563445367687e-01
-4.372368024898457550e-01
-3.162131103563891044e-01
-7.998822340160857691e-02
-4.618890504203801983e-01
3.041842958777849493e-01
1.459957530367073097e-01
9.835628462578237530e-01
-5.267080560134973499e-01
1.492784395382731333e-01
2.139909461301910121e-01
-4.581192864795866626e-01
-5.149640564286912525e-01
-2.027688191818735330e-01
7.089397151875627412e-02
-2.843655960356445966e-01
-4.384607517935213972e-01
9.944813263093932321e-02
-6.024164392527338041e-01
7.268270863290711148e-01
-9.229776849496514890e-01
-3.883881179265635808e-03
-5.181138482595765149e-02
2.590268775233028897e-02
-3.545169349403534120e-01
-2.575024453572284933e-01
7.371418304583372549e-01
6.059192991770734338e-01
-3.011356509347231647e-01
5.800710583011445820e-01
-2.566142268615619892e-01
-4.670053929762221223e-01
4.303230293618517388e-01
3.087432133700053205e-01
1.047104538257211115e-01
7.228079068392090356e-01
5.107267215383688441e-01
7.000723675781720390e-01
3.747094407744571143e-01
3.598711641047357412e-01
-2.017329019083098918e-01
-1.619743889415854454e-01
1.569776075765701995e-01
4.663112550195058770e-01
4.021126157149351732e-01
-5.098976079045016707e-01
-5.565311041727273311e-01
1.198944917131230525e-01
3.489489368916773304e-01
-7.925580094717128432e-01
-1.518458292253732078e-01
1.182570683757704078e-01
-1.000000000000000000e+00
-7.102016559903791271e-02
-3.210765767564350837e-01
5.061836538613242453e-01
-1.743610033415202154e-02
5.877214531183715396e-01
2.882185471532726639e-01
1.228734394653971385e-01
-6.041011089254610944e-01
7.681086836349582114e-01
-2.697494549778974848e-01
4.461801232579843401e-01
1.163320670465057827e-01
-2.160747260815417403e-01
-9.238405027268821179e-01
-5.711148399889606764e-02
1.078550607585962162e-01
8.680254378081222466e-01
-1.050126403566650213e-01
-7.942443781756134413e-01
5.134330058420104592e-01
-1.297583618195488619e-01
9.890345039127078630e-01
-1.331553526085022532e-01
-1.209660172131024614e-02
2.724414631363879513e-01
-4.839381037964204935e-02
3.398039207523692040e-01
-4.474456677410904581e-01
-1.561840514758772169e-02
-6.207813526589835984e-01
-1.090576137892954045e-01
-4.998424967275377773e-02
7.691191264901474645e-01
8.625895365143779192e-02
-1.693631764164473807e-01
1.895222206703321421e-01
7.330015696776172041e-01
-5.055805143647342792e-01
3.306414632392801201e-01
-1.084097823067814437e-02
-3.705791607894367568e-01
-4.483380766984869092e-01
-2.913009205502836707e-02
-6.683419699977044548e-03
-8.387294707325583243e-01
3.010278642672515881e-01
-1.583208186447199184e-01
-5.673534026993753976e-01
9.351353867234452055e-02
6.280505285816079253e-01
-2.988401179260095075e-01
-1.992314198887406296e-01
-4.582306121959192069e-01
3.991992822388500950e-01
9.790348637135430909e-01
-1.015558876852751258e-01
-7.771451361894195220e-02
1.317936418406541743e-01
8.285083724953612450e-02
3.140436430233786158e-01
9.788019887189027823e-01
8.721971103282577520e-01
-1.980283005729271684e-01
8.827881202680057382e-02
-1.816104193030285696e-01
8.432722258771371271e-01
-1.000000000000000000e+00
-5.938520671129796646e-01
-5.267079650383665879e-01
8.399520635980450844e-01
-3.317314735814057558e-01
-1.319745225415761836e-01
5.022113649503989752e-01
1.532128974942437161e-02
6.544699349569627067e-02
-2.121555706559418164e-01
-8.352233065771701437e-01
-2.782347348884801064e-01
-4.860329020684523993e-01
7.415566129403540208e-01
5.425195922375943836e-01
2.969738200358859048e-01
-2.835125646048483050e-01
3.858651935614696438e-01
-5.296937778905812522e-01
5.546985917397315724e-01
-3.563247101477173273e-01
4.519148551413886272e-01
2.213102734313077691e-01
1.751009500916220207e-01
1.183945842598448650e-01
-4.792950315914853293e-02
-7.476168234434258375e-01
-7.588122701191851727e-02
-6.180111679882731301e-02
-8.771930863523254018e-01
-2.905493095878178833e-01
-6.572847139648818615e-01
-6.546756056419611447e-02
7.238032261851035098e-01
3.093530782680470326e-01
-8.743763682994379338e-02
2.716741675249529919e-01
-8.262426305613560507e-01
-1.788370455776850942e-01
-4.722004538479347424e-01
-6.752046205081430053e-01
-4.723174690445753887e-01
4.544012616335462162e-01
7.550912990583306117e-01
3.211944948821452983e-01
2.631827320366486589e-03
