-8.901927032744132440e-01
9.010089355491006646e-01
2.082026824334787529e-01
4.926752809653053844e-01
-9.427562897626370342e-01
-7.207825921392652102e-01
-2.838084573724774518e-01
-6.841945233995052611e-01
1.466021154234650181e-01
8.558917079644178250e-01
9.987730642303905837e-01
6.360053041244707606e-01
-9.460572211099407824e-02
-9.993270320648678373e-01
1.135594237251534022e-01
-6.712146097586652038e-01
1.000000000000000000e+00
1.337559963436220078e-01
5.298910766326992983e-01
-1.952785406881067387e-01
-5.989273685098897015e-01
5.473177510764219988e-01
-6.808598632631575054e-01
8.283954949906155996e-01
4.605640243776008003e-01
6.728715092666648356e-01
-5.673249476425189508e-01
-3.101092029164270181e-01
-7.270041901299434395e-02
-8.032291909925560747e-01
-8.112066411500116203e-01
4.811572150188776487e-01
-7.733057053115433011e-02
3.800099945261599665e-01
9.552249572805743272e-01
6.217469726893469772e-01
-3.560249724674436900e-01
5.578755478393885303e-01
-8.522388494970936090e-01
2.760104127473845398e-02
-2.782989858096471814e-01
-9.732808593080074511e-01
-3.902481484055975725e-01
-4.100692736237416258e-01
-1.258059746136527268e-01
9.586157164042884427e-01
-9.941399940276299807e-01
3.398148449411195204e-01
8.349408290534614530e-01
-8.633264548322390208e-01
-9.881282928198205084e-01
7.163810284612063262e-01
9.221623312821638496e-01
-1.000000000000000000e+00
-9.997333729207953379e-01
1.232552423817249998e-01
9.968118973500270652e-01
8.392731192087695691e-01
5.040256054805392072e-01
-2.553372433650671902e-01
9.639370238226249166e-01
-9.986859060156452195e-01
3.127210264935473827e-01
-5.279284956493118797e-01
9.969120894158551849e-01
-9.818481232076401444e-01
6.063991419183232257e-01
-8.646195222554897697e-01
5.227449038186607888e-01
-5.473424646398162841e-01
9.607061205782541080e-01
6.297855040055110321e-01
9.752218704885805556e-01
-9.994400787512132123e-01
-6.604497922637302398e-01
6.462049628787546185e-01
5.578375588448054589e-01
2.725144602731500720e-01
3.103502050143152058e-01
1.000000000000000000e+00
-8.550208297661388013e-01
-3.393585092938243841e-01
-6.933222001983908589e-01
-7.512001015296689843e-01
-9.785802578630609094e-01
-5.782920736038257292e-01
9.944942419531898059e-01
-7.266210451362505873e-01
-5.055472513705718818e-01
9.915137516195361433e-01
-1.065549652365610361e-01
-1.307289197733296771e-01
-1.000000000000000000e+00
-2.504110534345331818e-01
-2.974916520343370840e-01
-8.906653034844944639e-01
-8.933337295833279068e-01
-6.528871732841324826e-01
-3.206747113457723564e-01
4.409978731290906673e-01
-9.860759209016890514e-01
8.325431330542669706e-01
-4.739225596787979833e-01
-9.976575090978192506e-01
-9.041774483215105906e-01
-9.905957322863261361e-01
9.482287515750649209e-01
-1.000000000000000000e+00
6.221233651338234916e-01
-9.993269004089029295e-01
9.229484279471381614e-01
2.822711573677105790e-02
7.078723205118546691e-01
-1.432344395081310562e-01
-8.691042476450105969e-01
5.069908435870589258e-01
8.725984871492848960e-01
-1.457365850451564637e-01
-8.187436753186579930e-01
-6.102713330361255739e-01
-9.128973052832699553e-01
1.093078320206091192e-01
-9.940458614408685944e-01
-3.832642695792093379e-01
9.571905970537998298e-01
3.537809516463718551e-01
6.250729291578616120e-01
-9.517119794269429667e-01
5.188385039897888129e-01
-7.715062771309023626e-01
-9.881488316222690749e-01
-9.008413683685757567e-01
9.922664216404333271e-01
-9.928765417347963362e-01
-9.996954402158719777e-01
-5.907341750370803668e-01
9.719509136824294737e-01
9.997270485779370386e-01
9.036378333938823726e-01
-8.653362748629119805e-01
-4.689914107164439017e-01
8.668314804513374550e-02
4.426753159349560152e-01
-8.998911322776816935e-01
-9.842857313612822789e-01
-7.144374336958753124e-01
-9.377412955203287548e-02
3.514418059173015640e-01
-9.498784008395299017e-01
7.823318075144082562e-02
-8.696397424560824430e-01
9.978375015734614051e-01
-7.892217566365990200e-02
-9.862246348565876231e-01
1.954024708423925949e-01
6.642773290535983755e-01
6.944120222349867699e-01
9.816854676749883213e-01
9.181288743691320420e-01
-9.759579491711823929e-01
9.635219128129520749e-01
6.945086917229202905e-01
-6.550746971572080080e-01
-7.447883116136357895e-01
-4.015498722757790406e-01
-6.075805532050484459e-01
-2.858996052097934060e-01
-7.879296057391157460e-01
9.104486069998097841e-01
-6.747078006847745391e-01
-8.716758149774141984e-01
-2.758996577102866901e-02
-5.714014283879265133e-01
-9.977505791157939008e-01
-6.321943437137608202e-01
5.939048111788109985e-01
-9.015512253871427184e-01
-9.742749496531480924e-01
8.776093140126162151e-01
3.494271531306418210e-01
-9.998996334190441981e-01
-2.906418328630277700e-02
-9.518230181122319111e-01
1.000000000000000000e+00
-9.715226856583182302e-01
7.350754020298549962e-02
-5.278401432331015775e-01
-4.566856943007785996e-01
-7.066302987308263894e-01
-2.187281138697544924e-01
-4.949039826024290711e-01
-7.624275954604502470e-01
6.928494109842688875e-01
-9.999157172811946603e-01
7.289828562194172745e-02
-8.483266778488248727e-01
3.716254419710062762e-01
-1.000000000000000000e+00
1.956985704112550184e-01
-9.999206286572881464e-01
-9.061973738110572496e-01
-9.445301076783726435e-01
5.200939101806101306e-01
5.650278026188659819e-01
-1.000000000000000000e+00
9.041936826141394601e-01
9.000550866028165231e-01
-4.976626896640577724e-02
-9.832455900790630920e-01
9.437813108316378541e-01
5.317605931927035234e-01
-1.000000000000000000e+00
6.864413503778689085e-01
8.882543592211182837e-01
9.832535015284258328e-01
9.996941539740572535e-01
-9.319893644701978674e-01
5.801590098061963907e-01
-1.246623807959191671e-01
6.825475461208813099e-01
9.739983190406098501e-01
7.820950294892408117e-01
1.492399057161631348e-01
7.914041757947785083e-01
9.995338190318202587e-01
-3.153207475441266450e-02
-9.996443003679560402e-01
7.784129166722428828e-01
7.759818584364521765e-01
5.733985917060756554e-01
-5.729006271629157876e-01
-9.996084274752891075e-01
5.287266674388342302e-01
6.470508564454098277e-01
3.058847473748119716e-01
-9.716038202521800615e-01
4.170771268789447705e-01
6.593475796767374053e-01
6.514642313785381500e-01
-4.091607615374582840e-01
-8.999068230609882368e-01
9.206065843553391526e-01
1.308342432894909202e-01
-9.865640704587427257e-01
7.400218128360582792e-01
-9.114480549763313011e-01
-2.859912101460624911e-01
2.315692159095304181e-01
1.803467116492243061e-01
-3.646331871659768686e-01
5.080520196306439473e-01
1.210021132864656235e-01
-7.122476997674802128e-03
9.073670513507121616e-01
-6.301151659251948978e-01
-9.357506756611235765e-01
9.501083061221976545e-01
2.235865207154548173e-01
7.792512720309863195e-01
-5.594091140508853366e-01
5.219807739404304370e-02
-9.668018324012548348e-01
-9.798414732105570346e-01
3.030986007395528037e-01
8.649756066624196826e-01
