-3.239637988181972017e-01
-9.236128016112871153e-02
1.639916267912902847e-01
4.775418557219004434e-01
3.283498589133587164e-01
3.220038151243365676e-01
-2.152858638300582661e-01
-3.841788281631640656e-01
1.684335863266020472e-01
-1.786243065273410147e-01
1.855834964440148671e-01
-5.782949129087654461e-01
-1.930236972767753606e-02
-1.906325879321119077e-01
-1.265881689540070132e-02
-3.266211400913249241e-01
2.039944541937621925e-01
2.004025356378504319e-01
-1.467116272518604880e-01
9.356544242667361178e-02
-2.544896846580880778e-01
1.731751153850341063e-01
1.694567899144319711e-02
-4.830885566325680835e-02
-1.259977100308260212e-01
-1.171074391205654125e-01
-2.660484524653317778e-02
2.687415924798661759e-01
-2.521945817878946949e-02
1.556611798425823201e-01
-3.174793784006919861e-02
-2.025144536974159692e-01
1.803302148289610551e-01
2.174005808626702785e-01
-1.139922948289509574e-01
2.189119118773728556e-01
-9.586341343037828311e-02
7.624446673498806726e-02
8.735225658332107512e-02
1.284077052491965354e-01
-7.553086195802986846e-02
-5.028275102253645240e-03
-8.055176658591396699e-02
3.421960971535647489e-01
8.738449077085698458e-02
-4.604040271568181630e-01
-1.460291506980649912e-01
-1.863418932278470275e-01
-1.824776594769494248e-02
-5.410739195032688437e-02
-4.236077784355343767e-02
-1.604249814148972497e-02
1.601114560884832894e-01
7.370823123228623097e-02
7.948655822680552596e-01
-1.125649198910612936e-01
1.685515605861216126e-01
-6.989870767844660882e-02
6.878645357687282469e-02
-1.933519647194694158e-01
4.253163030898384628e-02
-2.519350061831768066e-04
-2.080632164336411183e-01
-1.714858661173951360e-01
-2.123249435931917062e-01
-2.739995455519990131e-01
1.021795295812181203e-01
2.337677023395092757e-01
6.471241252107147457e-02
-9.041295723491529768e-02
-2.488150033039580877e-01
-1.514488359965579789e-01
-4.421486037816717007e-01
-1.425216686657480858e-03
-1.492512207030358140e-01
5.040632484775225963e-02
2.551930258851465294e-01
-2.616317923602386464e-01
-6.010683006448531290e-02
-3.898911583368260825e-01
3.051451905515168220e-02
5.953227413386054379e-02
3.389885418490913294e-01
2.409203899126190485e-01
-6.277864726756510194e-02
-1.548263588815542990e-01
1.918490061827874960e-01
-1.262543039469918027e-01
4.390935258283563680e-01
6.916808873637174393e-02
-1.162802531051398552e-01
-5.033800030090421207e-03
-2.878479715014438389e-02
9.894615514147017676e-02
-1.006037404351985826e-01
1.347002248553547110e-02
-3.120574212902278988e-01
-1.441652246368997359e-01
-1.240643510569757191e-01
-2.722659045652409682e-01
2.455989272631146636e-01
4.195443271088353243e-02
-1.115277753923491072e-01
7.935990115809757328e-02
-5.168955436449086671e-02
-1.356842286066976544e-01
-4.911446775399580522e-02
-8.859949894044477636e-02
8.063744710418775663e-02
5.754699550415309783e-02
-4.956236099668313577e-01
-8.564309079293466742e-02
1.247355192710854210e-01
5.658567688275589758e-02
-3.705601031851371574e-02
-2.188068757677959220e-02
-1.815964389190234118e-01
4.255719313637292001e-02
-1.404557006030612842e-02
6.339062540701610737e-02
3.942246473415361718e-02
7.991937404974225334e-02
-1.005903968638296314e-02
-3.230519933476713734e-02
2.643330240589921165e-01
-8.835799215061285183e-02
-2.043044287033029816e-01
-3.682182828106700390e-02
1.344940224706341059e-01
9.447901859249485668e-02
-8.772956015554118914e-02
2.678842443502078008e-01
-2.258043922788379732e-01
1.844430411790445590e-01
3.654951781080456596e-01
4.704745854125344517e-01
-3.658233829319393338e-02
-1.043471470750476082e-01
7.546440476156721089e-02
3.890938648052409410e-01
-1.620471529606368200e-01
-1.934996724105050303e-01
2.445338618145109777e-03
1.203408788869922419e-01
1.594677753676407295e-02
-2.724465234912389067e-02
7.058439711935979299e-02
1.811683305572181768e-01
-5.191718592896027440e-01
2.336012290300550354e-01
1.805399935302380576e-01
-1.398040452746962814e-01
-3.955501038333659736e-01
2.357230134888045336e-01
-8.458411466274982915e-02
-2.521764709808053118e-01
-5.215145280585303800e-02
9.467330379132446461e-02
-1.594129480661978238e-01
-2.665750963977840393e-01
-2.713195856448380461e-02
1.335590473285810931e-01
-2.025811613622377771e-01
1.898779450473421782e-01
-1.815941839460133711e-01
-1.121048091659762602e-01
-1.073291550575669884e-01
1.060145778977006348e-03
-1.213171141585385748e-01
-3.719143141559162757e-02
1.225470518836254130e-01
-2.544712058479269290e-01
1.753157973031950201e-01
-2.943345527242139381e-01
-3.161288171764370381e-02
-6.685202023697806029e-02
-3.029139633154002142e-01
1.664807775973402848e-01
-3.668597130717282107e-01
-2.272762399031314773e-01
-8.721166562056031912e-02
-2.103299334223140971e-01
-1.278907076539586019e-01
2.431057909537507333e-01
-9.072224564477006370e-02
-2.875998888547450782e-01
-5.520859761847899533e-02
1.851161198656777196e-01
1.505956040368056081e-01
2.481616417484050485e-01
6.498835834402728884e-02
-5.764076330081246979e-03
3.879656456647551793e-02
8.824511466413234584e-02
2.321371908958839991e-02
-3.189016601072731660e-01
1.067946853857688894e-01
2.616184733816243058e-02
-4.698633081468922557e-03
1.627746321326342116e-01
1.845431184489159382e-01
-3.526040472594123565e-01
-2.357642107545715460e-01
-1.609658842730290196e-01
-1.084122222025726417e-01
-4.902693598348534243e-02
2.400328001412746493e-01
-3.278575936414838132e-01
-1.817948237901830522e-01
-2.590942962532431504e-01
-1.344631882759358965e-02
-1.885936071798116898e-01
1.779757632663368228e-01
8.149681922600281181e-02
-7.196203949558531709e-01
-2.734160983392583399e-02
-1.101432133696597371e-01
1.845002183785819094e-01
5.639957485063641640e-02
2.066875669221690248e-01
7.431092643844475210e-02
-1.345732891099907236e-01
2.200487574578633698e-01
-3.725379477855122468e-01
-2.838329301239442826e-01
9.135338705956642935e-02
-9.627919833110439030e-02
-8.326911350961602176e-02
1.476231073204502808e-01
-1.570025392038582879e-01
-1.940493420491496146e-01
-6.452451222929805885e-02
5.061182640443272485e-01
-2.163513580096292077e-02
-2.651570169236580066e-01
-2.858975304941431261e-01
4.245594020045299066e-01
-1.782155077633345019e-01
3.488272578587743311e-01
-2.494820644345951688e-01
7.820696570255311619e-02
1.302906016533605937e-01
7.824614755673131583e-02
-3.426500041741878944e-01
-7.787589583933109127e-02
1.662831206579374332e-01
2.140126422373584969e-01
-3.289725531996732233e-01
-1.147216910291075365e-02
-3.794823334689110261e-01
7.313122571479777068e-02
2.182094603150543100e-01
-1.009475721039501117e-01
2.141311953068334717e-01
7.115219438294187460e-02
4.375766336563989833e-01
1.058828714317598119e-01
-5.807787564974593586e-01
-4.798051992174272307e-02
-1.376980463357626305e-01
-1.231790441729067181e-01
-7.973520312987410208e-02
1.377479955237133347e-01
1.576141991712831647e-01
-2.888769777626382096e-01
