7.090828367733657822e-02
-2.137469687973957977e-01
3.434380278577445766e-01
-6.156419868061391298e-02
-9.824775860116941040e-01
-2.649569936479614918e-01
7.988763778630765255e-01
9.279235943559833721e-01
-8.776092164119391192e-01
9.094429502017987721e-01
-9.945291212241225143e-01
5.758202802635288275e-01
9.380890866166006203e-01
2.219707028303559149e-01
9.953566672427210937e-01
5.675750474972081072e-01
-5.774303094064812125e-01
2.765135676649313479e-01
-9.692658359952428526e-01
9.996637824988305887e-01
-3.605338360786005114e-01
-8.941883710692735132e-01
6.995594202803931960e-01
-9.649932529915293822e-01
1.281632540654260577e-01
-4.400489239103903827e-02
-8.236184101608483576e-01
4.436217110055473700e-01
-8.327006395245992731e-01
-9.295636355323452227e-01
-7.764404873851713518e-01
6.954669028547811882e-01
5.839746654088979749e-01
-1.595891911428096721e-01
-8.151148307022997308e-01
-8.675428839231401623e-01
6.455133215370686406e-01
-3.952456146397942960e-01
-5.084935363454581303e-01
-4.964057296876812075e-01
-8.186017216999283974e-01
6.832372640326538349e-01
-9.957964185431767978e-01
6.632488217006634601e-01
-9.823039592398193909e-01
4.998997058560462614e-01
-6.122259094992694717e-01
-1.542115689171996984e-01
-1.249427542893361172e-02
-9.988089554255397129e-01
-6.794890220457475705e-01
-8.418061700722893059e-01
3.984423497489156252e-01
-8.941077980899411193e-01
-7.113650635405655009e-02
-9.509763096322944032e-01
8.590397186182249234e-01
-7.036331669304001224e-01
1.374106662635033171e-01
-9.998618615610093130e-01
-7.503735529555444206e-01
-7.626756136437470301e-01
9.267118949459778321e-01
7.721258034035254347e-01
-1.722966951547491021e-01
6.350165065417977539e-01
9.643294928780099529e-01
4.864890438713392884e-02
3.686146277124886517e-01
-5.801114908022593220e-01
-9.000563196235268348e-01
-7.915567878241237532e-01
9.907707112536534577e-01
-4.066984186309437477e-01
3.341915714808613852e-02
8.530699075919178087e-01
-2.021195031023941269e-01
-8.374348938952878019e-01
-9.944098731063035768e-01
-2.933875356123084033e-01
2.342990131386265551e-01
6.280893917481332744e-01
9.594491006232799268e-01
-8.104009201842209409e-01
5.211567563342803799e-01
9.855676120042192734e-01
9.672612182056974373e-01
8.245813812674652743e-01
9.950705748603215772e-01
9.343530926246241819e-01
-9.858744369945242614e-01
4.202626254795016614e-01
2.170290172716646260e-02
-9.861278298065890846e-01
-4.739380713682386226e-01
7.188112869241863878e-01
9.851404128671908955e-01
-8.723899513051259769e-01
9.225706275854993477e-01
-3.477977502848034752e-01
-8.388230166969848911e-01
1.000000000000000000e+00
-6.360472265618589693e-01
-8.971050032602299051e-01
-9.956489928550749102e-01
-7.282740573067502110e-01
4.229773465337214877e-01
9.846512611864371989e-01
9.431678366968537786e-01
-6.117650311997204771e-01
4.591080136292973735e-01
-9.351973312284412865e-01
-7.170128524321921493e-01
-2.334402456294626671e-01
-3.075988335008404684e-02
-5.444807560450832806e-01
3.305259735378284214e-01
1.231596048966994428e-01
8.848283925819688811e-01
6.603636264390576605e-01
8.240612734586938437e-01
9.538617303361645039e-01
-7.684137419805047164e-01
-9.457708099591535245e-01
1.450569217997574045e-01
2.017646091454845803e-01
6.425854145218486968e-01
-2.900684661701610767e-01
6.633950240989575642e-01
-1.000000000000000000e+00
-5.870922197956036648e-01
-5.437270844258387248e-01
-9.885292457194891913e-01
-7.630402108902062386e-01
-1.000000000000000000e+00
-3.671468299269482483e-01
4.770378687280684704e-01
-3.074245247082399990e-01
9.273170456393038386e-01
8.752240371062155466e-01
2.666110234224400855e-01
-8.560344533939843181e-01
-9.769415438286092046e-01
-1.804529904508052895e-01
8.015198353413055532e-01
-5.667622666678274745e-01
3.013762264892803633e-01
3.306005812399422927e-01
1.212620523523012944e-01
-7.691689184901036036e-01
5.203757632267557165e-01
5.132590603273996521e-01
-1.786755822636594548e-01
2.202909767012376785e-01
-4.402537127590477328e-01
4.525545649228419898e-02
-7.627233713944309157e-01
-2.683097274795139819e-01
9.698186027143014254e-01
-6.249767283246404626e-01
7.367827892126822542e-01
-9.927004212442741560e-01
3.613176117330571535e-01
-7.154190286791538567e-01
2.332842585772222643e-01
3.378987905396995117e-01
2.142286905652220769e-02
-7.451033596773144474e-01
6.811184017450838679e-01
9.219609805455382112e-01
-6.584478398742614758e-01
4.068410206233473714e-01
-9.172731194336826155e-01
-4.831079174865200998e-01
2.124013891520583064e-01
-1.671744779603544229e-01
9.458325343335345359e-01
-9.626135223773308880e-01
-5.624463054568971110e-01
-9.081248067619549502e-01
9.641050945345642775e-01
-2.841756289849373673e-01
-2.717896788881639658e-01
-8.021710580063611262e-01
-6.110205126900721817e-01
-7.361398553152794788e-01
9.325000687337904326e-01
1.022314889750872424e-01
-1.000000000000000000e+00
-3.392846574647793156e-01
-9.974917179313869120e-01
9.100336338082322118e-01
-9.107270293515191684e-01
7.451917110701161695e-01
-9.134887184453565068e-01
8.722706780973187302e-01
1.123615623980493000e-01
7.435610044301470545e-01
5.020152129252714035e-01
-2.021599475030930737e-01
-9.816558432228040809e-01
-7.860523093899922653e-01
-9.934549680369032520e-01
-9.137286367282780875e-01
-1.452212402005625125e-01
-2.612989472561978443e-01
-9.774810214305864609e-01
-6.518976738461860210e-01
-9.543337662051446513e-01
-4.406147675001295672e-01
-9.695906991044515033e-01
8.919708014063627566e-01
9.809122153358903473e-01
8.383051802300361954e-01
1.062756181558719981e-01
-3.470823700137966039e-01
-6.112299550727039454e-01
-3.357147588432235485e-01
-4.837674284678888936e-01
4.309855441237103735e-01
2.216524123735840179e-01
3.809717409204588789e-01
9.827195886710500261e-01
5.967317668871521263e-01
-3.962875176083073547e-02
9.137718311684520645e-01
-1.000000000000000000e+00
4.705806692994096152e-01
-1.000000000000000000e+00
8.158127782956107188e-01
-7.726371095671359379e-01
7.845511225499556263e-01
-6.197867228220842462e-01
-2.729149130958672953e-01
-9.569276014362606553e-01
8.577452782693387734e-01
1.475770820296612995e-01
-6.103563345156892694e-01
-4.162544948619246177e-01
1.101265927568927105e-01
7.606827471624997769e-03
3.660325632043045507e-01
-5.231408275140013719e-01
-3.067268605935297709e-01
-9.950016781752805128e-01
-8.666649181431194116e-01
-7.446421279389074943e-01
9.997958234850354842e-01
9.999802201270439062e-01
9.731728607868895820e-01
8.221329410939338667e-01
-9.673388879554647435e-01
3.444049198525347966e-01
-5.632593695974705827e-01
9.157512436908451514e-01
8.895598056881290905e-01
-2.067082991565470304e-02
1.536441434580887166e-01
8.279143102306184554e-01
-9.890258040541918261e-01
7.749921778030331998e-01
-7.551350981557686248e-01
-9.879004257673639211e-01
9.684381706407345636e-01
2.257980498604330033e-01
