-1.000000000000000000e+00
-6.476507924588053022e-01
-4.265091361800016356e-01
6.182138582704292951e-01
6.369608076099919636e-02
1.000000000000000000e+00
-5.665958817979167561e-01
-1.000000000000000000e+00
2.916435915817748858e-01
1.000000000000000000e+00
-3.674792054282033371e-02
1.038067023081941653e-01
1.278870599887355630e-01
-7.206508149488016768e-01
6.476555805675570099e-01
-4.391342889643651271e-01
1.510689051837645902e-01
-3.788251457221628593e-01
-1.506102385926842424e-01
-5.395963428647716498e-01
-4.832233722323221459e-01
-7.313031878429419042e-01
1.000000000000000000e+00
9.756106805006898863e-01
-5.051894063433782778e-01
7.647722237891315666e-01
6.759591935837007126e-01
1.253487422038415122e-01
-1.000000000000000000e+00
4.684748559399477541e-01
4.210016617148767959e-01
6.549761912805651676e-02
-4.793304687727707458e-01
1.000000000000000000e+00
1.000000000000000000e+00
2.790368768854611936e-02
1.009129793228892846e-01
-3.931741373085675950e-01
4.180944590550130791e-01
3.186186568781465001e-01
1.000000000000000000e+00
-1.000000000000000000e+00
1.000000000000000000e+00
8.482424438303767245e-01
-1.953522407559660223e-02
1.222275232105183296e-01
-1.983618470349289842e-01
-9.465272227036869435e-02
-6.123989453989474585e-01
4.140548594088919176e-01
3.743468657718362902e-02
1.000000000000000000e+00
4.084418134496862751e-01
2.363602933662937167e-01
-9.860168195639151811e-01
1.347847568503119930e-01
6.888265432879812078e-01
-2.255228188256601096e-01
-5.104440229475587509e-01
-4.264612432089209260e-01
6.879268344983214822e-01
1.000000000000000000e+00
-1.000000000000000000e+00
7.345233162356674672e-01
-4.801045973218254215e-02
-1.210130769399032635e-01
-2.712281170937334007e-01
-5.877759886882163443e-01
8.846526005623259747e-01
-7.465890394612487713e-01
2.586414692333649512e-02
7.528825561771907982e-01
-1.838170630290907326e-01
-3.948033077920379275e-01
1.000000000000000000e+00
-6.901671973283500794e-01
5.231194413218620554e-02
-1.000000000000000000e+00
1.700710874070873180e-01
3.706337227307798798e-01
1.000000000000000000e+00
-2.361578297689944650e-01
-8.228142942784717473e-01
-1.000000000000000000e+00
-8.673515928124675423e-02
1.000000000000000000e+00
1.000000000000000000e+00
3.614854118600060451e-01
-1.000000000000000000e+00
1.000000000000000000e+00
-6.927136134793567823e-01
-5.432493914124169043e-01
-1.000000000000000000e+00
8.236681515513838425e-01
4.031188623420318695e-01
-8.646291091486619784e-01
2.555288443464895365e-01
3.544391128443147299e-01
-4.616404949977865324e-01
-6.673518221584029408e-01
-9.049554596367626047e-01
2.033611045108452142e-02
5.131166609023454228e-01
-3.371383514610626353e-02
-9.522303135619147874e-01
-1.000000000000000000e+00
6.751855270329363279e-01
-8.192148919040616040e-01
-9.387130258533620264e-01
-2.871494191862525303e-01
1.837864438948256796e-01
5.046495327467749314e-01
9.984562670642938009e-02
-4.947970293891927884e-01
1.000000000000000000e+00
1.862724648003337702e-01
-1.798038293099513130e-02
-6.201241801803855092e-01
-1.000000000000000000e+00
-3.463726240986201854e-01
0.000000000000000000e+00
1.979767961017276368e-01
1.000000000000000000e+00
-8.171845811460221043e-02
4.373768954603675096e-01
1.013940795609977741e-01
-2.929956827396904551e-01
-7.279048930625731106e-01
6.512637775919976058e-01
4.328441561778627600e-01
-6.454408479463947801e-01
1.000000000000000000e+00
6.945371197414302866e-01
4.001350359174304927e-02
4.143427901027597615e-01
7.517622474804582788e-01
4.811481159552752906e-01
-4.683988438462800552e-01
2.693215557048571629e-01
-1.326431365971747489e-02
-1.926821612109585469e-01
1.540634206996365219e-01
1.000000000000000000e+00
-1.050090629912155960e-01
-4.436640646723388759e-03
4.464138147257510902e-01
-1.000000000000000000e+00
-6.741388099433458514e-01
2.047384646031144007e-01
-7.345134074528604229e-01
-1.649348761942390773e-01
1.651421846313458341e-01
1.955114109538401701e-01
-1.848751177437890636e-01
2.186304533459808574e-01
-6.135971136617872634e-01
-2.762782706236069918e-01
3.449211572399046855e-02
4.636169441093554444e-02
-2.007089840473703646e-01
3.947251148729812864e-01
-5.714755223584216948e-01
-3.767008910043646575e-01
2.582232455644508651e-01
-3.258666054905653420e-01
-8.646574283450919607e-01
-3.941739204780947414e-01
3.278319069150770204e-03
3.605701834075825118e-03
4.475317597510040102e-01
-6.386822612483613604e-01
-6.819273783217846274e-01
-1.000000000000000000e+00
5.271391700313663442e-01
-4.418460427041474015e-01
3.623932367641339303e-01
-8.575340272555814769e-02
1.472573358224800177e-01
1.932828671801317122e-01
4.240373353238906518e-01
-4.265154277929436022e-01
-4.637005955752915298e-02
-5.013901277132746248e-01
-9.604589055019703281e-01
6.283340186131241012e-01
6.279599368497267298e-01
-4.236128438520745387e-01
-7.156961936473837937e-01
-1.000000000000000000e+00
-6.089325861125644002e-02
-5.140348271461717689e-01
-2.272722380345298943e-01
-8.251093429303855142e-01
7.987722314713859850e-01
-1.662361139853096859e-02
7.798112207686742625e-01
-1.570367067479527812e-02
-1.890553299771894347e-01
2.987061422092585072e-02
-7.028036707133947791e-01
1.000000000000000000e+00
-4.802852024092270078e-01
-5.110410111991483539e-01
-4.316684591930199932e-01
-6.085616552153214620e-01
-5.015471148502963494e-01
8.481919965242949999e-01
-1.735890109481380561e-01
5.066694055637281924e-01
-2.361747981783094419e-01
1.995375770179191321e-01
3.828753669978751661e-01
2.245709827471796816e-01
5.156243537846579850e-01
4.444625004447019800e-01
-9.682903513279291774e-01
-1.000000000000000000e+00
6.190049700211033290e-01
1.000000000000000000e+00
4.988390278262998523e-01
1.000000000000000000e+00
-2.359047099489893218e-01
2.912663791714907857e-01
1.000000000000000000e+00
-7.331984607955314148e-01
-1.000000000000000000e+00
-6.766113935316193650e-01
2.470414692177336224e-01
4.834460925322008329e-01
-1.995895340490412284e-01
6.700609340185934015e-02
-1.746858975221788901e-01
3.131298140816450859e-01
1.000000000000000000e+00
-6.648085643798173905e-01
-3.305871527097015150e-01
-1.000000000000000000e+00
-1.347217454974228845e-01
-1.000000000000000000e+00
-1.000000000000000000e+00
-6.435775446694099733e-01
-1.000000000000000000e+00
-8.115083455273603974e-01
3.838105483684416397e-01
4.602612610088474554e-02
-4.272601867099639072e-01
3.805817099022021921e-01
-1.089850236207413614e-01
9.078052406874982383e-01
1.000000000000000000e+00
6.342467725210665375e-01
-8.872646004754505267e-01
1.000000000000000000e+00
7.261064351121984117e-01
6.490350662774498902e-01
1.000000000000000000e+00
1.000000000000000000e+00
1.000000000000000000e+00
-9.425009658977578919e-02
-2.203790048597212836e-01
-2.010673787582944461e-01
-1.000000000000000000e+00
-4.419916612212956286e-01
5.450197109596142120e-01
2.672698965966160412e-01
