2.605890368724628758e-01
1.000000000000000000e+00
1.000000000000000000e+00
4.083724314996700633e-01
-8.859331894669364438e-03
9.020294155771996225e-01
9.584291950724107556e-01
-7.742429068750507071e-01
1.512847984104322141e-02
-8.332762751122297917e-01
-1.000000000000000000e+00
6.236008368315402173e-01
8.012454879416145426e-01
-9.066588070497130225e-01
1.000000000000000000e+00
9.316416938153468941e-01
9.927894932642440384e-01
5.660285174428693056e-01
3.017925038150631178e-01
-1.000000000000000000e+00
-1.000000000000000000e+00
2.704421147324134189e-01
-9.932548561959029243e-01
8.169521916745965395e-01
-4.994681321813778108e-01
-6.065471265684246882e-01
-9.992084748935206040e-01
5.025615221400904220e-01
2.493783854256039212e-01
-1.000000000000000000e+00
3.911987371516846279e-01
1.000000000000000000e+00
-9.672594454664303898e-01
-9.214175698069089204e-01
-3.174611968483777580e-01
-1.727741317606087956e-01
7.159093033009814588e-01
8.668092797534919514e-02
-5.866875336056898149e-04
2.509792187093597970e-01
-9.650588226291095806e-01
4.526051238925506981e-01
-2.560268360401193877e-01
-2.274961704819764008e-01
5.938339096597375910e-01
-1.000000000000000000e+00
-9.812946704602251158e-01
1.000000000000000000e+00
9.267600903250051703e-01
9.674991685401361785e-01
-2.590135546223341079e-01
5.258222263838701060e-01
5.319439215856320846e-01
1.578901794920507806e-01
8.910280341637527579e-01
-9.983751032714031082e-01
7.502043339560581225e-01
-4.925981447390536672e-01
1.000000000000000000e+00
-9.687351016532859127e-01
-6.537488084280470568e-01
-3.042928806419146759e-01
3.026464292073508533e-01
6.279858276288141639e-01
-8.677721685641354155e-01
1.000000000000000000e+00
1.000000000000000000e+00
1.000000000000000000e+00
-1.577427132684397493e-02
-1.000000000000000000e+00
-7.023205679319176609e-01
-1.000000000000000000e+00
1.000000000000000000e+00
-7.822846391332430871e-01
-3.570662476087798076e-01
6.325298997673377555e-01
-8.845543752311334496e-01
9.630472670071527075e-01
-1.000000000000000000e+00
5.947835266192922354e-01
-1.000000000000000000e+00
-1.000000000000000000e+00
9.660244930974075661e-01
8.800820764063188584e-01
-4.258708729654226977e-01
-9.457208936077721173e-02
6.610542703797803732e-01
8.896555988558130235e-01
-2.210985562566694929e-01
-6.036042649050024078e-01
8.223838794075464254e-01
1.000000000000000000e+00
2.834358425389388869e-01
-8.166212193262417651e-01
1.000000000000000000e+00
3.789705752657738236e-01
-4.701475891845428023e-01
-2.998289834187032321e-01
7.009479093821066042e-01
-2.945840726643651764e-02
1.159478890832814080e-01
9.941322701120617333e-01
-1.000000000000000000e+00
1.000000000000000000e+00
9.979317911275064068e-01
-1.000000000000000000e+00
-7.169413101635067065e-01
6.044730085650323881e-01
-9.785006255738928349e-01
7.657939693107247425e-01
9.853742405234987567e-01
-4.430518015973939905e-01
-3.575777421586620042e-01
-4.397122032054613383e-01
1.000000000000000000e+00
-2.943005929758937822e-01
-4.749753871044179454e-01
-4.508671835157158636e-01
1.000000000000000000e+00
-3.572218329846406359e-02
-4.669231431711721170e-01
1.000000000000000000e+00
-9.385153793348977036e-01
1.000000000000000000e+00
1.000000000000000000e+00
-8.074093986416802649e-01
1.869300701425447020e-02
-1.000000000000000000e+00
-9.474436744341133698e-01
9.306494826892992567e-01
-4.984722728288237814e-01
3.886229543635691952e-01
3.691914589252026646e-01
-1.000000000000000000e+00
-1.000000000000000000e+00
-3.007883529743021755e-01
4.718053049407510136e-01
-1.000000000000000000e+00
-2.773732453592689939e-01
1.000000000000000000e+00
-9.148195448787599382e-01
-4.619929884209789672e-01
-1.000000000000000000e+00
-2.948791304595866358e-01
-8.614900352987024945e-01
-8.343222740951786731e-01
-1.609031992270953393e-01
1.229935348443148002e-01
-9.951347993151791194e-01
-8.856469143350140794e-01
6.068892919708542832e-01
-8.780729750177376225e-01
8.604649935394049765e-01
-3.667711525605723555e-01
-1.000000000000000000e+00
-1.000000000000000000e+00
9.974809735607417238e-01
-3.547149003867696715e-01
2.533368562382286027e-01
-1.000000000000000000e+00
9.800282319941953091e-01
8.216671954347463114e-01
-1.000000000000000000e+00
5.331418965479970407e-01
-1.000000000000000000e+00
6.779652855817660528e-01
-8.950481524009794576e-01
-5.955958072244507129e-01
-1.000000000000000000e+00
5.254014263593409506e-02
-7.692289964148026904e-01
-1.236303461965250483e-01
1.423826546279823857e-01
-1.000000000000000000e+00
-1.772700684467079513e-01
-9.708906795430141679e-02
4.415488366010647536e-03
1.548632379534607417e-01
5.826046294067278586e-01
-8.773369220445547123e-01
-9.971092731244841634e-01
5.910581635328850947e-01
2.235035762610260712e-01
9.406632274388423420e-01
9.129014332487336292e-01
-9.157323547350576520e-02
9.816964994347138207e-01
8.361646327333521755e-01
-3.451671440755310627e-01
-4.949467818649441186e-01
3.207534292807387444e-01
-6.688953497779899227e-01
-1.000000000000000000e+00
-8.981590663002489983e-01
-6.674947277384428723e-01
9.256562866200845896e-01
-5.267869421347559644e-01
-8.967292513261028164e-01
-7.005506555779048572e-01
7.290910602174920374e-01
-7.622528622644891838e-01
-8.089443373753996136e-02
-5.624837301568690329e-01
1.000000000000000000e+00
-1.974015854853498064e-01
1.000000000000000000e+00
1.000000000000000000e+00
-1.000000000000000000e+00
-3.273001907663739551e-01
-1.000000000000000000e+00
-9.071611889748486535e-01
1.000000000000000000e+00
7.609949809411944432e-01
3.092984081729849843e-01
1.000000000000000000e+00
4.273320631406200554e-01
9.309819713812454989e-01
8.140427523584286007e-01
2.309741105905667169e-01
-9.207608094466650517e-01
-2.236507556018696441e-02
-4.172711307845453077e-01
1.191373749993852038e-01
9.928755084680354059e-01
-9.022210357276223558e-01
9.122533294201291554e-01
1.000000000000000000e+00
-1.000000000000000000e+00
1.000000000000000000e+00
-2.223715881625634994e-01
-8.986555244324575531e-01
6.484455534645477970e-01
4.976866983722175175e-02
5.178714025469879356e-01
-1.000000000000000000e+00
6.152802921297665373e-01
-1.000000000000000000e+00
-1.000000000000000000e+00
1.000000000000000000e+00
-1.152090630645733194e-01
2.515859466275011114e-01
-5.123369928874278445e-01
-9.005987745812407685e-02
-7.094271198504369380e-01
1.545188010519505939e-01
1.832128652969638449e-01
-3.216468273957763246e-01
7.849927912474585767e-01
-7.025437790654301962e-01
-8.667273738570701047e-01
1.000000000000000000e+00
-5.529803175671835769e-01
-7.860585307820988632e-01
1.709859891416807276e-01
-9.510534313172843701e-01
-1.000000000000000000e+00
1.000000000000000000e+00
-9.760634121334664792e-01
1.035587789837555395e-02
2.711106559399687477e-01
-5.238994809886601267e-01
2.327174453911383112e-01
-1.951358743065694235e-01
4.007193575932959662e-01
-1.000000000000000000e+00
