-3.491580635554656364e-01
8.507024111386276566e-01
8.106155125073475354e-01
-5.682383891619467997e-01
6.678526385124905485e-01
-5.405784031332986350e-01
1.261772150886518173e-01
-4.338425169379216406e-01
1.501311345666631325e-01
-2.565231161478832567e-01
-6.092350931814254356e-01
-3.446476575002870302e-01
4.123077653301793211e-01
-3.072514767765219812e-01
1.350224224821038876e-01
2.658866258362215240e-01
-5.677250047488653362e-01
-8.330637096371010797e-01
-7.276642862545908974e-01
3.681669229344219918e-01
3.962323617349553517e-01
1.648727608903370889e-01
3.609998948755710479e-01
2.359717408860695365e-01
8.407012529652109212e-01
-2.655270130632950698e-01
-3.251939489064168964e-01
-9.850289849804856335e-01
-7.234967215049729061e-01
2.633691120204899594e-01
-6.945061644705835535e-02
-7.142864467540853413e-02
-1.620224624233753685e-01
1.170703285576028402e-01
2.660424524528872126e-01
8.734944367371976215e-01
8.083478378709867407e-01
-3.726523942873130602e-01
-8.620628160858678779e-02
-5.420724392686691040e-01
-5.638937355166955268e-01
2.755135243637916731e-01
3.615541883047246330e-01
-6.830509202662413681e-01
7.352035362477027380e-03
7.151321772509631192e-01
-1.000000000000000000e+00
-1.080639933805037645e-01
7.128798839728295311e-01
-2.627078660912982033e-01
2.581230799456780967e-02
-1.558857034686284559e-01
8.398497251424719146e-01
-1.192996827354966261e-01
5.600752752533012524e-01
-1.000000000000000000e+00
6.564463748661811260e-02
5.137052593607012163e-01
-6.312692362646081801e-01
1.919457678128698719e-01
2.130336444548359687e-01
-6.419194648724640961e-01
8.745715645102423164e-01
-2.149849248188422379e-01
-4.649693221398225607e-01
1.108500118362398812e-01
6.541550391387298546e-01
8.973628871599153012e-01
-2.015879610231154917e-01
1.911882044043816675e-01
2.056141890039232534e-01
-4.282265792933816484e-01
-9.432417345051818947e-02
2.852591017116218319e-01
-1.435576712520868770e-01
4.085535678899583911e-01
8.569333042133286948e-01
9.171005434490302477e-01
8.995072016780972235e-02
3.044933393751563244e-01
-4.117910611071025073e-01
-7.272666466064133806e-01
-3.334824219402542367e-01
-1.786929192419868528e-01
5.229312542864167357e-01
1.766485721578157086e-01
3.970290982587069140e-01
4.765978209858517389e-01
3.391926745742366300e-01
-3.337267742361360590e-02
1.099332725802683458e-01
-8.057906493313666818e-01
1.619193187381984533e-01
-6.708817272291106582e-01
7.466278400248735903e-01
-2.956051317984262905e-01
-1.498296359509600495e-01
-4.021687265744093853e-01
2.411727579065671423e-01
-1.666637495943382730e-01
3.922170600385667116e-01
-3.637144802524552301e-01
6.736159365652570896e-01
-5.081518530640602993e-01
-8.698879753050348107e-01
-2.468458539156214715e-01
-3.913555593411850442e-01
3.956234567517262768e-01
-2.538507955233402225e-01
-2.802684554567590469e-01
-7.686944690341079856e-01
-4.935075069578307994e-01
-8.584891717541642819e-01
2.839734278454141836e-01
1.637606615198537729e-01
-3.052946516284296696e-01
2.791642992330825024e-01
3.955855634402477561e-01
3.302380705233430858e-01
-6.946526671815131948e-01
-9.123748001904701255e-01
-3.689960447920923037e-01
-9.360773258783481321e-01
-9.595219641475828676e-02
-3.368820194898118903e-01
-1.228767675072631460e-01
-2.646874176882514362e-01
6.623365935662647308e-01
-5.188938756579324352e-01
8.123439914043735222e-01
3.152734096538861719e-01
-9.612496886425669906e-01
1.821634855350347248e-01
1.586984504553157760e-01
-1.791586748554542807e-01
5.694708873642662095e-01
-1.506884993980073251e-01
1.403580642749130969e-01
-1.000000000000000000e+00
-1.000000000000000000e+00
-4.991330585598345859e-01
-3.457419437939471818e-01
-1.217069317220744878e-01
-4.178352914736753188e-01
4.521961344062765398e-01
2.072479582962818423e-01
-4.589353683188885924e-01
-4.108304063022806263e-01
-5.146303260516656986e-01
-2.395537573753922511e-02
-5.006950167812064256e-01
-3.541025162856650810e-02
4.748604318892790666e-03
-1.980568964085483441e-01
-9.109555391410987246e-01
1.483243314492993514e-01
4.742353663648771755e-01
2.372008975984599699e-01
1.455292133074034266e-01
-4.876340614376495353e-02
3.365572798383666964e-01
1.423307905834939602e-01
-5.795473216703223018e-01
4.218748568520886977e-01
-1.377968204743532377e-01
1.000000000000000000e+00
1.000000000000000000e+00
4.970773762955230657e-01
-8.669903739075711657e-01
7.197694383973298748e-01
-3.351444222136512607e-01
6.233292178676994588e-01
-7.306715844632456491e-01
-2.220152396232412395e-01
1.374474209132875990e-01
-3.554302428467034924e-01
6.691743483988632502e-02
-1.832874693111657960e-02
-7.392890770192548366e-01
1.957667165861775027e-01
-5.733342378829686670e-02
9.019947570427760963e-01
-3.774454560656102520e-01
2.413124077007944290e-01
2.345124389649213548e-01
-9.823205464581080681e-02
6.800154792338167775e-01
2.227681580889988855e-01
-9.459191735501837339e-01
-4.541903800076432796e-01
8.381970012904742529e-01
-7.599905940870801402e-01
-6.194554829451559552e-01
2.038387526685980777e-01
-8.605416397745873081e-01
8.497916553253799243e-01
1.939888073295996107e-01
-1.136747299648450116e-01
5.156504957892615870e-01
7.916713102259593793e-01
-1.668628496069933520e-01
-3.088539079083046923e-02
-2.477803712319837093e-01
-3.908290514496557400e-01
-1.000000000000000000e+00
2.690699299153368473e-01
-1.543377815913896806e-02
1.276921395404636561e-01
-2.595458757023161311e-02
-6.447786587658208557e-01
-4.583860295719573430e-01
-1.000000000000000000e+00
8.015434488139767666e-01
-7.064732222303604647e-01
4.256434612346092772e-01
-3.986846924505637046e-01
4.103693892122695086e-01
-3.156264654450161578e-01
1.857650368073224256e-02
-5.885066515216419436e-01
-2.702142924645994371e-01
9.018403811052211339e-02
-1.825617414069326538e-01
9.594981607058810091e-01
3.689273518840822108e-01
2.740911435059361079e-01
6.269172437871379788e-01
-2.965762862455444404e-01
-4.506968428752779199e-02
-2.454325008646093265e-01
2.822352237729472968e-01
2.274418986187862757e-01
5.358745507327840052e-01
-8.178102248779659522e-01
-4.919876526146347295e-01
4.206160222612622679e-01
9.490348340854204423e-02
3.862775037782046339e-01
-1.000000000000000000e+00
9.884583200707393047e-01
-6.827535353803533269e-01
-3.201899620836383686e-01
7.190269481652777905e-01
8.865034687515325196e-01
2.951433869885564110e-01
3.689367126669673702e-02
4.515218531848277372e-01
-2.670070797726620260e-01
-2.027519887305731516e-01
-4.205501672505801980e-01
3.938242220530773219e-01
4.717011271599672595e-01
2.425899366583080807e-01
8.902136317506637031e-01
-9.341065237659920140e-01
-3.343082726178786546e-01
1.240568784513747941e-01
-1.740106198006120541e-01
6.466937235516775906e-02
1.897040833135597571e-01
4.385725181498125180e-01
-4.319154030817309864e-01
2.633574220134679011e-01
6.868808986807146688e-01
6.870400784450632070e-01
