3.128776272066938202e-01
-7.816095104253861781e-01
-4.702699272497126715e-01
-2.539310048595573854e-01
-8.899115302309795750e-02
2.290923407332448869e-01
-3.217099665198865366e-01
5.280557456608291345e-01
-2.788269558304536933e-01
7.769052526782089796e-01
2.657775786247469352e-01
1.000000000000000000e+00
-6.543857923423732070e-02
-3.689150643477070446e-01
-4.154667237654868783e-01
1.387603089443704696e-01
-9.332630075938075365e-01
-3.640388956227266215e-01
-4.545070543792456008e-01
-5.340275848382261548e-02
-4.059365906472894303e-01
4.966730673905567772e-01
4.412139771871711330e-03
3.615647208131881896e-01
-2.439510103272030106e-01
-8.107355141030873069e-01
-3.282798401999494353e-01
7.925871897730277782e-01
-8.820279283046079666e-01
4.889956608301965907e-02
-4.146444288672991862e-01
1.421556602377453959e-01
2.736198815603343298e-02
5.249870545057120363e-01
1.495513282694014567e-01
8.819592353335911072e-01
-1.676980456109583850e-01
-4.823514709154400060e-01
9.486942539776566097e-01
5.245053306340043964e-01
-6.032795187828459138e-01
2.897153637976792040e-01
-9.679091479341308535e-01
-6.131125951593151546e-01
2.257908670945599772e-01
-4.817736373544995176e-01
-5.422918501667324254e-01
-7.143267040547331137e-02
5.581949137249816451e-01
3.809629584393172674e-01
6.422383486010703191e-01
-6.556168557338252212e-01
-7.978136856914368469e-01
-2.979894860201898754e-01
-5.729976836599182111e-01
-6.918479481123467334e-01
3.933402480936485368e-01
-2.787648106120630964e-01
8.448668532481576343e-02
7.392914535439847334e-01
2.340633536687157165e-02
3.356104699604396668e-02
-4.744381930660419577e-01
9.222992972444982174e-02
4.689548274130942440e-01
9.515388054155995423e-01
7.125543350268578324e-01
5.255905932856756724e-02
-4.328400233154397481e-01
-9.249736433817677683e-03
4.566552763311532148e-01
1.805678674343510481e-01
-6.786238355453946269e-01
9.490767566948445921e-01
9.961765803999699243e-01
-9.612338371312221241e-01
3.676098554774516192e-01
-1.977777063818124403e-01
2.573335441726935444e-02
-9.938830564624707709e-01
1.000000000000000000e+00
-4.022901482072597235e-01
-8.872124157300085301e-01
-4.324257463303992632e-01
2.119820466738525644e-01
1.000000000000000000e+00
-1.960036805457924802e-01
8.869807906215765314e-01
-3.230944363659784546e-01
-3.475860624865698134e-01
-5.729280187260399337e-01
4.480856408521151635e-01
9.405839563606100961e-01
2.186714123027434509e-01
1.897183098657592437e-01
-9.658551596559868946e-01
-8.158449465113399857e-01
-7.790891835895642492e-01
7.767519602766459474e-01
6.720862543099981323e-01
-6.982124674663126029e-02
3.346308031167606334e-01
-3.682644143033593220e-01
6.651880827645207939e-01
6.995027148229537861e-01
-5.044377791963574609e-01
9.765181964959428473e-01
-1.798541539311389881e-01
-6.214576670383700208e-01
-6.197751049483682939e-01
9.865378261739231602e-01
-1.823002092373054717e-01
9.122220098456467197e-01
-6.368891778032547135e-01
-5.087965851211649904e-01
5.345733373555806578e-01
8.221724904259444244e-01
-4.866793621442404016e-01
2.607131430889662038e-01
-1.610540486967545204e-01
-1.467763379142118796e-01
-5.583943262633271898e-01
-2.889745312181259407e-01
-5.880315251922935138e-01
7.940836284088423902e-01
-3.481711757752354308e-01
-5.180753143983311132e-02
5.129772514962485097e-01
-1.101478139820210034e-01
-7.884530722481898346e-01
-1.204251603497608347e-01
-6.035083121596150901e-01
-5.514754955659986191e-01
3.494452033108897543e-02
-1.533893011241193871e-01
-1.681664438225567160e-01
-4.523195229551963542e-02
3.022069241181186972e-02
4.621847137332130151e-01
-9.432691252836316043e-01
5.933872050276445265e-01
1.546046450731173305e-01
1.896894941010674185e-01
3.582379298332472040e-01
-2.686234048037183797e-01
2.988818707846654377e-01
4.899088280553808850e-01
-5.342589422324316856e-02
-5.432286435822453186e-01
2.160790790046018817e-01
-9.574935613028023873e-01
-3.221303630482156843e-01
5.372206180008544107e-01
-4.764391602892756317e-01
1.987260005797164275e-01
9.057137382735271913e-01
-4.576010731414075217e-01
1.171107336841677032e-01
-7.729087554640008406e-01
3.844871518599658478e-01
1.523825310179338366e-01
3.714999834684959423e-01
-4.048712779635159631e-01
-7.284947117007262163e-01
-3.795722743844148206e-01
7.267720094864595914e-01
-4.337924806432351121e-01
-3.360678556750801294e-01
-6.790027125812641007e-01
2.323991208468151604e-01
-6.734272837296050029e-02
3.266369180267714722e-01
-9.870389052918950856e-01
-3.746067230410504711e-01
-8.734511023101199090e-01
-4.517084987219739389e-01
3.812858797385007548e-01
-7.185286961586409005e-01
-7.949268368345923097e-01
-1.743544558761311591e-01
-3.932950738809619651e-01
3.701469647253841644e-01
-7.202749928218660225e-01
7.192019495576218446e-01
6.528498811187566364e-01
5.255090252446965871e-02
-7.700141881179325964e-02
4.255959944734556966e-01
-8.566741975490890226e-01
-8.221213713579141880e-01
-7.460362133240940885e-01
5.991966635324311730e-01
4.971422412621269715e-01
4.205536562268891165e-01
2.134869457444655283e-01
-6.721474662354229856e-01
4.610381360266233575e-01
-3.635235686482933826e-01
2.089271669776708029e-01
6.687729511759498147e-01
-8.160288560108618361e-01
2.113014961116184698e-01
2.072483863826273531e-01
-7.379622095543409976e-01
-5.751805098910588443e-01
-5.695887726417415697e-01
8.544788241869907264e-01
3.731602111075855155e-01
-5.086638007770645231e-01
-4.156033299603454911e-01
3.230741439243767221e-01
-1.000000000000000000e+00
9.664611642925305390e-02
1.246025189562714880e-01
2.559638103153683009e-01
-7.834029858332383078e-01
-8.279026794294912506e-01
6.019674064695849092e-01
4.858386055941861237e-01
-3.826658836004075970e-01
-9.783647384370703914e-01
6.586001298938937154e-01
-7.666431985951022154e-01
6.124694137079811362e-01
9.839394381486051000e-02
-4.599058935719665953e-01
-8.140789851655014786e-01
-3.126975172615223952e-01
3.938661457069655425e-01
3.748725906704973299e-01
2.682209834091515283e-02
2.123939955542864522e-01
6.416669305398954581e-02
1.000000000000000000e+00
-7.546997347920014754e-01
2.137097573312655707e-01
7.336592401503931882e-01
6.417681274660508306e-01
-5.185894911624538799e-04
9.968660741535965153e-01
-5.814327606035976093e-01
5.003809839692597849e-01
2.864751563968664372e-01
-5.727932206932028203e-01
5.020810089320014713e-01
-5.092786175827607176e-01
1.532707207659236293e-01
-5.897560490966300556e-02
2.953835707646411124e-01
7.734394713757980488e-01
-4.892755727183241143e-01
2.590624136811954803e-01
5.047054978140688153e-01
4.132703244713687996e-01
-1.787876125440797381e-01
2.057892861730936107e-01
-9.876108942854832096e-01
8.436591184141001287e-01
-6.534396268426647669e-01
1.218634914910727840e-01
3.857792754259139478e-01
-4.177144479532138854e-01
3.303082118220638241e-01
2.371945520948511021e-01
-9.107924647471014046e-01
