6.165213284374569946e-01
8.098869442507654615e-01
1.489722405461135213e-01
-8.838430982295566452e-01
8.661636976177172764e-02
-1.000000000000000000e+00
1.642950968728857930e-01
8.644571742718312191e-01
-5.338394195777973472e-03
1.780847610818366844e-01
1.000000000000000000e+00
1.000000000000000000e+00
6.225179667119139226e-02
-7.587902722758604890e-01
-3.155203394819128260e-02
9.626995098135565643e-01
4.385103375579882945e-01
8.818788243653151726e-01
5.409898944269335708e-01
-2.991606341073576592e-01
1.000000000000000000e+00
-3.803835633612377420e-01
4.986759227850055820e-02
-1.000000000000000000e+00
7.278372879124779260e-01
5.839864860734840235e-01
9.296150435576745474e-01
8.966953695878202568e-01
-5.136658766617856475e-01
-9.857130275965350075e-01
-3.313587924974066290e-01
-2.935951586009502012e-01
-1.000000000000000000e+00
-8.487034499496902695e-01
-6.434260906940241220e-01
1.000000000000000000e+00
-3.478823348444693431e-01
-1.000000000000000000e+00
-6.857718321426062857e-01
7.189858397415997970e-01
-6.693944026862846952e-01
1.000000000000000000e+00
-6.662166866417095212e-01
3.260716225614326280e-01
1.000000000000000000e+00
9.256267320239043306e-01
-6.593682050036766551e-01
-1.000000000000000000e+00
9.041690932655247481e-01
-4.521920599655602224e-01
-6.166189789276022015e-01
-1.000000000000000000e+00
-3.529744320094076460e-01
9.853145204429307746e-01
1.000000000000000000e+00
-7.417791840832681505e-01
9.418113255662782235e-01
6.780015751335037866e-01
1.180949135197385536e-01
-8.873468823390755489e-01
7.441416011135518760e-01
6.859975628932772906e-01
1.000000000000000000e+00
6.764189027880238569e-01
1.642263818458266078e-01
-5.910257100330948976e-01
9.472244965503808789e-01
1.000000000000000000e+00
1.000000000000000000e+00
5.851068273632270555e-02
-7.051784110671284189e-01
9.516436352766441953e-01
-7.671473619610418293e-01
-7.809585997715652317e-01
-5.960051740836771472e-01
1.000000000000000000e+00
-3.374564226153731195e-02
4.560313580636078390e-01
-9.720025959564146945e-01
9.966983664902633322e-01
8.558277341652217873e-02
-1.000000000000000000e+00
2.218428666675524852e-01
-6.957477830143075082e-01
-8.039826530146020056e-02
-3.708370814567185647e-01
-1.000000000000000000e+00
-1.000000000000000000e+00
-5.349343508315487217e-01
-5.748340533867080104e-02
4.281855208244253475e-01
1.590329456893022075e-01
1.000000000000000000e+00
-6.047063553403682068e-01
1.000000000000000000e+00
-7.827791414777158785e-01
2.650785861065674265e-01
3.677238725623987459e-01
1.819393111856560941e-01
-1.268568189191106033e-01
-1.000000000000000000e+00
9.755743553029333492e-01
1.000000000000000000e+00
-1.000000000000000000e+00
1.000000000000000000e+00
-1.000000000000000000e+00
1.000000000000000000e+00
8.289955988578561197e-01
-1.000000000000000000e+00
-2.975990925651248453e-01
4.568169922382244730e-01
-8.584733498432723930e-01
8.072305784065683110e-01
2.595184714909081203e-01
-3.754941269524818548e-01
-9.123683934089650283e-01
9.842067895223987062e-01
1.000000000000000000e+00
-1.000000000000000000e+00
-5.849335298353167678e-01
-4.853045448972410636e-01
5.345884872169115454e-02
6.293374341416624329e-01
-1.000000000000000000e+00
1.249824474810926761e-01
-4.580802334795106567e-01
-1.000000000000000000e+00
-6.462925073346914573e-01
-5.829114443330147832e-01
5.678497890743263721e-01
-6.063700892901823236e-01
-8.756089556562413057e-02
3.631410270643201654e-01
3.169196857030097680e-01
4.691133313156381490e-01
4.965592818986593882e-01
1.000000000000000000e+00
-1.000000000000000000e+00
5.697152652654443594e-01
2.703398521308454372e-01
-5.417105484712206875e-01
-6.689932435763155105e-01
-2.038759112149564623e-01
-7.751658990394743043e-01
1.623011331007499225e-01
-1.000000000000000000e+00
8.012202918028458187e-01
8.927807217879055734e-01
-1.000000000000000000e+00
1.000000000000000000e+00
6.411239460959199388e-01
4.660189268410558916e-01
9.544280939462698177e-01
1.153356127066079151e-01
4.386931961991024087e-01
-1.000000000000000000e+00
-6.817199853790270603e-02
1.949153176391347775e-01
7.177410580265934925e-01
-7.909909050249633866e-01
7.617932446444480865e-01
-6.449081697434831950e-01
-4.733281622676110412e-01
7.771415121559459571e-01
1.000000000000000000e+00
1.000000000000000000e+00
2.076385198420090950e-01
8.190710387897930378e-01
1.898701505961691849e-01
2.954039965137364998e-01
-1.000000000000000000e+00
2.029853173317860415e-01
-8.212701831157487309e-01
5.183325618992702388e-01
-2.787587149892327143e-01
2.367539707659770398e-01
-8.662087565909281084e-01
-4.711300157992354132e-01
-2.179178937429394058e-01
6.923289481293942726e-02
8.917790302672257141e-01
-3.076697809002215123e-01
7.815981880763583911e-01
9.282386207920454435e-01
9.514231473695888841e-01
1.323691548177830524e-01
-8.691030071267265011e-01
1.000000000000000000e+00
6.275382997464736823e-01
7.193008073607092268e-01
-5.547180208699683535e-01
4.245431516388357140e-01
7.853422853534611781e-01
-7.918497343965317237e-01
6.795948061032673904e-01
-8.390400151859300770e-01
1.000000000000000000e+00
-7.987483543773501449e-01
5.731946578200330933e-02
3.802785786727945760e-01
-3.403967923642967630e-01
-6.923777372565442789e-01
-8.683884365027538799e-01
-3.650049544768720344e-01
6.768714635319073025e-02
-5.402461888869594109e-01
-8.315127862989215579e-01
6.117542581990125239e-01
7.566046508939967552e-01
-7.869086533232240166e-01
-7.402987661930315877e-01
-3.837534682841068356e-01
7.399859382294813326e-01
7.777394879079941870e-01
-5.764924969413220968e-03
-3.635574459256664115e-01
3.654570508967519005e-01
6.942825624781673310e-01
-6.586255373951022118e-02
1.000000000000000000e+00
7.321861044672410834e-01
6.356576061955441226e-01
1.000000000000000000e+00
1.000000000000000000e+00
-6.614743195874674964e-01
-8.769147482974501973e-01
3.434004432981903610e-01
-1.000000000000000000e+00
-4.362370948907857704e-01
9.353831039746498544e-01
-1.000000000000000000e+00
1.000000000000000000e+00
-2.012955579163522302e-01
1.571746249438787935e-01
-7.077341389485643230e-02
-3.190634408296428859e-01
-7.971593206689037148e-01
5.705992853681773891e-02
-1.000000000000000000e+00
-9.212207032514787564e-01
6.960515414922017197e-01
6.433510662726976692e-02
-1.036817568188141969e-01
1.000000000000000000e+00
9.263191905009015015e-01
-2.344895030088318122e-01
1.000000000000000000e+00
5.577570051535798434e-01
9.240795909393498819e-01
-1.000000000000000000e+00
8.323826586459556198e-01
-1.000000000000000000e+00
8.205551517471850742e-01
4.129522969995262915e-01
3.557802828070295020e-01
1.898879795899596767e-01
5.541929688712686763e-01
4.201951091658844284e-01
-2.123249554318631938e-02
-2.840316838411151568e-01
-1.000000000000000000e+00
-1.000000000000000000e+00
4.195305492399027947e-01
7.517363082137834551e-01
4.223969936847227213e-01
