-1.187458239085673051e-01
4.145095353762795476e-01
6.859065269077344595e-01
-6.902999667665855876e-02
-3.732271036185369484e-01
-2.994075004321953282e-01
-3.699037633785020041e-01
3.653118247544158703e-01
-5.033965737097154669e-01
-8.049494330735816605e-02
-3.220078951991390825e-01
3.624659677522181767e-01
-2.854116515369296003e-01
-4.551152237505995402e-01
-3.469386212842492934e-01
9.548753724128722364e-03
7.556966983157845097e-02
3.570958150689071409e-01
3.033283905935384994e-01
-8.851705695539645591e-01
6.765389974666720097e-01
-5.712944159476270878e-01
7.668491541437789660e-01
-5.792605995291636445e-01
-9.767875414675275536e-03
3.066367643996859016e-01
8.285772558052220127e-01
5.846390797289827135e-02
-2.008359534113242639e-01
-8.323563528862756855e-02
1.821983227999254551e-01
-4.282130045180414513e-01
-1.273070812239468497e-02
4.303885794784209073e-01
-2.281284118250198611e-01
-8.296198152320127805e-02
6.136731174410520184e-01
-3.636438448255009392e-01
-3.409895510372596417e-01
5.333311913539418025e-02
-3.916303128225833707e-01
-6.285859573276211809e-02
1.174981332398805783e-01
-1.698476488094639858e-01
5.308408445933612274e-01
-2.334043914107072903e-01
4.070202704812102557e-01
6.324394631300300773e-01
1.243907071230283545e-01
-7.451236477592337870e-02
2.937486453987939727e-01
3.380669683754944366e-03
-4.901510558195935896e-02
3.029039374817143471e-01
-5.566854233021314435e-01
-6.262140240821070236e-01
-3.366058191596181248e-01
-1.415428661098896979e-02
-5.897332112978703744e-01
2.011213536516805733e-01
-3.583905046423774277e-02
8.993958359309932316e-02
-8.225409009926033799e-02
-4.306710313424934600e-01
-9.971800530891800074e-01
-9.552355714569563672e-01
-4.888676361281140137e-01
1.519582961626587125e-01
-2.582742916070637218e-01
-5.832506343348813349e-01
-9.268874615410083173e-02
7.924061462054852178e-01
-7.283735351684018644e-01
-2.181714134780231018e-01
-3.720283308090801544e-01
1.227627637156484541e-01
-2.658561377605421772e-01
-3.753234264903489992e-01
4.334665105415885789e-02
5.100043261671246414e-02
-2.562165685210406885e-01
-4.824877090656176093e-01
-4.567216924876829065e-01
-7.429544468376196864e-01
-7.927734251715934377e-02
-5.058433962908068238e-02
-3.769908184761712189e-01
-6.787504845179959112e-01
-2.514113743668336953e-01
2.052068765797387673e-01
3.918383305047738463e-01
-1.818115546290448858e-01
7.040006900379846000e-01
3.012978089310176522e-01
7.547332804178081833e-01
2.849703156888663824e-01
3.360822144522562227e-01
-5.487468549026836007e-02
7.995913599479036460e-01
-4.965707122256992068e-01
-8.188602265426156990e-01
-1.901440520727890604e-01
-4.286855903681809354e-01
9.593303700802091605e-01
-1.893423479785298902e-01
-1.649270455144634107e-01
-7.438168349183461592e-01
3.187624332851020648e-01
7.841138986457083515e-01
5.844060350511456198e-02
5.977812339204851000e-01
-8.152954299744600286e-01
-6.126007017206098748e-01
2.282486158345693184e-01
-4.081191100471800448e-01
4.816597172069503885e-01
2.037212738342964458e-01
-7.683569614867495901e-01
-4.926184021627953991e-01
-7.313903891799669599e-02
-8.145893163324756658e-01
6.411526634601962815e-01
-1.878554611376584138e-01
-2.236937337559531669e-01
-2.626066487707719999e-01
1.566563679245651652e-01
-3.723868075730904503e-02
1.039751743628062886e-01
4.265348191120106880e-01
-5.721935768883692486e-01
-6.383990811666333531e-01
-4.694456486370962578e-01
3.019527862009667163e-01
2.299696627009147898e-01
-2.324133436216348492e-01
9.608768190538297116e-03
6.552652261117487553e-01
3.809099621961928306e-01
2.322351555806832502e-01
9.645997454245018587e-02
-1.822816310525253725e-01
2.860782292524596815e-01
-9.904294793379464501e-02
-2.103690671958665659e-01
-7.013347599932082677e-01
-4.182127717374894416e-01
-1.436543866604094721e-01
-8.627440364894278790e-01
-2.212317557597685558e-01
5.128693816537764905e-01
-7.621355600239709815e-01
4.695848575363991695e-01
-1.577222208029211148e-01
-6.183686982534090104e-01
-1.349985517322858930e-01
-1.861604222111741536e-01
-6.023833762600300235e-02
-8.812765603346259247e-02
-1.820070579555396195e-01
-3.814940310473657337e-01
-7.770579324547470801e-01
-2.123249765102565578e-01
-6.701591196114604632e-01
3.829634974920803625e-02
-1.291356563694777693e-01
-6.990983127843243272e-01
5.722280462070111762e-01
-7.332586447240746486e-01
-7.279714977069974280e-01
-1.170267156368590411e-01
-1.357662863995676150e-01
1.877843238694631989e-01
2.984308994879417698e-01
2.695187600124765992e-01
2.980225306057739387e-01
3.351218245307517885e-01
8.844443958265985062e-02
3.721021588613107611e-01
2.701835126773644014e-02
-5.023018983936451409e-01
-5.762026683948544559e-01
5.827058333500648724e-01
2.775911820316268042e-01
-5.384047640104211441e-01
8.791881704712507517e-01
4.797343390899840299e-01
-6.908051698989329248e-01
-7.793527573698302291e-01
-3.016364846555991130e-02
6.675293996778812744e-01
4.756353764864379441e-01
-1.980597862579656643e-01
2.771621513726781894e-01
-5.907255869535020798e-01
-1.921640936582493520e-01
3.778102983251910296e-01
-3.153651548118080461e-01
3.307754441094993836e-01
2.444990841928170455e-01
4.837200608821627945e-01
-7.142996796230695333e-02
-8.720559634798735749e-02
2.406851803805707402e-01
-1.740173745791612769e-01
3.050406385157264921e-01
2.081975892174585674e-01
-6.403228857936047458e-01
2.828185695146214207e-01
-2.142692569553773796e-01
-4.301702090756448493e-01
-3.495832594623622946e-01
-5.468241819237876777e-01
6.063006845427961755e-01
6.285915371078700797e-01
6.216612296319973252e-01
5.169950457916023812e-01
-2.617053833674299890e-01
3.484315799974927463e-01
7.317012862750662539e-01
-4.385258163760785699e-01
-1.000000000000000000e+00
3.205340922585024899e-01
5.538635067314174876e-01
-4.217167110948175646e-01
-2.988467816924775811e-01
-5.561975993493859516e-01
4.118064554308421554e-01
-4.581249052653508236e-01
2.769372380167173242e-01
-2.162625557830478162e-01
-2.914496226349561625e-01
-5.279123269731560431e-01
-2.710865592933524582e-01
1.000000000000000000e+00
-3.330242654929868040e-01
-1.448138052093300154e-01
-3.682519269257219507e-01
-2.518086793688156799e-01
4.590734758296604046e-01
-1.635888357696634876e-01
-4.213941760777484835e-01
-6.133629752009526204e-01
5.557032289681385073e-02
-3.500406700855005493e-01
-8.112293835190792501e-02
-1.985304883780809049e-01
-1.491300410504603491e-03
-3.206785778261562747e-01
3.738199663014952767e-01
-6.288190262129314534e-02
3.851903756386491073e-01
7.995318134401760979e-01
2.670897257485176923e-01
2.651556051727222973e-01
-7.373720027215626693e-01
8.464455852528837143e-01
-8.026475536387315257e-01
6.609239847821546388e-02
-2.395826177477408669e-01
-5.819835808183251302e-01
-6.839309886952120721e-01
4.845980006197502798e-01
3.421012524325378612e-01
-3.488444970673241774e-01
2.729523511941486236e-01
