5.594203603305989425e-01
-3.977234992742599839e-01
1.280831592363200766e-01
-5.113364437330283896e-02
2.249902987385079267e-01
2.524229140015156192e-01
-2.067026882619164563e-01
-5.786397037997186299e-01
-1.579002379823884195e-01
5.678855393298454235e-02
3.879498566431704432e-01
-2.972048584089029277e-01
3.023941099567803992e-01
4.410470994200088035e-01
-1.749301719823351808e-01
-2.759468064804023180e-01
2.117853366382151103e-01
-3.716442936147472398e-02
5.597389490315066718e-01
7.819340671313179669e-02
-2.583880600919312709e-01
-9.970066017057802044e-02
3.874333225651973578e-01
2.710361196368318293e-01
3.280980698741549351e-02
3.763822603681746259e-01
-9.277262053611581294e-01
2.713257019691592831e-01
-1.021111704981911839e-01
-6.468737067497909443e-02
5.936466517271612453e-01
6.266248016600527437e-01
-1.445046619717640368e-01
9.044228329954129286e-01
1.006234952248122039e-01
5.272313656778787605e-02
1.692116363375768540e-01
-2.537623457630679980e-01
-3.669418933567553665e-01
9.159068006851567301e-01
2.595992961857504500e-02
-5.588366827809967408e-01
-4.995630919496563127e-02
1.013880298025546939e-01
1.541180554088992793e-01
2.705257346261119578e-02
7.477674623953101118e-03
-1.473781899448404487e-01
2.273213975376725537e-02
-4.515084798801254906e-01
3.273275471614023324e-01
2.315392961225418156e-02
-3.909551005511389121e-01
3.541995400651537507e-01
-7.633463265113522578e-01
2.199889333149385173e-01
1.565214867737644844e-01
-3.985574243305338715e-01
3.335363309280703903e-01
-2.154200261802656224e-01
5.389510033824790325e-01
4.850887830284907332e-01
-7.798078030796273818e-02
2.484397120592426456e-01
-1.431995346314776651e-02
2.384309849536571102e-01
-4.143025258210946138e-01
-4.349709867603681057e-01
1.206820306530502762e-01
-3.634517177002175026e-01
1.112645244034512759e-01
2.183842338612735912e-01
8.462721905405272693e-01
1.113400923169975132e-01
9.329487961165119914e-02
3.087198117255224306e-01
-9.188100022206087125e-01
-4.289282878733677307e-01
1.520638497130665789e-01
-4.824489896877860728e-02
1.356631145123799592e-02
2.997647961538101313e-01
4.320834241676513310e-01
-7.766305660028118840e-01
5.707289040213320286e-01
-3.063481513338832118e-01
6.755501043397924010e-02
1.888374620565929085e-01
-2.687771776619968245e-03
2.807983740551089902e-02
5.008497590331797422e-01
-3.762491297749684938e-01
-5.164302944730956302e-01
-2.350839977051282503e-01
-3.450393257030774929e-01
-5.711765846592944396e-01
3.923546869620073152e-01
6.648852097378850357e-02
-4.792204548656459062e-02
-5.361315377751717515e-01
5.065787429701306133e-01
5.927782152276842575e-01
4.054732534207969308e-01
3.947726139355647312e-01
4.152548047645270857e-01
1.885900557687743007e-01
-3.740468463488056394e-01
2.413005574088371574e-01
-2.967926559992372162e-02
3.045814820150857805e-02
5.842884653364526226e-01
5.247138358092638677e-02
-6.731868187100024103e-01
1.009898489148492590e-01
-2.989247163114654993e-01
4.968238798684265767e-01
2.707244636399735449e-01
-2.145663880587573846e-01
6.507027402130605154e-02
1.287809268190252820e-01
8.950425333038969367e-01
-3.794544616047792474e-01
1.961196610415272268e-01
2.897101022807500037e-01
8.689430965490943515e-02
-1.599123681369198913e-01
1.813604995918447760e-01
-9.804339416079749236e-03
-6.428550649879323231e-01
3.617399271178015074e-02
-3.605572592891690409e-01
-2.761643334985801612e-01
3.223700984342102727e-01
-3.068487698312467593e-01
-1.782843334770217447e-01
2.044089411912685395e-01
-4.231206297001806060e-01
2.532176200037974390e-01
3.355584203620347594e-01
-4.121875217460346796e-02
-1.462953372566675736e-01
5.094788117977970821e-01
-1.399453205474266437e-01
-4.917426308273639135e-01
-9.941000372145225583e-02
4.406478078710097668e-01
3.910338500994267052e-01
9.005957094678243013e-01
-1.656779850485616198e-02
-8.419533994825352252e-01
-1.311259959170090750e-01
1.801889769702802180e-01
-1.578703996133040688e-01
-3.940492823190840932e-01
6.354157852843865806e-01
6.940178593833667975e-03
-7.091624015046686935e-01
-5.814024327536898573e-01
2.323929723767510780e-02
1.956238497899789319e-01
1.118892448930350336e-02
4.444623594819310242e-01
-6.892404141294468101e-01
3.976754021707887832e-01
-5.270646661276372491e-01
-6.345733685070868990e-01
7.606616023615986322e-01
6.444450027674814008e-01
-2.441548408886179411e-02
-3.074167466616468669e-01
8.797769668359347595e-01
1.230238285051075825e-01
-1.815699903906546897e-01
6.140303611447266441e-01
-6.564773596320426785e-01
2.687335063680372782e-01
2.664154392850781594e-02
-5.727302756450315391e-01
4.907346255151503467e-01
-8.858963522814173874e-01
-3.451000344137675757e-01
-1.141356453715176578e-01
-1.131534269785996472e-01
1.314594306447640637e-01
1.422808522041645873e-01
-3.238980244474494175e-01
-6.202399317771722931e-01
7.385008171942714084e-02
7.480811204218466015e-01
-1.044329477480917812e-01
-2.248019118098260050e-02
-2.476213469117760635e-01
1.349408233160204751e-01
9.312087785537365159e-02
-2.479963811035637011e-01
-1.086390748137828766e-01
-6.050877394508313162e-02
2.049298973367492671e-01
-3.582702517528904007e-01
-2.917919537621365134e-01
2.543900189813964596e-01
1.772247116615298934e-01
9.030660534604426082e-02
6.885922888002993236e-02
5.080957812974166155e-01
-4.663826426346556753e-01
-3.943855633371912833e-02
-1.963675229415260959e-01
6.126372122304926116e-01
1.742569007455505026e-01
-2.998546035957326827e-01
-2.331973130153723595e-01
-5.674117981716016168e-02
6.688755282111975564e-01
-2.411888751704400480e-01
3.911032336332277981e-01
-9.164595382951068459e-02
2.677693479534553056e-01
-3.335513102937199825e-01
-2.716612639755808800e-01
-7.238001178689579262e-02
-3.337278390164634123e-01
-1.777258160433808909e-01
6.582624732687065994e-02
9.438926086897053702e-02
-7.863472297962980084e-01
5.284994062300552020e-01
3.845823895984330498e-01
4.850650635478426231e-02
1.273174009279586238e-01
-1.709534003453125894e-01
-3.102242860840652705e-01
1.824113526631838678e-01
-3.305404470060547273e-01
-4.467742510312765480e-01
7.044808971838734113e-03
-1.473796739626814234e-01
-5.841570982122019640e-01
5.027116851587895008e-01
-1.114339105503499017e-01
-4.352266313582811019e-01
-2.309489383302919252e-01
8.524485305135187652e-01
-1.449434570536280720e-01
-2.532718907138489239e-01
-6.081612046904856239e-01
-8.203167117204630543e-01
-2.953857673522526373e-01
3.583227257470105176e-01
-3.237092281573046570e-02
-3.576841023559058641e-01
-5.977529401626523464e-01
1.933151464754750415e-01
-3.249832230722020376e-02
4.396201487463778368e-01
-3.443453480114719301e-01
-3.777377392847506288e-01
-4.629661857829815985e-01
1.243323051035467725e-01
5.594467453296059212e-03
-7.007568288701399029e-02
2.009565214339577577e-01
-7.477382632942503049e-01
5.952518458409705726e-01
1.050130118832866000e-01
