-1.864509424989710673e-01
1.000000000000000000e+00
1.000000000000000000e+00
-7.204631915594699176e-01
-4.056831883867034749e-01
1.846676534397689862e-01
6.823027062527624587e-01
-4.809878198360980073e-01
9.699908527815301884e-01
-3.716429470144337333e-01
-2.674397933290590945e-01
1.000000000000000000e+00
8.992329176858280260e-01
1.000000000000000000e+00
-1.000000000000000000e+00
3.867549430001705479e-01
1.000000000000000000e+00
-1.000000000000000000e+00
2.064278784047353099e-01
-1.000000000000000000e+00
-9.324186683262996045e-01
8.634320898660257093e-01
-1.000000000000000000e+00
-1.000000000000000000e+00
-7.601180999205772171e-01
6.374223751884549038e-01
-1.000000000000000000e+00
-2.360028688389093077e-01
-1.366263442723297805e-01
9.355976549867062175e-01
1.752518716954812317e-01
6.223110396016939827e-02
-8.324162992572142761e-02
5.761317183328992231e-01
5.840146666376555551e-02
-1.000000000000000000e+00
-2.466865703955049560e-01
-8.399660882380851623e-01
2.911119578652932027e-02
1.000000000000000000e+00
-1.000000000000000000e+00
-8.528625069840258810e-01
1.081738692200271412e-01
-1.000000000000000000e+00
-5.918140219488613463e-01
1.000000000000000000e+00
1.000000000000000000e+00
9.630746572830618524e-01
-2.952208654701032886e-02
2.150454403577160001e-01
7.003170012788670906e-01
-1.865204333820034144e-01
-1.000000000000000000e+00
-4.160969769788313011e-01
-1.000000000000000000e+00
-9.278253899086289502e-01
-8.073210569406958914e-01
1.000000000000000000e+00
-8.458223717233308570e-01
1.000000000000000000e+00
-1.000000000000000000e+00
-1.000000000000000000e+00
8.488000061869334090e-01
-4.647763068763435257e-01
1.000000000000000000e+00
-5.350676608964599623e-03
1.000000000000000000e+00
-3.687014259137295080e-01
-1.752230878856543550e-01
1.000000000000000000e+00
-7.379065586610972227e-01
1.000000000000000000e+00
1.000000000000000000e+00
-1.000000000000000000e+00
1.000000000000000000e+00
-1.000000000000000000e+00
2.316129575623800951e-01
1.000000000000000000e+00
3.979778959746375078e-01
-5.328585685741564770e-01
7.309233665981557104e-01
-8.549619007030218043e-01
8.654914717445858496e-01
1.000000000000000000e+00
9.136683473884293916e-01
2.982591538857662927e-01
1.000000000000000000e+00
9.365541034755027194e-01
-1.000000000000000000e+00
3.659456369309928014e-01
-1.000000000000000000e+00
-1.000000000000000000e+00
-1.989724639577822862e-01
-2.096674043259035558e-01
-4.072106765630575387e-01
2.717081857275288614e-01
2.927735378729531823e-02
-9.778668830564507530e-02
-1.723052188021425568e-01
1.000000000000000000e+00
1.000000000000000000e+00
1.000000000000000000e+00
-1.000000000000000000e+00
4.545683829043460911e-01
3.214063941355573828e-01
1.000000000000000000e+00
-7.402951167705508206e-01
-3.916081996202268600e-01
-1.164364313710391369e-01
-7.744543849261000812e-01
-2.112708211554730486e-01
-1.000000000000000000e+00
4.243021195317804306e-01
4.225236615032839094e-01
4.631081162556135444e-01
-1.000000000000000000e+00
-6.264986608272554713e-01
9.995456908587805334e-01
-6.379233376907715858e-01
-1.000000000000000000e+00
-7.162936150638965493e-01
-1.000000000000000000e+00
-7.529799469074435203e-01
1.055697164349768680e-01
-5.595755102513640944e-01
1.000000000000000000e+00
-1.724344629288461772e-01
4.331632478566794231e-01
2.542216402894071914e-01
1.000000000000000000e+00
1.000000000000000000e+00
5.758883649703494534e-02
-6.232394478523857195e-01
-1.000000000000000000e+00
-5.267023775850172562e-01
2.083571655791123245e-01
-5.461181720334743472e-01
7.947118455408541671e-01
6.393200542689376764e-01
-1.000000000000000000e+00
-4.390666013224946429e-01
8.482813679640311966e-01
5.296298142963233868e-01
-7.829285612099422531e-01
-1.000000000000000000e+00
-2.893871135442464548e-01
5.287401642590938700e-01
-8.409983792353561416e-01
2.895263812665662684e-01
9.035038859262281008e-01
-8.651807773971715854e-01
5.374081202955590664e-01
1.000000000000000000e+00
-9.612532796264044999e-01
1.000000000000000000e+00
-6.749566067414776160e-01
9.190498795186663461e-01
1.000000000000000000e+00
1.000000000000000000e+00
-4.486902037873993776e-01
5.759627749450818568e-01
-5.307192342522579764e-01
-4.969252020580028351e-02
1.000000000000000000e+00
1.000000000000000000e+00
1.000000000000000000e+00
-3.014011382002235173e-01
6.133883580378398648e-01
7.811886683266042741e-01
1.000000000000000000e+00
4.385774169529937372e-01
1.000000000000000000e+00
5.769290704235970069e-02
1.000000000000000000e+00
9.166302101399104174e-01
-1.000000000000000000e+00
-7.774245907265485700e-01
4.173863633543812846e-01
1.000000000000000000e+00
8.639674292014142276e-01
2.800000000000002487e-01
1.000000000000000000e+00
-8.864031586487836067e-01
-1.000000000000000000e+00
-1.000000000000000000e+00
1.219101484479853115e-01
1.000000000000000000e+00
1.000000000000000000e+00
-8.825703465659534563e-01
2.284811048674801892e-01
-5.265099377219913945e-01
5.679840547649330773e-01
-3.400605939946692996e-02
1.000000000000000000e+00
1.000000000000000000e+00
-8.210506375410405733e-01
-1.000000000000000000e+00
-5.308581635509015406e-01
1.000000000000000000e+00
2.201880415820380021e-01
1.000000000000000000e+00
5.794757464109697720e-01
-8.396407322226691061e-01
-1.000000000000000000e+00
1.321558504880219198e-01
-1.000000000000000000e+00
-9.480725241301970474e-01
-5.404894541818108245e-01
-3.438026551409010811e-01
1.139779005508242404e-01
-1.000000000000000000e+00
-2.228224442900783586e-01
-1.000000000000000000e+00
5.181388414449057400e-01
-8.161347135263643526e-01
2.110708915827399501e-01
-1.000000000000000000e+00
7.028914982940988043e-01
1.000000000000000000e+00
1.000000000000000000e+00
-2.738142139112043072e-01
1.817883424389962477e-01
7.421529483919948600e-01
1.000000000000000000e+00
-2.985054960780511024e-01
1.000000000000000000e+00
1.000000000000000000e+00
-9.104146069498719740e-02
9.613305933761711053e-01
-8.733013567572944780e-01
1.666747859953574551e-01
1.000000000000000000e+00
1.000000000000000000e+00
-1.000000000000000000e+00
-8.704165297730310780e-01
9.882477623425571789e-01
8.567431963415875762e-01
-1.000000000000000000e+00
-5.258556707354545834e-01
1.000000000000000000e+00
-7.160383260758098611e-01
2.813027738416274959e-01
8.068742135843286478e-01
1.000000000000000000e+00
1.000000000000000000e+00
-8.127945348748395471e-01
-1.000000000000000000e+00
5.637660021683444933e-01
9.756150565715422385e-01
-1.000000000000000000e+00
-1.000000000000000000e+00
-8.338642337527597537e-01
-2.242491683602861330e-01
-7.471315324359477650e-01
3.101377103590219342e-02
-1.000000000000000000e+00
-3.411543848087824626e-01
-1.000000000000000000e+00
6.366517320830832050e-02
8.152698847273585070e-01
1.000000000000000000e+00
-9.306271703709354526e-01
1.000000000000000000e+00
7.831497194107324145e-01
2.021687089515343816e-01
