-2.741110243421681081e-01
5.020187824305039070e-02
-6.426160188092344683e-01
-4.653098711410379451e-01
-3.801464910943509468e-01
-3.098847193623099905e-01
3.756804244441676044e-01
-7.103572908066718705e-02
-5.171685810332894428e-01
6.099224658400222987e-01
2.785302033101588193e-01
1.117451680559270050e-01
2.838212108134303274e-03
8.968837718990031738e-02
-1.636580265551789704e-01
-5.431375963793310113e-01
-1.066532320471050010e-01
2.036183959930691345e-01
-3.219341232410315445e-01
-2.065564107531162041e-01
1.950119970526423829e-01
-1.420046643485314009e-01
-2.308456453849151990e-01
5.327558600816666434e-01
-2.748894407209405699e-01
3.588836937451071046e-02
4.715898094435636012e-03
-1.090671444592684614e-01
-2.095282172046195601e-01
4.077280238234425314e-01
3.131671555714315991e-01
3.386835158547906177e-01
1.546850617599739297e-01
-9.461351324120934048e-02
5.952246605220770648e-03
2.190754926324298135e-01
-2.010259417470085797e-01
2.532562848660789567e-02
2.484745119785465306e-01
3.148164168164516857e-02
1.504150626079348574e-01
-2.364018986880458417e-01
-2.259077657783988557e-01
5.031336696320657387e-01
-4.888962035207489176e-01
-9.774018259941300024e-02
-2.053759612924550282e-01
7.553155539956619979e-03
-8.734411034952518915e-02
-3.049422058593084239e-01
3.618864552114878785e-01
-3.979051704932424216e-01
-5.340964654705486758e-01
1.685732168220774874e-01
-2.619422915571353871e-02
2.746094892165972245e-01
2.143009640194064591e-01
-1.332169982324978297e-01
-1.006791232704064981e-01
-5.597146777168306858e-02
2.374473027315704698e-01
-2.814592203571807116e-02
1.376680691679910418e-01
9.409141314251989741e-02
-4.178308630311315386e-01
-5.995183981421712271e-01
-6.443761375225103283e-01
1.824797603508824528e-01
-3.449782254333202403e-01
-1.748673284810180473e-01
-5.469081296938888004e-01
-3.537656731775074559e-01
-1.168704064291797851e-01
-3.254934463649224452e-01
-5.025781807927937050e-01
-1.327044077873318906e-01
-6.206497116210683840e-02
1.229175187505299471e-01
-2.058959616329107400e-01
-5.525586925629893953e-02
-1.117476325503963114e-01
2.296336428577861466e-01
-9.169350622914351767e-02
-3.483981007914541128e-02
-1.590456825006998365e-01
1.405702854237456667e-01
1.128628109232954202e-02
1.504076813833800097e-01
1.637288598680379514e-01
-1.111003246374191455e-01
-2.535360966435589170e-01
-1.543161092054993189e-01
-2.303880829189311474e-01
-2.181850875397691181e-01
-4.052075105058966509e-01
2.736356937948530854e-01
-7.622113174618909415e-02
-2.973155180622879742e-02
-5.490311891199731176e-02
1.476008486601827485e-01
1.261012951233627111e-01
2.268794090132617847e-01
2.168744321329113267e-01
1.891135113072565932e-01
2.824662060735587676e-01
-6.782692030146757478e-01
-3.882217569944106939e-01
4.890168294440233598e-02
-4.041507998346319241e-01
-3.642842388067359383e-01
-2.554819928060824211e-02
-4.377536004799408298e-01
4.417641590409338015e-02
8.754505913090361580e-02
2.692007242390758587e-02
-3.202483104914771728e-01
-1.120945555895438983e-02
-1.008893554870432530e-01
3.106789809416746762e-01
1.029582403130408635e-03
3.718260705659564014e-01
-2.373761982830052131e-01
-2.399046375620761395e-02
1.722244712932095578e-01
-4.272516964892744684e-02
1.421326488051812276e-01
1.451282345698281517e-01
2.803436698922941867e-02
3.915292747113507943e-02
2.680746389153632614e-01
-3.239007879333779538e-01
-9.039333176556357818e-02
5.618342581162963922e-01
3.488795943637121866e-01
3.961686540432836634e-01
-6.421770747219834874e-02
-1.819260744075573144e-01
4.367006666497588729e-02
-9.277358281457381839e-02
-5.105199840500231068e-02
5.285411466714798334e-02
1.239748894951101660e-03
1.401723699685588631e-01
1.407120259053661337e-01
1.419796996748378670e-01
2.464450897965830486e-02
3.425848908981294905e-01
-2.175009161411224357e-01
2.921906026040765186e-03
-8.192971092680198519e-02
-4.863120276065950875e-01
4.007627915010972819e-01
3.114627453315019223e-01
-5.581225903094381990e-02
-3.787375574926396538e-01
3.068260258453789358e-01
-5.125125858157588699e-01
1.132133430916946876e-01
-1.224603284225680433e-01
-8.542962333977902056e-02
3.565312775271730489e-02
3.320418378432380413e-01
-2.431969164113642889e-01
3.351627335628881710e-03
2.940006347021718591e-01
-9.109169904966946119e-02
1.236944438108871780e-01
-2.654729619007061281e-01
1.245094803520304938e-01
-1.850406030815732739e-01
-5.252585642727771731e-01
1.115377102134696152e-01
-6.498285221102645393e-01
-2.612653914717835701e-01
7.233113865757469230e-02
-1.246901974197280882e-01
-2.105736143101433200e-01
-3.946639199999263381e-01
1.769626357892533919e-01
-5.556004727813967925e-01
-3.217526440516780828e-01
2.012710243676679167e-01
3.320564824236005852e-01
-2.017503206341911826e-01
-7.087956771738858353e-02
6.152947784250256680e-02
-4.754098024251399712e-01
4.632638285728421512e-03
6.016854460493854528e-01
3.156984709788577259e-01
-3.314354430292951875e-02
-1.430800889686234811e-01
1.620321363528988978e-01
-4.206069532557361046e-01
1.491848063134113556e-01
-1.893866656039402130e-01
-1.384956664046587682e-01
2.411988825930935082e-02
-3.791007783244366158e-01
-2.131042221631308450e-02
-1.425055654972365027e-01
1.891342973620578904e-01
-2.617476571863758816e-01
5.435908971202765283e-01
-1.207621863098197190e-01
1.951159163631026594e-01
-1.371481002443564745e-01
2.988902509459153700e-01
-1.177645658308233145e-01
-9.486632696586089208e-02
-3.149586644782806921e-01
-4.671715691540523352e-01
1.381821146684590607e-01
-1.748572592595892539e-01
-1.272243878655338611e-01
7.355101111040618367e-02
-1.889950875824066567e-01
4.889669985579718492e-02
1.560587206365782187e-02
-3.437958673440628110e-01
-4.166080350281739508e-01
2.124317489036575968e-01
5.200444368468419565e-02
3.316801699899425970e-01
6.913199853735055300e-02
2.443461971830899193e-01
-1.842643014525333078e-02
1.397378870314289478e-01
1.518109375715110537e-02
-3.756944489040041080e-01
-4.954132746290028644e-01
1.396967497777233669e-02
3.639987938547493973e-02
1.626080167904536689e-01
2.951491683501659136e-01
4.414599608331295014e-03
-2.664993457701502755e-01
-5.425331031742365306e-01
1.240369754014842563e-01
-7.089106739569464577e-02
-4.034106729867477370e-02
-3.346976096181516480e-01
2.578079488817019982e-02
1.687862682979704987e-01
-3.001179374358944330e-01
1.437288791960287526e-01
5.153038547861399366e-02
2.471307695340547450e-01
5.153033029258933251e-01
-5.516440142008363634e-02
-3.433356109193848316e-02
7.231047853546067328e-02
-3.754637839578360559e-02
-2.035284007442767495e-01
5.136798483710759422e-01
-1.449366510474631164e-01
1.359253455935023891e-01
-1.451788697209604184e-01
-7.706109174480474389e-03
5.010839702342730906e-01
-2.276987131778707429e-01
2.048540817156076499e-01
1.408551022754457316e-01
4.337687407915487570e-01
-3.681741644220589693e-01
