-1.000000000000000000e+00
-6.585630329771092750e-01
3.459422385637875852e-01
4.263515473838878633e-01
-6.975897989960089252e-02
1.657990594392650119e-01
-5.319813367347858701e-01
3.008848494897711778e-02
-1.944662539955804292e-01
-1.000000000000000000e+00
4.862036027265592697e-02
2.932232610150913299e-01
8.575728274682765662e-01
-1.109575097663200068e-02
-4.567155284465649334e-01
6.693542440581860820e-02
5.238140922796222787e-01
-5.997723991599007709e-01
3.412328357472861340e-01
2.049264380561648669e-01
-1.299204084647406499e-01
-7.324479194647867120e-01
2.131831142393265377e-01
1.000000000000000000e+00
-2.900048249761911223e-01
1.017908082368201433e-01
3.843308563083079887e-01
-2.647274074275206002e-01
-4.190026398054478296e-01
-4.419846121146873141e-01
1.000000000000000000e+00
-9.264311127963931192e-01
6.611237529865512386e-01
-2.628378930643838207e-01
2.128542492606919079e-02
3.437495552685445044e-01
-5.733624739614501253e-01
-4.028479942355828736e-01
-3.875807054391282036e-01
-6.034109620320697587e-02
-8.649639056807650883e-01
6.597037852923742784e-02
-1.060470582294609221e-01
-2.891635287001049215e-01
7.708915723296161371e-01
-9.167617340487711486e-01
-2.618321282846002296e-01
-6.696173140136026936e-01
6.971752962300072909e-01
-7.250728728310601445e-01
7.718101811156887759e-01
-1.000000000000000000e+00
1.603020801342933122e-01
7.726246095351289034e-01
6.311401591793372456e-02
1.000000000000000000e+00
-1.212639917604253909e-01
-3.134722836284347114e-01
-2.622518812982253533e-01
4.056807362167745845e-01
7.631681858177550293e-01
8.400727595659160940e-01
-5.804396258038185819e-01
4.783828516240093420e-02
-1.697109054822547036e-01
6.084282972082190044e-01
-1.000000000000000000e+00
1.000000000000000000e+00
-1.632078395166489670e-01
-3.609506851312047626e-01
-7.542247765278902172e-01
-2.362871943255684393e-03
8.639499067713434233e-01
-2.374213164265276677e-01
7.071837789014707720e-01
-2.279489696034516510e-01
-4.392464163193117166e-01
-8.141311349350838222e-01
5.712448206646153492e-01
1.000000000000000000e+00
-5.108802002144730015e-01
-3.727742142937976455e-01
1.658184667240297505e-01
1.000000000000000000e+00
2.159674018385112637e-01
-6.516458858873435123e-01
-1.000000000000000000e+00
3.475551998550434618e-01
-2.717867486503656171e-01
-3.501451953259778205e-01
5.641462697778443225e-01
-5.280655108585841084e-01
-5.270318649607279582e-01
-1.000000000000000000e+00
-2.008804075590354954e-01
-7.886373188961952607e-01
3.369832882749679293e-01
-7.229866605885051367e-01
4.074228645344769584e-01
-9.096087784778217333e-03
-9.665925497629309637e-01
9.899427426758476978e-01
-3.566880201594955224e-01
-7.114648999369681537e-01
4.696129108777025718e-01
-1.000000000000000000e+00
3.258035833439700268e-01
5.672680019172773314e-01
-1.000000000000000000e+00
2.380884871100198419e-01
-5.783398265086445722e-01
-1.496538875514796807e-01
-5.041524004357305078e-01
6.708939179704866973e-01
9.568270923957981067e-01
-2.464787841083594666e-02
3.170043455725065629e-01
8.277926478923520737e-01
3.139367557121408581e-03
6.134560533012675121e-01
-7.725696195854980797e-01
4.718503892589499538e-01
-3.553456102258640836e-01
-2.735785490037454526e-01
-5.036870090584337489e-02
-3.248325547811541925e-01
-1.603211838305332870e-01
6.186276930038745459e-01
3.926962752987220862e-01
8.332445399713026557e-01
-8.211371321294093084e-01
3.343198417085476715e-01
-2.085347641227104365e-01
-5.880192209659479419e-01
4.775225489545519841e-01
-8.115700372854198763e-01
-6.581013013920909982e-01
8.781151048264206338e-01
-3.300368973971862241e-01
-5.467221881674420025e-01
-4.085125334631166671e-01
-1.095470978732526746e-03
4.002493160534579264e-01
9.376390588369190038e-01
4.734825975571319567e-01
1.000000000000000000e+00
1.728112438944330864e-01
-8.311910221570787405e-01
-1.334438334285967809e-01
9.553027823675622199e-02
-1.000000000000000000e+00
-9.247055667754858765e-01
6.577170711092833466e-02
-9.061990432159746645e-01
1.581599546202535622e-01
1.343765574707047605e-01
-1.893868195040778607e-02
-2.482904979831762060e-01
1.792495791943148065e-01
2.081917703741264225e-01
-1.000000000000000000e+00
-1.000000000000000000e+00
-4.386798941757837911e-01
-7.166757683643043553e-01
-1.887297905449651370e-01
-1.000000000000000000e+00
-5.249931499130494617e-01
-1.397499288101211046e-01
1.544465262305191045e-01
3.297697763579107710e-01
3.050661867041654096e-01
-3.925486625339563163e-01
-5.351799380115813687e-01
4.878237104905596144e-01
-7.145714840626808673e-02
-2.947083806533437600e-02
1.000000000000000000e+00
8.847326425678250783e-02
9.475326277040035938e-02
-1.000000000000000000e+00
-1.255910718204236165e-01
-3.092913208817636012e-03
-7.019285153795031817e-01
2.031474997778788538e-01
-1.692071113733688570e-01
2.652518417671538842e-01
-3.230798824107104505e-01
2.266491097801508203e-02
-8.438718375991677290e-01
2.305194250742268747e-01
1.000000000000000000e+00
9.594325591222798710e-01
7.989298451959265801e-01
1.349977441175748138e-01
6.060196705470577427e-02
-2.939213102113992226e-01
3.629227615664218365e-01
-3.983731119339178894e-02
-1.000000000000000000e+00
3.498999090917920274e-02
6.133228911559579499e-01
4.296366893981147239e-01
-4.320014673577556863e-01
-1.588150485332824324e-01
6.664698439164841171e-01
5.032053128096756200e-01
-4.554159813416528424e-01
-3.423747146198085067e-01
9.009669584654418362e-01
-3.396174653279304678e-01
-5.226385273557794253e-01
-4.122041330938018833e-01
1.394913577510179525e-01
-3.204182172781454563e-01
-9.985369844476849055e-02
-8.232086594285447090e-01
-7.491034879011887471e-01
6.789966092137018627e-01
3.195187199312465309e-01
-1.347702168804346401e-01
-6.291116827250807786e-01
-4.438909329706978157e-01
2.397943391437814820e-01
-3.393347517057093005e-02
6.201163478928042178e-02
-1.652064175329384654e-03
6.196483167565929318e-01
1.421056364094712143e-01
6.072736726188094902e-01
2.922192505580375466e-01
-8.208564946607130874e-01
5.563832777798780743e-02
4.615762381810369908e-01
1.000000000000000000e+00
7.248826378428722128e-01
-1.000000000000000000e+00
-4.353119891021917098e-01
7.334666265954735698e-01
-5.399256087247955582e-01
-4.433044547193282225e-01
1.033454376266168262e-01
-2.175682942634357686e-01
6.066921126359490213e-01
9.297567931632965132e-01
1.966552989892743353e-01
-4.395824496936179271e-01
4.295106059250046737e-01
5.540142316642797660e-01
-1.000000000000000000e+00
-1.000000000000000000e+00
9.037138729319558195e-01
6.304410513232775459e-01
-2.006114455988822765e-01
-1.252920231524926042e-01
-1.755029967504351252e-01
3.498598320387074079e-01
2.001099393208731203e-01
4.292857651209536773e-01
-1.337081116528013869e-01
-6.802568344728585625e-01
-9.882362230313599394e-01
6.861033161936587188e-01
6.989127881974916967e-01
2.672541657587384489e-01
6.506855278002166010e-01
