1.000000000000000000e+00
4.626558770300777113e-01
-3.897954643518355411e-01
1.000000000000000000e+00
8.078562264945126081e-01
-1.800651045214228252e-01
1.000000000000000000e+00
8.697403376645600481e-01
-1.000000000000000000e+00
-3.567521709919290185e-01
-1.000000000000000000e+00
-5.092097204066730054e-01
-3.250530352364586761e-01
-9.686045627289499027e-01
-1.000000000000000000e+00
5.680380955749475547e-02
-1.000000000000000000e+00
3.744982488859835978e-01
-5.477336655572927482e-01
-1.000000000000000000e+00
8.187584960611861140e-01
-3.529295017644151766e-02
2.658968728797324044e-01
4.082880933401533685e-03
5.214197620749454476e-01
-1.000000000000000000e+00
-6.416905038940380612e-02
-4.893297051964180522e-01
-1.000000000000000000e+00
6.761165394102377491e-01
1.000000000000000000e+00
-1.000000000000000000e+00
-1.000000000000000000e+00
1.000000000000000000e+00
-3.041201835833279299e-01
6.853513124995559425e-01
-1.000000000000000000e+00
4.485924737634977011e-01
5.437749988933796574e-01
1.000000000000000000e+00
-9.911994739086826822e-01
-4.531323359201647194e-02
-1.000000000000000000e+00
3.800660740867004006e-02
8.012874092666363302e-01
-2.691922948649402292e-01
1.900898654831252865e-01
-9.506297239847769642e-01
4.277610121338082383e-02
-2.764025207292160613e-01
-8.611365446961187775e-01
-7.489101005009495271e-01
-7.806231195794199884e-01
-1.939854113337942665e-01
-2.004298611948930886e-01
7.585134045403230107e-02
-2.298308804233795410e-01
-4.179190099528842239e-01
8.899705699234344847e-01
1.318902318120463990e-01
3.854024895818553009e-01
-1.000000000000000000e+00
-6.010581291426386752e-01
-3.157219446530390439e-01
-1.000000000000000000e+00
-7.546690670584471627e-01
1.000000000000000000e+00
8.109363364042324607e-01
6.361698918655538382e-01
1.511130140135559519e-01
-1.000000000000000000e+00
5.913024603815832947e-01
9.243832125592645887e-01
-2.714545455559457809e-01
1.537308472649043523e-01
-4.088002797747428696e-01
-5.365944310831199937e-01
-2.595105447099549378e-01
-3.978326721731386684e-01
1.000000000000000000e+00
-9.442274808580092271e-01
1.665212417909882614e-01
-1.272429070472747004e-02
-7.170164861960309777e-01
-6.928498638417126543e-01
2.331527530131112247e-01
-1.000000000000000000e+00
5.439353562510342854e-01
-2.160366402195770530e-01
-2.033807064133542064e-01
8.532747152999176077e-01
-4.966905035426502635e-02
6.315596502813507485e-01
7.674261541655178487e-01
-5.323060579862718411e-01
-8.822927588845979052e-01
-1.000000000000000000e+00
5.232990154835881480e-02
1.870920251426538838e-02
4.763701725617913718e-01
-2.450317092485602422e-01
-1.607733228985609719e-01
-8.421038025170610730e-01
6.706799740577968905e-01
1.000000000000000000e+00
5.159872025543329466e-01
-2.902643462204507196e-02
-8.336955556481288054e-01
4.076051213500105352e-01
3.888824777553113177e-01
3.503281240930198326e-01
8.654436379659163903e-01
-2.213418118639622900e-01
1.000000000000000000e+00
-1.000000000000000000e+00
-9.932025671009512280e-01
-6.348369289716557784e-01
-1.000000000000000000e+00
1.098778772493165246e-01
-1.000000000000000000e+00
-7.356524577858312153e-01
-4.045386905447720949e-01
-5.308123878026033138e-02
5.697394128867596663e-01
6.854328749606147797e-01
1.717467959994473381e-01
-9.400620197250040277e-01
1.000000000000000000e+00
-5.482034048482392619e-01
-9.213011042888321622e-01
6.784304758180397243e-01
-4.184255354930158100e-01
-1.000000000000000000e+00
6.457551338467708568e-01
-1.000000000000000000e+00
1.700727007891572606e-01
-1.297320946794705554e-01
5.359333509550028296e-01
1.811555953765192628e-01
3.659194068175440906e-01
1.000000000000000000e+00
-1.000000000000000000e+00
3.493315055340319719e-01
-6.316308375036152611e-01
9.643126792700033034e-01
9.271543333134457665e-01
3.560393642582895257e-01
7.809576137137174134e-01
5.688540353950616302e-01
-7.449400872666841478e-01
-1.000000000000000000e+00
6.222230647385993407e-01
5.591350773114774908e-01
-1.000000000000000000e+00
-5.415148020701509024e-01
1.000000000000000000e+00
-1.000000000000000000e+00
-2.567585261493886550e-01
-1.181244544943144126e-02
-4.717000481611753337e-01
-1.000000000000000000e+00
-6.852490842435481344e-01
-1.000000000000000000e+00
1.287647234942773666e-02
-5.648931357361069994e-01
-6.805506272633488063e-01
8.452023749266440733e-02
1.000000000000000000e+00
4.469011203444975822e-01
-1.000000000000000000e+00
-1.000000000000000000e+00
-1.598813583812670469e-01
-2.742136358274808727e-01
-7.232993162603390536e-01
-1.000000000000000000e+00
5.712402109797770633e-01
1.246736137782311488e-01
-3.839713956369656400e-01
-7.353741574974995698e-01
-5.949905371899348872e-01
-5.144276542927391782e-01
-6.789220006813467823e-01
9.787689280706697303e-01
1.272437774315756942e-01
-1.000000000000000000e+00
-9.596033396410716954e-01
-1.000000000000000000e+00
-1.000000000000000000e+00
3.781970388020368667e-01
-1.000000000000000000e+00
8.555347793007346269e-01
3.764248877733837872e-01
-1.125361242574932641e-01
6.600585458186980503e-01
-1.000000000000000000e+00
-7.119511616700060497e-01
7.869816289669018250e-01
-8.001160947527496958e-01
-2.768459197598482913e-02
-9.760128564364267678e-01
3.781314433945853759e-02
-1.000000000000000000e+00
1.651021114505322185e-01
-2.813791581120411722e-01
-1.000000000000000000e+00
1.000000000000000000e+00
1.000000000000000000e+00
2.492189661152459657e-01
-4.030413917407238422e-02
1.000000000000000000e+00
-8.953225588493526343e-01
-1.761157873744103042e-01
6.783024271709969799e-01
4.441192477566180408e-01
1.403030307895666573e-01
1.000000000000000000e+00
7.142293765770300062e-01
-1.000000000000000000e+00
6.218095717634430919e-01
-1.000000000000000000e+00
-2.888441828124522770e-01
-7.570954645121896753e-02
-1.000000000000000000e+00
8.458857276897642219e-01
2.841986208811925207e-01
8.308649272081520820e-01
1.000000000000000000e+00
8.075138949085440832e-01
-3.731891751603534368e-01
1.000000000000000000e+00
-5.918954102292596220e-01
4.029066588881502486e-01
-1.000000000000000000e+00
8.855720313677319933e-01
4.860477686588468016e-01
7.500868538703020505e-03
-2.845362738315775908e-01
7.283369586323205080e-01
1.390856167725999792e-01
3.169307048048335407e-01
-1.000000000000000000e+00
4.207026841890573188e-01
-5.502134912990047644e-01
-7.324873970518619437e-02
-3.561749647706523580e-01
9.891680616319941111e-01
-1.000000000000000000e+00
-5.439286051791502041e-01
1.000000000000000000e+00
3.135540106712094155e-01
1.000000000000000000e+00
-1.000000000000000000e+00
1.000000000000000000e+00
-1.000000000000000000e+00
-8.599504066301144611e-01
6.142912122249373219e-01
6.818647374461103139e-01
4.798894704731364036e-01
5.365691040034898940e-01
-9.412580081452419645e-01
-2.241293502424555606e-01
-6.933352399463464932e-01
-9.160189604174058253e-01
4.204679414731765652e-01
1.283186966954114328e-01
