-1.000000000000000000e+00
4.196532995758488482e-01
9.139296308998793306e-01
-6.686520312521130327e-01
-8.719443010103112845e-01
-3.245024569790546098e-01
-8.028537817668506271e-01
7.038870524069914536e-01
2.173613352681716959e-01
-7.435368474514166826e-01
-4.496875639835611754e-02
-7.751837269019848375e-02
4.681085209494280641e-01
1.161627089188341927e-01
-2.676659449275557989e-01
4.901307868441003857e-01
1.947420843340850749e-01
-3.626035274031744748e-01
1.975708014122690981e-01
-8.492758903592958486e-01
8.229065401785508049e-01
-6.352393329153928070e-01
2.405197275914048582e-01
3.977852432197498955e-01
-6.822375562916511704e-01
-1.231093482394535615e-01
-6.453437762611393680e-01
-3.419248006623942793e-01
3.329883119446354067e-01
6.934981516811355995e-01
-2.779813064896105024e-01
-2.220688526463453771e-01
-8.154490440821192676e-01
-9.342744420259219140e-01
5.357663098315766925e-01
2.175873461073387083e-01
-7.225207593704758846e-01
1.625097300818581780e-01
-3.756429981526090978e-02
-4.981180037934991867e-01
-4.017675974017182461e-01
-1.824145482894520554e-01
7.561693235466176999e-01
-2.672943739658096840e-01
8.987211924047785461e-01
4.682765261864368922e-01
5.339972167638144807e-02
-5.712637609957956775e-01
-7.979495235577388490e-01
2.891850093896974894e-01
-1.611677537494530729e-02
-8.472087010927552564e-01
-4.732764926580086962e-01
6.175703091184315818e-01
-9.105225548209359143e-01
4.717667166905603615e-01
-5.059981027582102220e-01
6.299697927283731680e-01
-4.937744907189972610e-01
-5.203338113062423720e-02
3.618476004165215726e-02
2.073275670872619728e-02
9.987227498536330739e-01
8.623032557785825780e-02
-4.148479804741736499e-02
4.179314478530607446e-01
-4.614053363138904129e-01
-4.623065849849250508e-01
-4.884434294853906566e-01
4.463759151958745508e-01
-6.142688858600813262e-01
8.158982355291961586e-01
6.613050657511880814e-01
9.070321380513280962e-01
-2.278900541162675042e-01
-1.855019361807968420e-02
-2.377352886050898562e-02
-5.832756933632894381e-01
4.169114370309602302e-01
6.538351139076180596e-01
-5.327835013649843132e-01
-8.492429397698245674e-01
2.381867267397473065e-01
1.000000000000000000e+00
-2.670684330838989373e-01
-4.708725079578001682e-01
-8.839874231488473733e-01
2.092445018971632598e-01
9.432481818530364936e-01
4.900466736590348149e-01
3.835370912353144868e-01
-2.986609781026938748e-01
3.097537153947172439e-01
-7.728664179748128138e-01
1.933301092078789848e-02
-1.000000000000000000e+00
-5.160795184912198019e-01
-5.625168544726747433e-01
7.367674135791392187e-01
-5.531539684134770818e-01
-7.575422630666204249e-01
-1.820912978547805094e-01
3.744783741527762944e-01
-3.262523806612448452e-01
1.616665868971141062e-01
-6.281087480010738577e-01
2.440677583925250083e-01
-8.952296220824123019e-01
-9.958027175239416717e-01
7.461895356785847033e-01
-9.307626257212789911e-01
-8.147035924904774129e-01
-6.416420388796996166e-01
-4.489146884047896524e-01
-1.763312945526858133e-01
4.237785425667406347e-01
-2.698952268957874878e-01
-9.156592313341542777e-01
-1.934691733031891903e-01
-4.608338071392692470e-01
1.542788954333134399e-01
5.397500906362112660e-01
-9.831534417797514747e-02
-9.990529258750884267e-01
1.684929326617600198e-01
-8.912415495924254083e-01
5.407363796129035505e-01
4.352481630511955135e-01
4.010840211800741351e-01
1.697621471952734662e-01
-1.473129350922295078e-01
1.752232001904768452e-02
-1.418218926190997486e-01
5.630575461787525882e-01
3.835629842381682031e-01
-7.637323836159842783e-01
1.807945939875452990e-01
3.234824847794660618e-01
9.513748426819533810e-01
-6.150817781160091563e-02
1.647437705963696875e-01
-1.993883818122006713e-02
5.220502603659478158e-01
-1.401939264247637484e-01
6.840427367302641670e-01
1.000000000000000000e+00
-4.998361990755463280e-01
3.248185175869834351e-01
8.968642243396841573e-01
9.560376328527535605e-01
4.046886885430184266e-02
3.248837165290957563e-01
-4.666518766162633391e-02
-8.999907196198000392e-01
-3.511448721999629319e-01
1.511071996042069321e-01
-1.297944107521952217e-01
-4.574544485481593648e-01
9.736252223039696396e-01
8.285076722894775259e-01
-4.353409730311916803e-01
-4.761138219414371431e-01
2.269614275917898605e-01
3.693037032414381998e-02
9.875734762376410236e-01
3.676498161646025720e-01
7.321496504025579721e-01
-4.623846336340381447e-01
7.398602697807310502e-01
6.997559419478349696e-01
-7.368594240746390023e-01
9.298031707524149203e-01
-9.597331956602023206e-01
8.337093556954835449e-01
7.575815312386128264e-01
5.159437886572043608e-01
8.251769521963181475e-01
7.837559089397054812e-01
-5.368429699295860225e-01
-9.703640715356612878e-01
-1.481445162242563673e-01
6.251071214531641607e-01
4.267007389018013797e-01
-3.259912159462032832e-01
-3.541841874496921561e-01
4.234275954978243273e-01
8.134493279399597210e-01
-2.879259038757695510e-01
9.684627218108050883e-02
9.893173236559649197e-02
-9.192831851335359072e-01
1.000000000000000000e+00
3.139668614238105837e-01
-3.196689823594908719e-01
3.542455279697777626e-01
6.671718587791980459e-02
-3.034535491353240744e-01
1.000000000000000000e+00
3.415479195547493907e-03
6.202836939622009549e-01
4.588651743623383128e-01
9.785870824095492804e-01
-2.021600442741922077e-01
-4.908324763464825269e-01
6.669286091267687677e-01
-2.803861397972776115e-01
4.255546682691691007e-01
8.403485407418935516e-02
5.513949935888132758e-01
5.007350363346935174e-01
6.259330703943368768e-01
2.449789482017941666e-01
1.000000000000000000e+00
4.350576268024223259e-01
1.089452291604171563e-01
2.925006344917471246e-01
7.431742757978559988e-01
-9.678872772670297220e-01
2.783131646077132704e-01
1.000000000000000000e+00
-9.431388720535505144e-01
2.384337314832909657e-02
2.950846364699823976e-01
-5.142566642819819123e-01
-9.565871460087190803e-01
-2.115699827331725957e-01
-3.205597484632293770e-01
-1.000000000000000000e+00
5.115394995344259010e-01
9.222141768708371767e-01
1.268792715289861761e-01
-4.947519224943678351e-01
9.834022027305779901e-01
-8.149450660116540623e-01
-9.833435642426248124e-01
-2.681685642624660471e-01
-3.314998947671522755e-02
-2.330242847688728525e-01
3.928505115491585653e-01
4.768458166552409783e-02
-6.419697174809169127e-01
8.630256507780736941e-01
1.000000000000000000e+00
-7.195780543772481996e-01
7.801078457869764504e-02
-3.329780973169669256e-01
-9.960360960551308818e-01
-1.596546127172062401e-01
3.519859800736480637e-01
-2.264118110647534432e-01
5.352268269614954832e-01
-9.484187072300184207e-01
1.963377250077361080e-02
-3.738436121631167341e-01
-7.273596736533227691e-01
-7.537817039706297406e-02
2.155199350461266955e-02
-4.040992525942258551e-01
1.807431765966207582e-01
4.864103270292446379e-01
-9.536287064545667658e-01
1.010383969467517906e-01
9.252526533546224785e-01
2.000375246021688508e-02
5.975278548786904231e-01
