-2.189603497878659377e-01
8.452303836083713273e-01
-2.810795741462367991e-01
-4.190580885327691574e-01
6.958468265031563238e-01
7.452761741468976187e-01
-9.219417259651336849e-01
6.641901680006191411e-01
-7.441036863970107440e-01
9.364658508670721249e-01
9.367625966939017168e-01
-6.735847791784762562e-01
-3.566377707662053420e-01
9.922348629493146221e-01
-5.627839233388293172e-01
-9.994029451321730928e-01
-8.449690148704991355e-01
9.966502694060258571e-01
1.000000000000000000e+00
9.895063838617910168e-01
-9.897322660305613029e-01
8.547529111201793706e-01
-9.732534770679318603e-01
9.809236705733010986e-01
9.022368559265515620e-01
-4.974286320601110645e-01
-4.204924032772795472e-01
7.022117487425036941e-01
-9.024215539708587697e-01
-9.965498774258735315e-01
4.986367360805824545e-01
-8.878496768538546302e-01
7.488352791177701473e-01
3.606595763140777455e-01
4.746802219354238628e-01
2.143995347052237155e-01
3.429632725947289740e-01
3.584951525819662921e-02
8.691087123284142457e-01
-9.953121332352912187e-01
-3.749114065826242292e-01
-6.605985652683419307e-01
-9.934910072001919001e-01
-8.907164322923221134e-01
9.766950555896828368e-01
1.000000000000000000e+00
-9.682731865884686151e-01
8.669599579466645833e-01
-5.931826754644337063e-01
9.923411194132992774e-01
9.967033062549623956e-01
1.543664267125269551e-01
3.275145528616934532e-01
9.994301083258507745e-01
9.340983434127264617e-01
7.274689325006005181e-01
-8.541149909729720546e-01
-1.000000000000000000e+00
-1.000000000000000000e+00
2.040189538846076678e-02
9.965993768767081873e-01
4.230621281443007753e-01
7.601337861143454555e-01
-6.202029405903288772e-01
9.377457899692926979e-01
-7.177888341205305167e-01
7.527167840765465190e-01
7.024350038480420277e-01
4.885835038515249917e-01
9.001779115831770595e-01
-5.516240151963914817e-01
-9.999649066198036396e-01
-9.344710677992963399e-01
6.168887401500405820e-01
-3.208642127881154993e-01
-9.905632359386048469e-01
-4.823138805267907642e-02
9.852352382154634380e-01
-4.819495388475331654e-01
9.946128357384793617e-01
-9.993944764640827483e-01
2.807450535578185358e-01
4.355526773908775517e-01
6.835465525288648703e-01
9.246271430548076431e-01
7.880843463357229961e-01
1.373411178225328599e-01
-9.703393625787571919e-01
9.091982474538984338e-01
9.766459178635277238e-01
-6.773445883806745726e-01
-9.553948900211968187e-01
9.866738189949573190e-01
4.934165645027427383e-01
-3.887395409960039266e-02
-9.811648460397522920e-01
8.879041151722801839e-01
-8.250106652671026497e-01
9.836150775215146691e-01
1.589901257616484487e-01
8.377930920715800367e-01
2.699169070543406823e-01
9.984405447450021009e-01
-9.927480398043385668e-01
-2.495926530024168422e-01
6.708574860478413449e-01
9.011034242307534026e-01
-9.654770037071056521e-01
-9.991327851854910902e-01
8.282277847240483437e-01
4.248616537169286334e-01
6.092300918860509285e-01
1.000000000000000000e+00
3.715532557546165626e-01
9.993452013510097931e-01
2.916310461849308533e-01
-5.799615896117628067e-01
-1.000000000000000000e+00
9.316007377785200383e-01
-9.664925975361219335e-01
8.917561600189898297e-01
3.957742340663615299e-01
-6.265424174468611218e-01
-9.939100441551316223e-01
-6.956902829195198423e-01
-9.069651596796539650e-01
9.759331414647218761e-01
2.164789544370028518e-01
-7.689650714325655390e-01
9.876306277976847348e-01
-8.730897717618709697e-01
3.179824336805359697e-01
-2.567531714675333129e-02
6.854818260238009220e-01
-4.418394393519065044e-01
9.180394386022538988e-01
6.648384020031894437e-02
7.630977773068963188e-01
-9.823059533814473276e-01
1.000000000000000000e+00
-9.739589026284832807e-01
8.439371532367461182e-01
6.322501446497821309e-01
-9.380929287048280774e-01
4.851135273275747339e-01
9.023588891321966399e-01
6.517814337460658969e-01
-1.316732425293380970e-01
9.541446904051279487e-01
-4.113534070434361478e-01
-9.148455281726861621e-01
2.931312673649269507e-01
1.801460856132306998e-01
-8.198000465693517924e-01
-8.285581170855711719e-02
-5.756095491579985568e-01
9.988929220798336006e-01
9.220923093967112738e-01
-1.000000000000000000e+00
-2.700477318438341823e-01
-9.977593217317286545e-01
9.351760847452802450e-01
-2.116592210194189194e-01
-9.546446656281449838e-01
-3.899236902464164878e-01
9.457247799116021980e-01
9.977349160716906251e-01
-8.429440671493229065e-01
-1.000000000000000000e+00
-1.000000000000000000e+00
2.866272834665886116e-01
6.496909387198569474e-01
4.406211610570579668e-02
9.894710810581214266e-01
9.738670001917354435e-01
-9.815191048569309462e-01
-7.804198162936332173e-01
-8.940068990841952834e-01
2.294736812080011290e-01
-1.090493621870549101e-01
9.691816535300582514e-01
-9.974310095214098393e-01
-5.097261803006809533e-01
-3.371328335375463059e-01
-9.982943790490178548e-01
-5.089441860681594987e-01
-9.999289474360879559e-01
-9.520297263718489056e-01
-7.281167458011736926e-01
9.893653250002959476e-01
-5.619391610633176493e-01
-9.770188599176014010e-01
9.927618599556373713e-01
-6.413755536729055517e-01
9.654456070784152022e-01
8.237023556517513168e-01
-5.138150303222416282e-01
6.148585197368936495e-01
-9.508533498270219653e-01
-3.552101906857367264e-01
-9.983166955534301668e-01
-8.209747499658283099e-01
9.491318165215499869e-01
-6.933814083470734024e-01
-4.108831023867594023e-01
9.980212405328051650e-01
9.926797506029775287e-01
9.971748482759984489e-01
9.715478110842832304e-01
9.733534767005396215e-01
-1.230848813425102772e-01
7.597278706812613525e-01
-1.511631322558522894e-01
-9.986901238224734634e-01
-4.742280879888158829e-01
8.212634783372280145e-01
-9.949342367124650588e-01
-9.701849298308444780e-01
7.435071842307293677e-01
1.785622843628545398e-01
-7.053436025716010027e-01
-9.614769474191203757e-01
1.000000000000000000e+00
7.363888509034097751e-01
8.075384628779731511e-01
9.975507935337939447e-01
9.992358498726386928e-01
-8.777478464115172352e-02
7.889499588191489776e-01
9.848564663156783583e-01
6.101527033684588791e-02
-9.417390285298946617e-01
9.629400685887515854e-01
1.464441624968785272e-01
9.961846836066149402e-01
-9.970047386562320701e-01
6.004322678184237372e-01
1.981926850966259090e-02
-8.733625052943427836e-02
1.000000000000000000e+00
-9.099394145702027759e-01
-9.983854180413351820e-01
7.496668800504708852e-01
3.837914367702338625e-01
3.374239045999384845e-01
8.853436237862328806e-01
8.051640460625080209e-01
5.669727331981226914e-01
9.963701854548002723e-01
8.310309962901905045e-01
8.792261002561204686e-01
-9.991869622616763591e-01
7.165575171539640964e-01
9.893733718165680369e-01
2.785311207262439748e-01
4.451386217207377594e-01
9.912913351233850756e-01
8.898917747618305674e-01
-3.025889103294424065e-01
4.295215174920999912e-01
-4.874234740507948360e-01
-8.659042823913287723e-01
9.996309468025488254e-01
-1.000000000000000000e+00
-1.000000000000000000e+00
