9.306361009426957764e-01
-1.000000000000000000e+00
-1.000000000000000000e+00
3.701025094673914273e-01
2.612377028041733551e-01
-6.654547715019742959e-01
4.802847527786768822e-01
-9.405226531022661263e-01
-1.180436597022535283e-01
-2.456925417542500101e-01
-9.699161308279061755e-01
-1.000000000000000000e+00
-6.900211966536951014e-03
1.614118629727518406e-01
1.000000000000000000e+00
8.506222704751142949e-02
-4.872982997749357725e-01
4.658367097197732565e-01
4.468346206156392775e-01
-4.001217541046107051e-01
-1.000000000000000000e+00
1.000000000000000000e+00
-2.126223309478556811e-01
3.370337299189197222e-01
4.476339521808858635e-01
-1.000000000000000000e+00
-6.713397110026578241e-02
-2.524120861270042759e-01
-2.415709703481137005e-01
-1.000000000000000000e+00
-4.399885741880238399e-01
-1.000000000000000000e+00
1.000000000000000000e+00
6.596007180869956077e-01
-6.355158301237873175e-02
-5.918228792951867323e-01
-1.296525442445609910e-01
5.558052104356592249e-01
1.816615821927686225e-01
-7.362715796118857181e-03
2.294312987775205259e-01
-1.000000000000000000e+00
-6.533625202070664217e-01
1.000000000000000000e+00
8.139995289381094512e-01
1.000000000000000000e+00
-2.852669578418657315e-01
-1.000000000000000000e+00
1.128240741778832046e-01
8.972625087508968589e-01
-1.000000000000000000e+00
4.720835604141992992e-02
-5.841321168315079249e-02
1.345691516746067018e-01
-1.000000000000000000e+00
-8.553491662685694941e-01
1.000000000000000000e+00
-3.165892716364826498e-02
1.614697771333308829e-01
-5.845775105099584312e-01
1.000000000000000000e+00
1.000000000000000000e+00
-1.000000000000000000e+00
4.370352597036005760e-01
6.782494627143538235e-01
2.514856416506402459e-01
5.237804530281311433e-01
3.809731184743320176e-01
4.091349267102507847e-03
-3.500590917600706620e-01
8.497369305411436313e-01
7.645908338727276377e-01
1.000000000000000000e+00
-6.984577516570866784e-01
-6.822165693553612353e-01
1.000000000000000000e+00
-5.903788694740745857e-01
1.514591904818795021e-01
-2.941136250840120647e-02
8.062367631649731692e-01
-1.000000000000000000e+00
-3.913305264169633646e-01
1.909251639462444805e-01
-1.000000000000000000e+00
-5.169670473838900993e-01
8.472649414397375178e-01
1.000000000000000000e+00
1.000000000000000000e+00
-2.081718207193827830e-01
-3.935176536799815383e-01
3.866237488969299640e-01
1.000000000000000000e+00
-4.115019863233860820e-01
3.839822737259657170e-01
-1.000000000000000000e+00
5.695790488714613797e-02
-4.010363061884870128e-01
1.000000000000000000e+00
5.084553530942110822e-01
9.462220650112840303e-01
-6.132868130049407007e-02
1.000000000000000000e+00
8.639202227436029169e-01
-5.153730091102004529e-02
-1.000000000000000000e+00
-8.821022488516641058e-01
2.258205835030120401e-01
-3.973452488778514424e-01
-4.136704765003321738e-01
-2.640384949324401376e-01
8.741609064991304745e-01
-6.602966589401849662e-01
1.933540303275430583e-01
-1.000000000000000000e+00
-3.253881752637743929e-03
1.977156565435160829e-01
-1.000000000000000000e+00
5.270318254902019994e-01
2.454664022358942210e-01
-4.134782571213904134e-01
-5.395865572291425050e-02
3.270231935703521442e-02
6.826135416611671669e-01
1.108367445258355288e-01
1.286033284270994281e-01
1.000000000000000000e+00
1.000000000000000000e+00
1.000000000000000000e+00
6.184390456957615800e-01
7.737156694707199023e-01
-1.000000000000000000e+00
-1.000000000000000000e+00
-2.557968375429860997e-01
-5.783939690512884813e-01
-5.888366574900287809e-01
1.088312528908359500e-01
1.000000000000000000e+00
5.120921884441209659e-01
-1.000000000000000000e+00
-1.000000000000000000e+00
6.851454124115499145e-01
-1.000000000000000000e+00
4.720942100644516248e-01
3.199281646373325905e-01
-9.551568259999345667e-01
1.000000000000000000e+00
-1.000000000000000000e+00
-6.198211669931272816e-01
1.000000000000000000e+00
-2.194792625651329487e-01
-4.258038350817617834e-01
1.000000000000000000e+00
-1.000000000000000000e+00
-1.000000000000000000e+00
-1.000000000000000000e+00
8.596800300605038636e-01
-1.653117530549492731e-01
-2.895335623475963072e-01
-1.749321951307525325e-01
5.307156513639772477e-01
-8.106468194954234985e-01
-3.843187336538730348e-01
7.001039028356870197e-01
1.573422157402006860e-01
-6.479719007371012029e-01
-7.094931803343088594e-01
-6.492969835686390745e-02
1.000000000000000000e+00
-1.000000000000000000e+00
-2.659189485748595372e-01
1.000000000000000000e+00
6.696091100639272042e-01
-1.000000000000000000e+00
6.613562859236761238e-01
-4.508648542416259231e-01
2.367366771376527290e-01
4.148480215735931842e-01
5.459865752254611238e-01
4.371189699774948867e-01
-3.747337620718482754e-01
1.000000000000000000e+00
4.007338900489247902e-01
-1.000000000000000000e+00
-7.541397312667670327e-01
-1.000000000000000000e+00
2.456091425931864469e-01
-5.293109782982201583e-01
-7.106942752330522861e-01
5.835536180002649786e-02
1.000000000000000000e+00
-2.901312007264773563e-01
3.488276110644685790e-01
-8.818820203059858365e-01
6.151920059316801082e-01
7.475538122154286036e-01
4.899275755171799696e-01
-4.514881497345821781e-01
3.023810584575383764e-01
-9.398092491302696416e-01
1.000000000000000000e+00
-6.113127194457346203e-01
-6.603582842169639644e-01
-1.000000000000000000e+00
-7.776313420268208265e-01
-1.000000000000000000e+00
3.896811568880377274e-01
-1.000000000000000000e+00
8.369730514403310728e-01
-2.498665393336976515e-01
2.718687366414480611e-01
-1.000000000000000000e+00
-8.400185387404582871e-01
-6.558803814631881668e-01
1.000000000000000000e+00
-6.319332113930453687e-01
9.064297060345312129e-01
-5.348431588179533014e-01
1.000000000000000000e+00
-9.358024487805673974e-01
-1.143362078983762853e-01
-9.792355844171833912e-01
1.000000000000000000e+00
-6.434977447878462709e-01
-2.633248097801927923e-01
-9.474330320953359141e-01
-1.000000000000000000e+00
1.000000000000000000e+00
6.314336586678146457e-01
3.922515657665155420e-01
-5.293541123607861110e-01
1.000000000000000000e+00
-7.369794317759581492e-02
6.862079967692026328e-01
6.249748704758451012e-01
-1.000000000000000000e+00
-7.612818367592609770e-01
4.720053787338016060e-01
-1.000000000000000000e+00
-1.378981015113847075e-01
-1.587392177869212384e-01
-8.314312867839345200e-01
-9.054492334678357901e-01
-5.703471505974260225e-01
-4.633858789321530502e-01
1.487866036586354412e-01
6.696479025659477502e-01
1.000000000000000000e+00
5.517349928835069139e-01
-1.445527607887706623e-01
9.808325955573236055e-01
-5.199396308561532454e-01
-1.000000000000000000e+00
1.000000000000000000e+00
6.096309701379659662e-01
1.000000000000000000e+00
6.768007939783595717e-01
4.976699622844266147e-01
1.000000000000000000e+00
-7.329855802752541782e-01
-4.020013177894966039e-01
-3.520934092104318625e-01
-2.586683853062879401e-02
8.926057978213621791e-01
1.621709859100546325e-01
-7.703772516699558537e-02
