-6.135421528526192603e-01
2.185456010776172242e-01
4.085500857681963471e-01
-6.321151714438379976e-01
-1.000000000000000000e+00
1.000000000000000000e+00
-1.000000000000000000e+00
-1.000000000000000000e+00
-1.000000000000000000e+00
2.692998189335762405e-01
8.265601168856175907e-01
3.557044417596174624e-01
1.898071918531879509e-01
4.043363092698907257e-01
3.771409056103090518e-01
-6.054337969511457418e-01
-1.754212448184739592e-01
1.000000000000000000e+00
1.000000000000000000e+00
1.000000000000000000e+00
3.151353306609383509e-01
-3.644210142219687087e-01
-7.024771393412229115e-01
-1.000000000000000000e+00
-8.009380852982170840e-01
1.000000000000000000e+00
3.378974836633830137e-01
-4.375463190434020766e-01
-1.000000000000000000e+00
3.755512154324995855e-01
-1.000000000000000000e+00
-1.000000000000000000e+00
-1.000000000000000000e+00
7.520800642221861509e-02
-1.000000000000000000e+00
-7.001506333815700200e-01
1.000000000000000000e+00
-9.355653029185659886e-01
-1.000000000000000000e+00
-4.346107549596600061e-01
-1.000000000000000000e+00
-1.000000000000000000e+00
-4.551147176001187900e-01
-7.132566670675279941e-01
-1.000000000000000000e+00
1.000000000000000000e+00
5.289736495176489139e-01
-4.156999305384097010e-01
-5.873154071771209406e-01
-1.000000000000000000e+00
8.203881027804074133e-01
-1.000000000000000000e+00
1.000000000000000000e+00
-1.613451905254693619e-01
5.468812212223768121e-01
1.000000000000000000e+00
-4.918003919177976746e-02
2.466084088497194626e-02
1.000000000000000000e+00
4.293064287401011647e-01
1.000000000000000000e+00
2.035948902771013702e-01
6.692475541718497789e-01
4.384707754020955028e-01
-6.918134715216966990e-01
3.830342604525167616e-01
9.086506938983274217e-01
-1.000000000000000000e+00
-6.220662642815570909e-01
-3.188722691104312057e-01
1.000000000000000000e+00
1.000000000000000000e+00
1.000000000000000000e+00
1.000000000000000000e+00
-7.367347048468504411e-01
-3.028679836078693732e-01
-3.861147893906732853e-01
-1.000000000000000000e+00
1.000000000000000000e+00
1.000000000000000000e+00
-2.185914049901060974e-01
-3.393485128085662605e-01
-5.835819288561399087e-01
-1.000000000000000000e+00
1.000000000000000000e+00
5.028339466729070048e-03
1.000000000000000000e+00
-9.033639698903838111e-01
4.533055866731260930e-01
-1.000000000000000000e+00
-1.000000000000000000e+00
2.807926452800553196e-01
-1.000000000000000000e+00
-1.000000000000000000e+00
4.916355567612987199e-01
7.061486268749116446e-01
1.000000000000000000e+00
-1.182423854844284750e-02
9.063954330689730221e-02
-1.000000000000000000e+00
-1.000000000000000000e+00
-1.803903009736814722e-01
-9.390874632545798129e-02
5.117816328525012226e-01
3.383943988510004219e-01
-5.575602594330982820e-01
-1.000000000000000000e+00
-5.971832066785386361e-01
-2.922216489775840143e-01
9.802060250030064648e-01
4.373004173478750589e-02
-4.096221269045028368e-01
-8.111475145749049709e-01
3.218504425736162800e-01
4.565046912207062491e-01
6.244364967831802504e-01
6.761838369537784832e-01
1.000000000000000000e+00
1.000000000000000000e+00
-1.000000000000000000e+00
-1.000000000000000000e+00
-1.000000000000000000e+00
8.202603385305545780e-01
-2.331517336019152120e-01
-2.901977795256460713e-02
-4.436825453657207152e-01
3.115576842865788176e-01
1.000000000000000000e+00
8.620236053565064616e-01
1.000000000000000000e+00
1.000000000000000000e+00
-5.126124771459406038e-03
-1.946294217253253800e-01
-7.759618766065178308e-01
-9.204242103550658305e-01
9.393095639144143361e-01
1.000000000000000000e+00
-3.082311186935046687e-01
-1.000000000000000000e+00
-2.015122610623588661e-01
1.000000000000000000e+00
6.901998146305593496e-01
-2.665580193885617177e-01
2.603547495827071567e-01
-1.000000000000000000e+00
1.000000000000000000e+00
-1.811500831772571152e-01
-1.000000000000000000e+00
1.000000000000000000e+00
-1.944387327524840503e-01
-1.000000000000000000e+00
-4.709276888808929251e-01
-1.000000000000000000e+00
-1.000000000000000000e+00
4.465940860285805281e-01
4.982421756458565998e-01
1.775315040401773126e-02
8.173714528860226425e-01
-1.419311435120773623e-01
-1.000000000000000000e+00
4.590576285065396944e-01
1.000000000000000000e+00
6.769721010756073465e-01
-1.000000000000000000e+00
2.210596894657026468e-01
9.563658426202392704e-02
5.425826396997097678e-01
-1.850120629257435700e-01
3.868010253661741116e-01
9.045973773039653887e-01
-7.860105107106877265e-01
9.725313669165260855e-01
-1.000000000000000000e+00
1.000000000000000000e+00
-1.000000000000000000e+00
1.000000000000000000e+00
-1.000000000000000000e+00
-1.000000000000000000e+00
-7.106738851314594596e-01
-8.394411140662694226e-01
8.065700970382650992e-01
-1.000000000000000000e+00
-1.000000000000000000e+00
-7.517881717100093342e-01
-9.414348239306857824e-01
-7.925853835249185853e-01
6.164732489760151868e-01
8.508121710316863817e-01
1.119837184185967505e-01
-1.000000000000000000e+00
1.000000000000000000e+00
5.207234453630721349e-02
-5.980312638220033339e-01
1.546225100602836022e-01
7.428274312475657837e-01
-9.165308207276248176e-01
-6.828513935484149533e-01
1.000000000000000000e+00
1.000000000000000000e+00
-1.000000000000000000e+00
9.313987842209752177e-01
-4.978565116069645358e-01
-1.000000000000000000e+00
-4.640966902331241650e-01
2.043842055367633970e-01
-1.000000000000000000e+00
1.000000000000000000e+00
-8.686643439954877532e-01
5.544464385321261624e-01
1.000000000000000000e+00
-4.145890102525339183e-01
-1.625202215089760482e-01
-3.647824468377165452e-01
6.923683140728242869e-01
6.136402345539994085e-01
-1.618325131177663079e-01
-1.000000000000000000e+00
1.000000000000000000e+00
-4.097327919958759779e-03
-3.830904303420220591e-01
-5.539160841517901668e-01
4.115443951688849133e-01
1.000000000000000000e+00
-2.421204567851922840e-01
-1.132652335865281107e-01
-5.067703026624759133e-01
-2.398353516725363899e-01
-7.857374493128788107e-01
3.704227897423871818e-01
1.000000000000000000e+00
-1.000000000000000000e+00
1.000000000000000000e+00
4.880182792317955265e-01
-1.000000000000000000e+00
-1.000000000000000000e+00
8.832914463576725383e-01
7.446094172780124421e-01
-8.761431681808282690e-01
8.485160122898710577e-03
8.745506330164598552e-02
-1.000000000000000000e+00
1.000000000000000000e+00
-1.932618139228229059e-01
-1.776063056474826984e-01
8.726373824515772926e-01
-3.238722829753903909e-03
1.576502218058918880e-01
-2.189176940755634820e-02
5.960362983586394714e-01
-1.589012354104989422e-01
-1.000000000000000000e+00
7.060469864879945767e-01
-7.811755723405697793e-01
1.000000000000000000e+00
3.781338589387935878e-01
2.662012480752022348e-01
-7.627201408350783862e-02
4.073645674683907814e-01
-7.676147227770762083e-01
-1.000000000000000000e+00
-5.212850251144400815e-01
-7.873996527196145401e-01
-3.916537960545091179e-01
-6.938786223059602021e-01
-1.000000000000000000e+00
