-1.764462926361829442e-01
1.000000000000000000e+00
1.000000000000000000e+00
-7.610067419912172060e-01
4.331433971174242226e-01
7.128900358876708587e-01
1.000000000000000000e+00
-8.685723625895077626e-01
-8.252021381311576143e-01
8.542690399195134177e-01
2.684648271297875310e-01
-8.254103225475045713e-01
2.463572125803198398e-01
1.654778893270725248e-02
-6.254163581330935973e-01
1.201493835556499690e-01
-2.015524864517953540e-01
-2.225089117862177890e-02
-8.584103498465722737e-04
-8.663359047972143401e-01
7.826903382505501217e-02
9.756544189952618407e-01
-8.580290248130242325e-01
1.560475632077085173e-01
-2.206866196496664045e-01
-3.657529108515613636e-01
1.845738187215335557e-01
-1.000000000000000000e+00
7.320889921809266010e-01
-3.479233539862738311e-01
1.000000000000000000e+00
-1.155440947359108461e-01
-1.931694107329751664e-01
-6.660469000030153630e-01
-1.683813495657404680e-02
-7.688927522314175089e-01
-5.203956365666606576e-01
-2.220810375952152749e-01
4.978397927639608422e-01
6.033784206161756369e-01
-2.020939837077225798e-01
2.490666592416561631e-01
4.458921167741244918e-01
-5.896720322353203869e-01
-1.000000000000000000e+00
8.593175355131208448e-01
-3.784760990895693622e-01
-1.011275656121697342e-01
5.393883587808514513e-01
1.000000000000000000e+00
-9.942784274168452452e-01
-5.674810027447685368e-01
7.156103661380039949e-01
-5.801819026092996934e-01
7.381300878681247291e-01
-7.783004061593485901e-01
-4.475571681656675960e-01
-1.000000000000000000e+00
8.569564552699995286e-01
-1.000000000000000000e+00
-5.074042972944368124e-01
2.264122622709937027e-01
-1.521412257915850663e-01
-9.409142224407924804e-01
6.718831411798962261e-01
-7.927765728673005774e-02
-3.104275329994523602e-01
3.720070487538378878e-01
-9.711516191404645504e-01
5.595502475889951866e-01
-6.713994865549763880e-01
-6.297811682835319225e-02
-1.052331824496517410e-01
5.801883052193823609e-01
1.698296132565002559e-01
-2.641321687448245914e-01
-6.191873818778119709e-01
5.575553326388187347e-01
-7.416181374973110918e-01
2.301395740830553538e-01
2.714932987246344576e-01
1.764177553036090917e-01
9.298859690159395619e-01
4.151101329504650606e-01
1.000000000000000000e+00
-9.054893843958145006e-02
1.000000000000000000e+00
6.706016911041681183e-01
2.393438377345247225e-02
-2.452197341437703515e-01
1.738223359151205294e-01
8.479926959552903654e-01
-3.398330143682025128e-01
2.993334581382480764e-01
-8.155630826459241423e-01
-6.548098130985324783e-01
-4.557651426786839544e-01
5.113471339406966409e-02
-1.000000000000000000e+00
3.205906816730286213e-01
-1.000000000000000000e+00
-9.327372473849979695e-01
-3.901621366671839120e-01
6.136116540201988490e-02
1.000000000000000000e+00
3.775581458261734191e-02
7.819862781832376264e-01
2.029625229030256328e-01
5.431411844703617486e-01
6.891591389034834592e-01
-3.129316888544262376e-01
-5.682846071026581569e-02
-1.785591980027283546e-02
-8.080091186115965218e-01
-5.908776851301185129e-01
-8.284567144114154402e-01
8.507923011180864581e-01
-1.000000000000000000e+00
7.203897311876034104e-01
-7.058499583108635012e-01
-5.269247547626039196e-01
7.029398172595735517e-02
-8.233958210441130188e-01
-1.866407756528576378e-01
-3.599373726151246511e-01
5.299174295385389311e-01
-7.353343812462604934e-01
1.604447594558430501e-01
4.923477236555786618e-01
5.388025838804790801e-01
-4.528627028553020573e-01
-4.903982633539116787e-01
-4.704538646269440516e-01
1.000000000000000000e+00
1.248052678774286273e-01
6.432006682566662192e-01
-4.239752916322570009e-01
5.152271521909439489e-01
-1.000000000000000000e+00
-4.501540031788000551e-01
4.616250944566044345e-01
-1.533605420868016100e-01
4.705736572858051914e-01
-5.933179838280695506e-01
9.884080477836256762e-01
3.279993781149306287e-01
-1.965027403965687036e-01
2.876250163228367129e-01
-3.711941505341731506e-02
-3.825805734648832779e-01
-5.834226284879939772e-01
2.288337972245643170e-01
4.193985545750818500e-01
3.247592420711936656e-02
-2.721936831011407265e-01
5.541322373807031632e-01
1.981202150468146517e-01
1.000000000000000000e+00
-1.000000000000000000e+00
-4.207950706693162068e-01
-1.000000000000000000e+00
-5.328529093900487013e-01
-5.215092071331437484e-01
6.482160862405670354e-01
-4.939280480301091458e-01
3.470861659614714601e-01
6.944170469734258777e-01
8.060807159824774359e-01
1.146604679901488399e-01
6.937549933554564285e-01
7.169054439173067061e-03
-1.876599122257669450e-01
8.188958154738974482e-01
5.400336961747166376e-01
1.000000000000000000e+00
-5.307618620042870994e-01
-5.933942042013784501e-02
-1.000000000000000000e+00
6.654108381841321584e-01
-5.236870465650380613e-01
-1.000000000000000000e+00
4.547190680506090210e-01
8.994375378386902931e-01
-2.658595728402188829e-01
9.279304520205133855e-01
4.113919187539544220e-02
-8.376495082622825716e-01
1.000000000000000000e+00
-5.841382087253892408e-01
2.605320834363045179e-01
-1.000000000000000000e+00
5.787542052459028197e-01
-6.763837143992352807e-01
1.000000000000000000e+00
-1.000000000000000000e+00
-9.760836680369735507e-01
-3.509494085247928941e-01
-8.016615001086924153e-02
2.741378447129736440e-01
-4.626878893898674905e-01
2.291330026646669626e-01
1.759802939139942790e-01
-6.354916363765540366e-01
1.000000000000000000e+00
5.527345247521422422e-01
-8.978873209003739309e-01
1.000000000000000000e+00
2.962095300829337696e-01
-6.266068793265032744e-01
-1.000000000000000000e+00
1.389546130623819931e-02
-8.543873471248675244e-01
-5.107201314187415075e-01
-4.833477851244940560e-01
-7.945327130328775356e-01
4.712090837545461763e-01
8.056381245183431572e-01
-7.036765446088675269e-01
7.706986006267031453e-01
-1.000000000000000000e+00
-1.000000000000000000e+00
-6.525737858422153703e-01
2.816133874831099337e-01
7.406602156377990465e-01
1.000000000000000000e+00
-9.836994464439385855e-01
-8.587227862283732804e-01
1.000000000000000000e+00
-4.189550777790962410e-01
-1.120507571228140931e-01
5.610789477845985473e-01
8.444149963703388995e-01
5.311021035056899819e-01
8.426751509116954253e-01
-1.000000000000000000e+00
-4.006909429475931095e-01
-3.341319081461742169e-01
1.397472073918346602e-01
5.890290960334915171e-01
7.629136714146573794e-01
-5.612354312387177746e-01
-6.081061736524866479e-01
-3.180580184608905459e-02
8.702824587513759980e-01
-1.734507859265302931e-01
9.172898029112099838e-01
4.467969289343032280e-01
-1.000000000000000000e+00
-6.992439781017726341e-01
8.011083599382645692e-02
1.227367412253044243e-01
8.542619858625897233e-01
6.251835408978045905e-02
5.384117291759686896e-01
9.246011773012330348e-01
-5.337411825096921580e-03
5.086181148650394945e-01
1.000000000000000000e+00
1.000000000000000000e+00
-8.380697381695143555e-01
-8.620595035790246108e-01
4.216102761661926213e-01
6.174480136637879868e-01
-1.573649500989229288e-01
-8.696937277621548112e-01
