-4.221588333349391986e-01
4.690331425618741168e-01
-2.430569695929951646e-01
-3.877204803729874527e-01
9.577413777432794983e-01
1.000000000000000000e+00
-4.306475641997198345e-02
5.555217397495573750e-02
-9.354359291953789901e-01
1.000000000000000000e+00
-1.000000000000000000e+00
1.000000000000000000e+00
1.915739923700943148e-02
-3.570209431008203316e-01
1.000000000000000000e+00
-1.000000000000000000e+00
3.707495904844652079e-01
-1.557654919899300605e-01
4.031750016881775478e-01
1.000000000000000000e+00
1.000000000000000000e+00
-7.938482707426244289e-01
-3.436335078479933469e-01
1.000000000000000000e+00
1.000000000000000000e+00
-7.907042154046941551e-01
1.946859846214010759e-01
-1.000000000000000000e+00
8.817076897643306710e-01
1.000000000000000000e+00
4.987801802097626136e-01
9.931438819326722234e-01
-1.000000000000000000e+00
-5.997002457054774194e-01
1.000000000000000000e+00
1.000000000000000000e+00
-1.745570834403524785e-01
-5.377264462753190699e-01
5.158155027209685439e-01
1.766200899323930318e-02
-7.054628718082091021e-01
-9.255435619613308074e-01
-1.812462700890041800e-01
8.791710682081062267e-02
8.734435550777014390e-01
1.000000000000000000e+00
-1.000000000000000000e+00
-1.362971312894667997e-01
-1.000000000000000000e+00
-2.959181678343311139e-01
-7.110744637387929057e-01
4.903650000608934523e-01
-3.886102354332525155e-01
1.000000000000000000e+00
-1.000000000000000000e+00
-1.000000000000000000e+00
-1.000000000000000000e+00
7.630838455561743672e-01
1.000000000000000000e+00
-5.634453397063804436e-02
-1.000000000000000000e+00
-7.230523650541353931e-01
-8.302439569932410501e-01
4.762785918584360179e-01
-2.764365421661940658e-01
-9.195568981821284904e-01
-4.427955418715697755e-01
-1.000000000000000000e+00
-9.844691995339993618e-01
1.000000000000000000e+00
-1.280389010371878467e-01
7.797154008700880601e-01
2.850590674162962190e-01
1.000000000000000000e+00
5.330023807599815200e-02
-9.451688190031228842e-01
1.000000000000000000e+00
2.164925795304073475e-02
-4.399701452896075393e-01
-1.000000000000000000e+00
-1.000000000000000000e+00
-5.309415744716732277e-01
5.221761339288722992e-01
-1.000000000000000000e+00
-4.594003870327263428e-01
5.846205253713476768e-01
-7.076393066929922426e-01
-2.385280055258454102e-01
1.000000000000000000e+00
-2.764450022239285376e-01
-3.892556913078318304e-01
8.655460477275758180e-01
1.000000000000000000e+00
-2.027994690575841696e-01
8.737486030879801913e-01
-4.874783038540644320e-01
1.000000000000000000e+00
-1.000000000000000000e+00
9.156848733561901987e-01
1.191642267382548859e-01
2.607895467605762518e-01
4.682752232862374964e-01
-5.319542735521087806e-02
-1.000000000000000000e+00
6.045131740570046652e-01
-1.000000000000000000e+00
1.000000000000000000e+00
2.295506463701562083e-01
1.000000000000000000e+00
-1.000000000000000000e+00
-3.930904098503642530e-01
1.051484660316391317e-01
2.685855824386180757e-01
4.913119838240076476e-01
-3.010398402172365095e-01
-1.000000000000000000e+00
1.000000000000000000e+00
-7.416608374017978900e-01
3.110929716872568584e-01
6.282156369070501789e-01
1.000000000000000000e+00
2.159134261444456970e-01
1.955960922728192664e-01
-1.730641030847115958e-01
1.000000000000000000e+00
6.949891458822391455e-01
1.000000000000000000e+00
-4.710564341360948815e-01
-2.981523657077664868e-01
-5.639398002377465913e-01
1.000000000000000000e+00
2.365647122311519412e-01
-4.905905380724532305e-01
-1.122378577094293450e-01
9.518442978116015141e-01
1.000000000000000000e+00
3.772251791053171655e-02
-1.363927307832533131e-01
-5.285010969164982697e-01
9.468827542230782157e-01
-1.000000000000000000e+00
-1.000000000000000000e+00
2.853317483089778950e-02
8.835419260176549106e-01
1.000000000000000000e+00
7.053513545453100608e-01
-1.000000000000000000e+00
3.371300598019142392e-01
-6.662763909612992030e-01
1.000000000000000000e+00
-1.000000000000000000e+00
-2.114378322034765056e-01
-1.000000000000000000e+00
-5.401172836324809046e-01
1.708284118476810498e-02
1.000000000000000000e+00
1.000000000000000000e+00
-1.000000000000000000e+00
-7.860677441617252015e-01
-5.793626167915323366e-01
-1.000000000000000000e+00
-2.412337283662642218e-01
-8.467861981738821209e-01
-3.996303044404506122e-01
-5.668722655289711865e-01
-9.943611987487454007e-01
6.854217618584450555e-01
-3.893536952394900386e-01
1.000000000000000000e+00
7.582867580695883125e-02
5.907459686854052983e-01
-1.000000000000000000e+00
1.928097043717076353e-01
8.026729988704806029e-01
1.000000000000000000e+00
-6.210875219519282897e-01
-1.000000000000000000e+00
-1.000000000000000000e+00
5.172974225976558760e-01
-3.769053339118254575e-01
4.906861111516861995e-01
-4.608172247815663924e-01
-7.283388002449722176e-01
8.867219795217503586e-01
-5.959581760986065735e-01
-8.628848684060121954e-01
1.159929083253329329e-01
-9.537410258638930882e-01
1.000000000000000000e+00
5.650673911430704743e-01
-7.558684859027783309e-01
-2.926872061526322732e-01
4.838544925395614760e-01
-3.279019817100353729e-01
-4.631905463475090023e-01
-9.916940107291447593e-01
-5.372306892867180217e-01
4.636056222039453001e-02
-1.000000000000000000e+00
-4.866512307857323583e-02
-7.756414790601046105e-02
-3.138853046219949317e-01
-1.000000000000000000e+00
1.208609941733985171e-01
-5.758665135043279371e-01
4.760531014529091332e-01
-2.917732503541414779e-02
3.270848617482613463e-01
-1.000000000000000000e+00
-1.150557970328936197e-01
-6.632599856691430151e-01
5.560436313800302122e-01
-9.081494820809548063e-01
1.000000000000000000e+00
-1.000000000000000000e+00
-3.881276125848381886e-02
-3.224647565842420072e-02
-7.797342320643252389e-01
7.893669273873700210e-01
-4.536668754331002473e-01
1.000000000000000000e+00
-4.322492956681636134e-01
1.747027062162399558e-01
7.488359227406292673e-01
-1.000000000000000000e+00
1.000000000000000000e+00
-1.000000000000000000e+00
-1.000000000000000000e+00
-7.183481859441774864e-01
4.803780335092395770e-01
-5.662287747223974099e-01
1.000000000000000000e+00
1.000000000000000000e+00
1.000000000000000000e+00
-1.000000000000000000e+00
-1.143628436592767639e-01
-1.000000000000000000e+00
1.688398443443984431e-01
-4.147331551262952720e-01
7.043197522637534291e-01
1.000000000000000000e+00
1.000000000000000000e+00
1.000000000000000000e+00
-7.541728693280425055e-02
3.571319465427992279e-01
-5.959075789108483345e-01
-3.484957499416412308e-01
6.387830537060952274e-01
1.320213364603085582e-01
-4.745164659760100490e-01
3.741906052377712011e-01
2.532374301729807264e-01
-2.985424811965914360e-01
-1.000000000000000000e+00
4.027751282763183394e-01
-9.700629256935004996e-01
1.000000000000000000e+00
2.379024755394931745e-01
5.346813676339847721e-01
-1.000000000000000000e+00
8.717435556761434778e-01
7.623146869052312979e-01
-5.374624074725889988e-01
1.000000000000000000e+00
7.739857295811120030e-01
