3.919015820794166660e-01
-6.176207452903552664e-01
-7.882472811913625588e-01
5.376759309856862235e-01
-6.818216939734419446e-01
5.482541395839246601e-01
-9.234818563254753032e-01
-5.414035678638551286e-01
6.717022620384469622e-01
1.482588649446660023e-01
3.829283123609295569e-01
-4.596741651657920702e-01
4.695403525287206725e-01
-6.228729336764972091e-01
6.249523572917763392e-01
-6.164204928492764690e-01
4.980636122027129464e-01
9.963067056379999453e-01
-2.637475896511597973e-01
-6.727771027699935846e-01
-4.536472568058402127e-03
4.019082768542329154e-01
-8.130019406291357775e-01
-2.116068460876686652e-01
5.768316276344076510e-01
8.478503090701786649e-01
4.795647965988347194e-01
-1.000000000000000000e+00
2.281545812533779596e-02
-9.703821111792459986e-01
4.995704725600615126e-02
1.316381338341515439e-01
-7.758985207385191707e-01
5.401617224122796657e-01
5.854203214582701098e-02
-1.410191209697947423e-01
-1.187553628885684720e-01
9.592845042570311564e-01
-6.380542149436140287e-01
1.229325766339152415e-01
7.560857073554746455e-01
7.425835869277553902e-01
-9.611459282458314490e-01
9.251749043442589748e-01
-9.823568617038985762e-01
-6.241594022038988721e-01
-4.741688275925543539e-01
-6.845065617252746870e-01
2.686161958184991524e-02
-8.410272617113625504e-01
1.983308465946276022e-01
-2.480617400734647371e-01
9.801033008572309635e-01
-8.274193292468242644e-01
5.730490809614996461e-01
-9.460770916401695096e-01
-9.241207405159058696e-01
-1.112322881132534191e-01
-9.107419805620053932e-02
-8.073643684391524911e-01
9.185037902673799382e-01
-1.959390549263235679e-02
7.330635687938413803e-01
-9.246385608689547952e-01
7.148816229679752499e-02
-5.609411083309401302e-01
-6.161501510991181929e-01
-6.067546956524722673e-02
5.239164089851277017e-01
8.739681065258646242e-02
1.981295123957851900e-01
-4.172560677493380998e-01
-6.535062161036637729e-01
8.033328963663221023e-01
-6.396261520899532149e-01
7.675794666560985247e-02
7.939990929305844602e-01
-6.447146055670860409e-01
-5.746947931969415002e-01
-5.729773541534501913e-01
-9.626355745104479000e-01
-4.172587519518830557e-01
-9.608656013658255501e-01
-6.336569730186635274e-01
-2.581185106709674160e-01
6.910660614735091301e-01
5.161995581071424644e-01
-1.441230704604913315e-01
7.218600950135322103e-01
-9.169237348285472766e-01
4.223108716142123242e-01
-4.942056012886390515e-01
-3.787019537500069255e-01
6.929353579933628104e-01
-1.432016965170387623e-01
7.034929063249332204e-01
3.559479622817535716e-01
5.642897861111276780e-01
2.816304213000440093e-01
1.371371067440427249e-01
8.729550557828928969e-01
-6.821039851360765072e-01
-6.152953793101257896e-01
2.573117920967458727e-01
-9.488130058254709009e-01
-4.104124908608982603e-01
1.046488267078741624e-01
-9.401521012271197852e-01
-8.508566943662048132e-01
-7.270845438839372843e-01
-5.169037175651086669e-01
2.742184648166620664e-01
-4.113790706553274168e-01
9.596894036764440361e-02
-1.377852087595289599e-01
-9.630003360846939309e-01
5.068371404566990313e-01
1.406561752998255754e-01
1.831559817133173729e-01
-1.678892022406021090e-01
3.564482823676380918e-01
4.672989967791582044e-01
5.529028970989522396e-01
2.583064626357619020e-01
-5.743702872107744328e-01
-1.000000000000000000e+00
4.759723535306668585e-01
9.265927512389323870e-03
-9.368350072795404992e-01
9.333240112889440443e-01
6.650380488048556193e-01
6.325264964952433955e-01
-5.679368119127776726e-01
6.615690216310635696e-01
-4.143135816903059099e-01
-6.416208896131911921e-01
5.166810929165921440e-01
5.591720976388691033e-01
-4.966524505432515779e-01
6.889536137182371567e-01
-2.044922363117790132e-01
5.577498947422490083e-01
-5.634908695866041040e-01
4.604345098642639300e-01
8.277674106209805815e-01
-9.336416875577610575e-02
7.087962948123939511e-02
-7.805268268526136533e-01
3.630477707389378472e-01
2.412558943919112242e-01
-5.517086100678283422e-01
1.693596567150230381e-01
-1.000000000000000000e+00
-6.728726029863805191e-01
-2.154396009461261863e-01
-6.810591142997176606e-01
-1.417921231749625921e-01
9.433869477992178343e-01
8.414710318927959287e-01
-1.994049819117856004e-01
3.946220662475121155e-01
-7.081537804745331455e-01
6.212774913984177028e-01
3.327867968429423784e-01
9.797448380179570038e-02
3.656917015588738162e-01
-4.411678148626761442e-01
7.998513428590822150e-01
7.544827445673949473e-01
-7.350328065422582213e-01
-5.261228573752013693e-01
2.591163768579636262e-01
9.323190619523809008e-01
6.084459713768674005e-01
2.888077909200446880e-02
3.755629814648225873e-01
9.376565848064057906e-01
-8.776809016811015773e-01
-2.001333153765941231e-01
6.156717846952006745e-01
-9.579167865687513439e-01
-2.729276800507051681e-01
4.792780886195916468e-01
-5.822763295618070822e-01
-5.842290513891630344e-01
-2.678710422210252295e-02
6.853260203424565988e-01
-2.384130469995807688e-01
8.393295155708152544e-02
-5.590284150143748354e-02
-5.173287316129948632e-01
7.697640115093228319e-01
1.826747521465321988e-01
-8.301985071681718120e-02
7.905755064978221835e-02
-1.146847918060867749e-02
3.215238593401314321e-02
-5.326919611603655458e-01
5.355159299524590022e-01
-5.982348344149940322e-01
-7.161859989844280294e-01
8.760908789900281324e-01
-2.118091191916733895e-01
-9.625770161476808751e-01
6.278050557039962509e-01
-7.080253998723557984e-01
3.965865387392233932e-01
7.356572473359234143e-01
-2.824241956818088761e-01
2.576280725930336635e-01
-3.635337082076125492e-01
-4.310133695796634634e-01
-3.144833951209223544e-02
9.935561820517821996e-01
3.918960988839416681e-01
-9.949206941801851389e-01
2.030972793293629730e-01
3.569335950388830558e-01
-2.062155677212679505e-01
-7.816881122511488700e-01
3.445078792350179109e-01
-5.985756547999218080e-01
9.204740310321091190e-02
-9.256590849709363938e-03
7.912131564970207309e-01
-8.510288080646307707e-01
1.337637989806512717e-01
7.755115982053758517e-01
5.317320769480340381e-01
7.525795312708072338e-01
-5.910969342222930356e-01
-9.991834662923793076e-01
2.636032655382454237e-01
5.104361753145011393e-01
-4.679941715021774251e-01
9.475740915216573912e-01
-1.616125913547416387e-02
-5.815454802875237306e-01
9.110782792646177075e-01
-5.966554775795623877e-01
-2.410324399261303541e-01
-5.236879233717012250e-01
-5.165432170858438310e-01
-8.382734133538549681e-01
-4.597522375657456806e-01
2.666151789303420339e-01
2.828088649190098613e-01
7.073945009925389771e-01
-2.274876582079142784e-01
3.250214467774137916e-01
-8.560165025878399003e-01
-1.342352912279526911e-01
2.482152083158624400e-01
3.267293495583871721e-01
1.516455573231555165e-01
2.057498037002547520e-01
9.547587356336594278e-01
-2.691177662587253550e-01
-3.786319610365620481e-01
-7.506929607265990789e-01
-3.597509125876577896e-01
1.911756272407946766e-02
4.106663853105276818e-01
3.993347777467282089e-01
3.993640062682543568e-02
