-8.873107636912962448e-01
1.108457682231916985e-02
-1.317935113334719466e-01
3.887602485693047449e-01
2.611634261565382031e-01
-6.792981421908917961e-01
3.521445731697940285e-01
4.317111131575687710e-01
2.718784646317792819e-01
-1.000000000000000000e+00
7.239078901991546910e-01
3.050644384413080945e-01
-4.393586429991669373e-02
1.000000000000000000e+00
-1.000000000000000000e+00
5.468566261426344166e-01
6.730100994425146643e-01
-3.579263337751609764e-01
2.914156077548953894e-01
1.666875406444764118e-01
-5.473524323208667219e-01
-1.276769636616409409e-01
-4.805220295442340639e-01
-2.340726478872365846e-01
-6.662324496380698235e-01
-1.000000000000000000e+00
-2.471731349402890299e-01
1.000000000000000000e+00
-3.911577032827726619e-01
-1.000000000000000000e+00
1.000000000000000000e+00
-1.000000000000000000e+00
5.862523695959436232e-01
5.512712255969731689e-01
-1.955068657987221736e-01
-1.413574007363395391e-01
-1.000000000000000000e+00
1.000000000000000000e+00
9.396400846622047220e-01
-1.000000000000000000e+00
1.000000000000000000e+00
5.809584807707008913e-01
-6.446531667277223265e-01
8.019172769309536042e-01
1.000000000000000000e+00
-1.553611947668324111e-01
-9.399830514535749693e-01
3.380410542700583720e-01
-9.240394207809545790e-01
-7.996646631184152199e-01
-5.061663497865456218e-01
-1.000000000000000000e+00
-7.525884732739528404e-01
9.468279284984649768e-01
9.839454452125699635e-02
1.000000000000000000e+00
-3.023319871592096697e-01
-9.136999575618000996e-03
-4.350887173543941389e-01
-4.392220681556482376e-01
1.000000000000000000e+00
-1.000000000000000000e+00
4.379816487280210890e-01
-9.965188569655452078e-01
1.000000000000000000e+00
-5.683199510172827207e-01
1.000000000000000000e+00
-2.807451102395174258e-01
-1.000000000000000000e+00
2.290392383725180225e-01
-1.000000000000000000e+00
-4.234315252972877253e-01
2.093920725694757012e-01
-1.331390957638328709e-01
-2.685447987149188753e-01
-4.701972588090295724e-01
5.779174075720112658e-01
5.144713193658989603e-01
-3.529035748809382644e-01
1.006713884822545424e-01
6.545862256064449713e-02
2.287750829957391763e-01
2.780416089259223900e-01
1.000000000000000000e+00
-6.413968313339712957e-01
4.607156922173403224e-01
-1.000000000000000000e+00
2.990464422462594252e-01
1.000000000000000000e+00
-1.000000000000000000e+00
-6.660314776603779574e-01
-4.350478230121119783e-01
-2.377201534566508734e-02
6.656660917855115045e-01
-1.121811317763622418e-01
3.353600797276107270e-02
-2.202300525759444128e-01
-1.000000000000000000e+00
-3.559694975179183984e-01
3.120663023427212579e-01
4.528472453288840960e-01
-3.785542016226006723e-01
-4.982726299060042940e-01
7.507822920737716732e-01
-2.989921361353812257e-01
5.139384872882895028e-01
2.237686333290354324e-01
9.484861009487763894e-01
2.799227561797552610e-01
-6.365786242182123189e-01
1.000000000000000000e+00
-8.176810878136758776e-01
-9.954380353178633456e-01
-4.626613628899756137e-01
4.438446375829551149e-01
1.000000000000000000e+00
1.373452872647360490e-01
-1.240105525954815491e-01
8.481846061372383394e-01
-6.711114283617329868e-01
-1.355130160193690481e-01
1.000000000000000000e+00
-7.100931267660974822e-01
1.000000000000000000e+00
-7.461334545688687037e-01
3.276490319293541842e-01
1.139152866002662856e-02
2.853906043269517356e-01
-3.365755635761542575e-01
-1.000000000000000000e+00
1.820721582424033869e-01
-1.000000000000000000e+00
-6.580000460018275987e-01
4.441416603231659321e-01
-4.837547632669679798e-01
1.000000000000000000e+00
-8.150946092849953306e-01
2.967540083084221347e-01
1.000000000000000000e+00
-1.000000000000000000e+00
-5.662452652416644083e-02
-4.335085047275129000e-01
-7.124226047130544082e-02
9.397867485285104072e-01
-6.681385512018145345e-02
1.540410715271541831e-01
1.000000000000000000e+00
5.077770367943039709e-01
-5.619786602786478458e-01
-4.963415808600504797e-02
1.000000000000000000e+00
-5.841611483492701318e-01
4.660381839074817512e-01
-3.280594866613570915e-01
-5.698160568028312056e-01
-1.000000000000000000e+00
4.277723109324427786e-01
-8.678165408578939477e-01
-5.268881167520944597e-01
-1.000000000000000000e+00
-2.298110940354767817e-01
1.000000000000000000e+00
-2.850105535936011125e-01
3.015458894125035427e-01
7.261673928778686893e-01
1.000000000000000000e+00
4.650157164719654901e-01
-1.000000000000000000e+00
-1.000000000000000000e+00
1.000000000000000000e+00
1.000000000000000000e+00
2.746451397123523819e-01
1.000000000000000000e+00
-1.000000000000000000e+00
1.000000000000000000e+00
-6.997826642327615865e-01
-1.464401516293277750e-01
6.840991839822236908e-01
6.933537985134003989e-01
-7.356707268398642308e-01
1.764531892611773678e-01
3.552007629157954982e-01
-1.451496807538084077e-01
-8.591128382824388954e-01
-1.000000000000000000e+00
3.221665068038199742e-01
-1.064913275694255868e-01
2.010639800125832988e-01
-5.602541507420926159e-01
-2.771781503304684424e-01
1.000000000000000000e+00
-3.771550520266265805e-01
6.297625824068215916e-01
-1.000000000000000000e+00
1.000000000000000000e+00
7.719082370972274454e-01
-1.000000000000000000e+00
-8.897748960561729925e-01
1.000000000000000000e+00
5.867279616379178497e-01
-5.852848622902826481e-01
3.860845285006493377e-01
-8.654275315467312435e-01
4.133907186170238668e-01
-5.330769279536542449e-01
-2.105208680272626642e-01
-1.000000000000000000e+00
7.307632449015111220e-02
-6.604511616922823514e-01
3.240079962401518632e-01
-8.147091007164699583e-01
-7.269428170612443063e-01
-8.343574746405861831e-01
-3.608182057585169189e-01
-1.000000000000000000e+00
-1.000000000000000000e+00
1.000000000000000000e+00
4.747647858732779169e-01
5.357548112419930897e-01
-8.311201315875633711e-01
8.786780791201596053e-01
-2.070841164198264917e-01
8.886625039843422114e-01
1.000000000000000000e+00
1.000000000000000000e+00
-4.082338603565328627e-01
1.000000000000000000e+00
-4.358176671506054922e-01
4.265355302713720875e-01
4.294798353429017945e-01
-6.283814783299992435e-01
2.623947777514755719e-01
1.000000000000000000e+00
-4.058408355450765503e-03
9.516098574484594952e-01
-5.997212168819915368e-01
-2.527757027838395398e-01
-5.942395852599950956e-01
1.747632317365988563e-01
5.092358242565882265e-02
-9.581381768204968452e-01
-4.164872908458439049e-02
2.183309965018848109e-01
4.947335633710213121e-01
-6.324126535791493309e-01
8.879929369038075393e-02
-4.159181429803648911e-01
1.702890423956754384e-02
9.764103281705951431e-01
8.195999418259118929e-01
1.000000000000000000e+00
-1.000000000000000000e+00
-5.888148784342900344e-02
-4.947334497164503908e-01
1.000000000000000000e+00
-3.230148992510034622e-01
-8.220209205140640574e-01
-4.694603830381897103e-01
5.875320461377042669e-01
-1.000000000000000000e+00
-7.547755451722651943e-01
1.255256488371533918e-01
1.000000000000000000e+00
6.770610463486793629e-01
1.000000000000000000e+00
