1.000000000000000000e+00
-7.203601344596523015e-01
4.129734565299899574e-01
-6.420442482755953639e-01
-2.296489504842089968e-01
-1.000000000000000000e+00
-1.000000000000000000e+00
1.000000000000000000e+00
1.000000000000000000e+00
2.612785697248953820e-02
-3.444855809414170134e-01
3.197190682500648112e-02
6.229758978452825113e-01
6.560729353174121758e-01
9.755875750069880059e-01
7.777376556284101294e-01
3.145124731700913445e-01
-3.710862743956178100e-02
4.161991923883162636e-02
-6.578515205879453820e-02
-1.000000000000000000e+00
3.194069321923282967e-01
7.667896323110962031e-01
-1.000000000000000000e+00
9.470230232795686653e-01
-1.000000000000000000e+00
7.731515431449270670e-01
-9.486550770270986144e-01
-3.124529182193627186e-01
-1.000000000000000000e+00
-1.695920183476678500e-01
6.228596322355344217e-01
6.631390760607680512e-01
-8.262713448927274662e-01
4.047322642474615040e-01
6.395071664257908628e-01
6.859631063198917689e-01
-2.758065143317307566e-01
2.802951796580654964e-02
-8.042515202990845324e-01
-2.510855527693137690e-01
1.000000000000000000e+00
-1.000000000000000000e+00
-5.958542705617042579e-01
2.558539852018711924e-01
-3.655797031869184033e-01
-1.000000000000000000e+00
-7.943601948988550099e-01
-9.222315040667947716e-01
-1.000000000000000000e+00
1.000000000000000000e+00
1.000000000000000000e+00
-9.463872949139215951e-01
-8.042467482848517646e-01
2.876129331692151569e-01
-1.000000000000000000e+00
-1.000000000000000000e+00
-9.280164411486764298e-01
1.000000000000000000e+00
-1.000000000000000000e+00
1.000000000000000000e+00
-9.191087473052931278e-01
1.651248059420183933e-01
-1.000000000000000000e+00
-1.843482417599043854e-01
1.000000000000000000e+00
9.238301370907190391e-01
-1.645310803024565560e-01
6.621769321432392497e-01
5.875474680508249170e-01
4.661660186023522945e-01
2.599847774680612567e-01
-3.692829705855411593e-01
-3.147971136341109477e-01
-6.900639711843429280e-01
-3.887478874361510739e-02
3.807012312238934604e-03
-5.227139888415636149e-01
2.323441609398863017e-01
-8.721417224769768550e-01
7.211649010737669618e-01
1.000000000000000000e+00
3.598724502214218357e-01
-8.489738487201984318e-01
-3.449368794777068481e-01
-6.732569679055003808e-01
-6.346465907547578222e-01
-7.996684407378202852e-01
7.298714384244460174e-01
-9.103944455458090612e-03
6.702050566489951011e-01
-7.501374167944756532e-01
3.816797503307155504e-01
-2.252462452002289561e-01
-2.086422021507868818e-01
1.216022459178942305e-01
-6.856058067384445120e-01
3.512560637134617414e-01
-1.000000000000000000e+00
-6.362429831815863412e-01
-8.014458440153542362e-01
9.832119733846850229e-01
-4.867698723673961059e-01
-2.238184703742672477e-01
8.764202514611836303e-01
9.910614551691496743e-01
3.071767578069603544e-01
7.044525249840440928e-01
8.250609819819307855e-01
6.260043425341413892e-01
4.974454484788807251e-01
-3.869888591765553443e-01
2.213497545609469930e-01
-5.548389947205486505e-01
8.296298295440297510e-01
7.378219111054253876e-01
8.126325696818801347e-01
-3.631152621602817820e-01
5.814549646771094427e-01
-6.604876240629542483e-02
-1.000000000000000000e+00
4.582088509425258360e-01
-4.656407093701045996e-01
-3.659105785219431417e-01
2.248050766986978144e-02
-9.788951865655948215e-02
-1.000000000000000000e+00
-1.000000000000000000e+00
-7.535689555695410657e-01
-1.000000000000000000e+00
6.092842072464038639e-02
-3.591537905938134156e-01
4.146814066540590038e-01
8.911255010323382297e-02
-7.754210751926657874e-01
1.000000000000000000e+00
-7.461499695111655228e-01
5.078904038133037480e-01
-2.496753365213481013e-01
-8.267403548884089126e-01
-7.080965382969013344e-01
-6.470162226985149978e-01
-4.152500256113010879e-01
1.000000000000000000e+00
5.290871594257604560e-01
8.577121323303572575e-01
8.590696485409166083e-02
-5.325845320288546958e-02
1.000000000000000000e+00
-1.418258083289216653e-01
-6.475865438874123248e-01
-3.368406144181899098e-01
-5.419305035419990091e-01
2.361695204522320790e-01
7.480668908887506685e-01
3.199640188860131129e-01
2.481519520657715083e-01
-9.815258623912618274e-01
-7.118676682626150498e-01
-5.617076579938881098e-01
-3.041633273208482757e-01
-3.163913605995931633e-01
-2.919435976484399675e-02
-8.900090209913811279e-01
1.000000000000000000e+00
-3.419507067258731325e-01
5.416363772751771055e-01
5.151362342629343116e-01
-7.018673256037881725e-01
4.594531460323582062e-01
-2.200733159554651708e-01
1.000000000000000000e+00
-2.627794840486368799e-01
1.000000000000000000e+00
1.000000000000000000e+00
8.439990995904002036e-01
6.374001076736978133e-01
1.000000000000000000e+00
-6.037925423519582280e-01
-2.234049120184501136e-01
-8.981367043629941982e-01
-5.295080394302837945e-01
-6.461491385658710840e-01
8.309878650169215675e-01
5.374578555625200149e-01
6.713190430395878927e-01
-8.734198365137251230e-01
5.005049398144090222e-02
-4.639557594004847241e-01
6.733362739362491745e-01
1.110450211929117081e-01
5.278035230290984980e-01
4.509196616101835975e-01
1.000000000000000000e+00
9.819370344272794204e-01
-8.712493576959307040e-01
1.000000000000000000e+00
-1.000000000000000000e+00
1.274173782885423822e-01
9.229641537211334956e-01
1.437082903271447165e-01
-5.959983063746879806e-01
-2.169839646499217567e-01
-2.630165735277405492e-01
-1.000000000000000000e+00
1.868676630084376289e-01
6.693248633721053942e-01
-1.372753936432470900e-01
4.096968081279525054e-01
9.603878412192035086e-01
-1.000000000000000000e+00
-8.079223431733196792e-01
5.015149385985312458e-01
1.000000000000000000e+00
-8.615222140310730969e-01
8.646982292157037175e-01
-8.729962880210123677e-01
4.722410148281542264e-01
6.043458170094844206e-01
6.772842666652596488e-01
-1.500751503579214607e-01
-8.974678506867037053e-02
7.656360142545889369e-01
-1.582145136629395377e-01
-2.943151950802433414e-01
1.000000000000000000e+00
6.134009851533347435e-01
-6.011842505732138964e-01
7.252122679890447010e-01
9.472219587698665899e-01
2.027288220646024375e-01
-6.348413379343510465e-01
3.979203350760821545e-01
9.636341101133694131e-02
-9.143547374427923868e-01
-3.498625482154676947e-01
-3.847413542883590942e-01
-6.035608421503252385e-01
6.677570277241156038e-01
9.331851259258745479e-01
-8.634272528816668846e-01
-8.446044520030226987e-01
-6.163710746034158916e-01
2.815780298126143583e-02
-9.667311412462387121e-01
5.935808735748717702e-01
-6.547552947140955482e-01
-7.051462045743653317e-02
7.495650278871276440e-01
-6.236126372877349722e-01
-1.000000000000000000e+00
1.000000000000000000e+00
8.127777802937512508e-01
7.468832020893296786e-01
9.744717630482435666e-02
3.978144353724701737e-02
-6.103620633204001056e-01
-3.678884957595274230e-03
8.968271933641539517e-01
8.366534829691144592e-01
-1.900065791647093938e-01
4.890567650394407884e-01
3.484835405688073151e-01
-9.904882992620747117e-01
1.000000000000000000e+00
