4.926415294081975538e-01
-3.416269250293502702e-01
-3.320660112573410316e-01
6.077983760873469921e-01
8.828539210384549474e-01
2.155849611231845653e-01
8.676033439306510830e-01
8.942011710462912655e-01
9.286426317694919108e-01
-9.629314869825462697e-01
1.942561235647754514e-01
6.362098400699167655e-01
-7.367848431086014838e-01
-8.318899724721653399e-01
3.329077514665432225e-01
-8.446614989770505622e-01
9.409898505583548234e-01
-5.741884574704771982e-01
8.316882014438808923e-01
-9.659566378519783836e-01
-2.260782393049499683e-01
9.316321992184143364e-01
3.795769516974518698e-01
7.921267223854419615e-02
-2.223665930429413462e-01
-8.667666621032505958e-01
-5.510176099028556429e-01
-4.644284745426198180e-01
7.062562229272271175e-01
-9.761538504689170059e-01
1.247392355121315077e-01
4.601350932430203211e-01
8.138744236372017493e-01
-9.936076419974172458e-01
-8.853309921805970761e-01
9.561600689380368445e-01
-6.030187354878332462e-01
-7.375064254459521296e-01
-9.818581666108875394e-01
-9.865906211125100578e-01
-9.725732348797575533e-01
1.000000000000000000e+00
-9.998554429677348754e-01
-5.580395147130683409e-01
7.528982158583320539e-01
2.544556465640431253e-01
-5.510371785903748210e-01
8.393493717186266689e-01
9.888993815158158007e-01
-7.070226682117290995e-01
7.405847009149881810e-01
-5.413890188103434031e-01
7.245300087368850006e-02
-5.687957024461323119e-01
-3.133697367495008601e-01
8.493584320124171472e-02
-4.917378194195736185e-01
-9.679975672575853451e-01
1.000000000000000000e+00
-8.046080511202644558e-01
9.789765339127198818e-01
-1.712365442246560274e-02
-4.482699060889423492e-01
-4.437812422610485363e-01
4.098251963341343340e-01
9.905009613405246771e-01
-3.350801494818267390e-01
-9.908275130536482456e-01
-9.831084187551079046e-01
-9.302902589268002842e-01
5.002259183750152466e-02
6.357163984522572475e-01
-7.604365724100252688e-01
-1.782199158019482851e-02
9.913530309198684831e-01
9.996878124243567809e-01
-9.535074039474031871e-01
9.997868585176877820e-01
-9.996021811102456800e-01
9.004217645206841203e-01
-9.991066007501488988e-01
8.700021802459227960e-01
1.000000000000000000e+00
9.696828000477986098e-01
1.000000000000000000e+00
-1.458748288947227800e-01
-3.582218970456990670e-01
9.483967387222478340e-01
-6.226680068401497792e-01
-7.683138925083619064e-01
-6.831976907925030318e-01
5.000339797953268217e-01
-4.309944285541405518e-01
-1.274740333912736251e-02
9.989275424648789148e-01
5.608144661637748385e-01
9.971248942034527385e-01
-6.672891549314075021e-01
-2.032822357783930223e-01
-9.576262144055607273e-01
-7.098806921109875878e-01
-1.529696109811093212e-02
7.212547621058768010e-01
5.467545618861886503e-01
5.854654206293750107e-01
3.103995867998674552e-01
8.198794646264194741e-01
-5.942440944862225072e-01
3.290899103971236528e-01
1.949918558139172586e-01
-9.988091758887998051e-01
-7.174824490081480599e-01
-8.221156891119618670e-01
7.005692877487700310e-01
8.387960919469222842e-01
-5.598470991222567195e-01
-9.246371523322269859e-01
4.893895310150973565e-01
1.607834096493214460e-01
9.179742365038420226e-01
7.607842315200487038e-01
9.999995511436886586e-01
-3.225204390833111834e-01
9.951291274488953675e-01
-6.039589599512031892e-01
2.536157405399883658e-01
-6.041649835503593025e-01
3.539294659381538311e-01
1.000000000000000000e+00
-1.702736230266978928e-02
-9.911318828936434011e-01
-5.873558859175087576e-01
-9.950559651174681886e-01
9.779401303250565558e-01
-9.220665919949712075e-01
-8.185701589002267742e-01
7.643072947395811445e-01
-9.103970732150868939e-01
-8.437961122517305679e-01
4.116035719013298733e-02
9.250394145375143706e-01
1.264530333483304125e-01
8.155753977658719567e-01
-6.491206609097402991e-01
4.399695105439971332e-01
-2.550756006656270183e-02
9.765137078828952655e-01
-9.139619409325094868e-01
7.967664689847775428e-01
9.250226491216200220e-01
3.256130908184305395e-01
-1.840940161563246469e-01
-7.548073371676292664e-01
8.130787385916616872e-01
9.891358161101412305e-01
1.314493436538446414e-01
-7.572158921352701855e-01
-8.803190739804167553e-01
-9.921406291115154596e-01
-5.984005609021307848e-01
-9.257875202600711617e-01
4.700840448677651162e-01
9.810826860503364388e-01
9.390745393703171517e-01
1.694261809670941088e-01
5.663531914086952224e-01
9.533438004118088838e-01
-4.969649466926883141e-01
-9.984250427113027238e-01
-9.635804449329070653e-01
-2.839342736186236671e-01
-5.981333675321298671e-01
4.924603745322814197e-01
-9.974922333512374895e-01
7.267684569292257590e-01
9.111409131428238606e-01
-9.939730159656908759e-01
8.420906175992939335e-01
9.902801159779874851e-01
-1.255363758645964833e-01
6.230805907521020925e-01
7.900236572099951227e-01
-1.097649154660939180e-01
8.464639276685397284e-01
-9.406044405427295141e-01
-6.110282803308326738e-01
-5.749049184908711085e-01
9.950276161087014959e-01
9.912844415746137061e-01
-9.376075597889722557e-01
-7.608581402413693295e-01
-1.560150245772449484e-01
-9.849105094818020323e-01
5.687975173691500741e-01
-8.463701826371146097e-01
3.924320576016054885e-01
-5.308595905385927738e-01
7.023597995014200235e-01
-9.980006744414849917e-01
-7.749324072537848718e-01
4.337941266515777938e-01
9.225948826762855326e-01
1.000000000000000000e+00
-9.871626238937186715e-01
-7.642904174147190366e-01
8.634456889077470887e-01
-9.326317071398189107e-01
9.823901146188882549e-01
-9.995573674589848245e-01
-1.385800477355441651e-01
9.856450453009846235e-01
8.096347226790558960e-01
9.173219892460180436e-01
2.024768001557630814e-01
9.991416684770033640e-01
5.139775265375799707e-02
-8.309400206474014672e-01
-3.334118131122684181e-01
7.325835267572621268e-01
9.274803004228161507e-01
-9.282366271849031847e-01
8.573891976907576096e-01
-9.653628149387646351e-01
9.727300773505576093e-01
-5.517076298506075061e-01
-7.080069458582264330e-01
-4.080902808279185390e-01
8.722765260901262918e-01
-6.476603731590424573e-01
9.931619890935998729e-01
-9.612827712402894909e-01
3.136000791500149210e-01
9.608429903973182418e-01
-9.132479335662114783e-01
3.927681271144596309e-01
-7.681546242438995753e-01
-8.303274462538644540e-01
-9.990905379764688510e-01
-4.820213329645572364e-01
5.829228165815882878e-01
5.240142041858034810e-02
-8.971310097243968551e-01
9.994098745096330338e-01
9.862767104439374988e-01
-8.762892216526341205e-01
8.860365956298782431e-01
-9.980163328246703935e-01
9.800893547187150556e-01
9.491377575502055741e-01
-7.337647579897643713e-01
-7.606047199581728036e-01
7.664347888424710709e-01
2.718038291202476975e-01
-6.650879653096081201e-02
-9.577440858552951353e-01
9.387960176035640147e-01
-8.501324312013047724e-01
8.137256789468542140e-01
5.305378428116013234e-01
6.532235863084508987e-01
-6.176779112348524947e-01
-6.464966759159621601e-01
9.392748433109191497e-01
-3.498507496182898802e-01
-2.179772635640304101e-01
