6.104650681518708488e-01
-5.255535440581484696e-01
-4.451236728947828292e-01
3.531598181873380482e-01
6.828207758974675912e-01
-6.411701548343415880e-01
-9.420905080359944783e-01
1.172952847600252646e-01
6.192318335107924732e-01
-4.122232641549975485e-01
-1.775790459523521603e-01
1.000000000000000000e+00
3.195749738260923456e-01
-1.394888668847880098e-01
-3.565739775278197188e-01
-9.905899568684828349e-01
4.027390669433207337e-01
8.322180639768461674e-01
-4.902540392058696295e-02
-9.148512356563731629e-01
9.833697299302450456e-02
-7.845970140921575409e-01
-1.000000000000000000e+00
-1.000000000000000000e+00
-1.000000000000000000e+00
-8.138925813785609087e-01
2.513379234907911486e-02
7.188184126559171716e-02
4.246019383968986372e-01
-7.562317464358505603e-01
1.014393393445228719e-01
1.000000000000000000e+00
-1.062046557663121060e-01
-4.142217343938198182e-01
-5.765584906800459430e-01
1.000000000000000000e+00
6.840047946845616567e-01
-4.165439892088158014e-01
-9.106704464892958484e-01
8.178681536936696084e-01
-1.000000000000000000e+00
5.434406745751666490e-01
-1.000000000000000000e+00
-1.727537244229856994e-01
-1.000000000000000000e+00
2.340667954427224917e-01
-3.783045189755012139e-01
-7.424690498102141101e-01
5.654478439628651820e-01
6.666271841985809132e-01
-3.182305432067749074e-01
8.221443338284531444e-02
-1.000000000000000000e+00
-1.000000000000000000e+00
6.359501923187984573e-01
3.332215930539550452e-01
-4.791280826303933038e-01
2.653723564013626413e-01
5.301247364241375992e-01
1.390022551578404819e-01
-8.078208891756520904e-01
-7.280243744185623811e-01
8.477412685147985849e-01
-4.554028020255381781e-01
9.380123541103460028e-01
9.843507061198253361e-02
1.000000000000000000e+00
-1.337897315818356581e-01
3.275325211726595187e-01
8.361007128638332508e-01
5.351409135404463502e-01
-1.000000000000000000e+00
-4.181753594749251790e-02
8.917053332734958815e-02
5.793994322601074831e-01
-1.000000000000000000e+00
-2.055798828668441436e-01
-3.662270700685550662e-02
-8.940518415758517135e-01
7.556286475154716520e-01
-3.568953097164815347e-01
6.437273021395673034e-02
3.857956777939537951e-01
8.690598061320388146e-01
-6.718287980276000937e-01
-5.025068806850208070e-01
3.639614226309108025e-01
1.062315057633938242e-01
-1.303847069104757672e-01
6.025340035945707662e-01
3.819687781080221001e-01
2.084832872708369256e-01
-4.334854000678695085e-01
-9.581778050167677474e-01
1.539401626009895274e-01
4.609556733511018800e-01
-2.258628912439915315e-01
-5.998895527305794229e-01
1.000000000000000000e+00
-3.029334988380270599e-01
-2.904344799046545411e-01
4.685430475817640161e-01
-4.646142644958977108e-01
2.747245562912860040e-01
1.000000000000000000e+00
1.595397011953038069e-01
-1.009507698225706879e-02
7.177090478971035470e-01
-5.997541537222725871e-01
5.448216348097839612e-02
-9.022594366322288506e-01
5.672925683349552273e-01
6.860775243909225107e-01
3.636756437526781904e-01
9.404895447319150392e-03
8.245701724303345914e-01
-2.616718741431097173e-01
1.296006515548941973e-02
-1.578637979901289234e-01
6.963559471913931542e-01
-2.998961385144549019e-01
-1.294565998587549061e-01
1.000000000000000000e+00
9.521436320035714385e-01
8.070465137352540452e-01
-1.222841114433476095e-01
-1.000000000000000000e+00
-3.432253009597454607e-01
-3.755225196802999821e-01
-5.981215250946285700e-01
-1.485251142795575019e-01
2.105261460335250967e-01
-4.341880749482330271e-01
-7.449458819907635032e-01
-6.351306407000743004e-01
1.000000000000000000e+00
-2.494270643334784987e-01
8.437760675251615439e-01
7.135883992472250581e-01
9.124076862794809895e-01
1.000000000000000000e+00
1.000000000000000000e+00
-3.281233804624210104e-01
-1.000000000000000000e+00
-2.574455487094386430e-01
-5.454969051299117799e-01
1.104461383760692861e-01
-6.932113521186683558e-02
3.107092860202950724e-01
-3.234726038713170437e-01
8.011582726034744972e-01
2.106363994319740418e-02
2.353619231479486817e-01
-4.200017040516298428e-01
5.331034358197961343e-01
-1.000000000000000000e+00
-7.930726993722935214e-01
-4.841037999004785264e-02
-2.499488371517559759e-01
-5.651491753193178535e-01
8.012872798504855343e-01
-9.555145589879401324e-01
-6.994560456272561622e-01
-3.308057391968176053e-01
-8.539890023799913132e-01
4.065219045779060458e-01
2.632674335376081753e-01
-1.131497209406596982e-01
8.181441094950080428e-01
2.172106995101802940e-01
8.636109889214169666e-01
-5.516080503135247642e-02
8.347482881723161663e-01
-2.101679285583182843e-01
4.484997472449901990e-01
1.753132469515787939e-01
-6.820136838641750465e-01
4.145147370112879370e-01
1.664533992681294094e-04
-4.797962875659255721e-01
-1.000000000000000000e+00
5.480873692139575093e-01
9.780617811180919441e-03
-5.138091783434981519e-01
-9.781445045155119367e-01
2.966675000992046174e-01
-5.704718245982407510e-01
-7.708948422615143903e-01
1.000000000000000000e+00
1.382758413602782482e-02
1.445813400844291330e-01
-5.686835637396787657e-01
-7.264674174318256350e-01
4.888693130456635005e-01
-2.231336579851844748e-02
-9.718870409716826031e-02
-5.638929742924875255e-01
2.518798070213249529e-01
2.031567699160169438e-01
-7.861425345810225673e-01
-5.217785469839900103e-02
-8.442575291483013500e-02
8.493346797938547965e-01
-2.063050616812752702e-01
2.676823216355396218e-01
-1.000000000000000000e+00
-5.731548337657382808e-01
1.908426040530063553e-02
3.192533568924094678e-01
3.773806620991895233e-01
-2.743822148828733432e-01
1.404847536352809012e-01
-1.366099872413413796e-01
-2.448923785565366718e-01
-3.515634164305387332e-01
-2.987136974281434654e-03
6.598499938407511589e-01
3.334064420032966103e-01
5.229861106075460730e-01
-4.625397732975101150e-01
-6.035873932636529604e-01
-4.179213226335242726e-01
-1.841127209061301229e-01
9.421235587962029090e-02
-1.607761337416989122e-01
5.779992663552093735e-01
-2.304618590672772305e-01
-3.612504092083591578e-01
6.362822871504144606e-01
1.524755469949811149e-01
3.368165001838345773e-01
-1.000000000000000000e+00
8.799363435488627427e-01
-1.000000000000000000e+00
2.488153551990736068e-01
-8.182084376992309060e-01
-6.985368540457095321e-01
-7.004067179263928633e-01
-3.164986497053792203e-01
-9.336613616000208893e-01
5.762271137334691318e-01
-9.545738302148479848e-01
2.146546540367449962e-01
5.711334421753053725e-01
6.517253972437440090e-01
-8.263133861413352044e-01
2.480049870660894218e-01
3.089366845375268733e-01
5.813288637430878980e-01
-9.110364070183822882e-01
9.829288604769798043e-02
-4.955598605836898374e-01
-1.345585486253281504e-01
1.563894616607539589e-01
9.433162769740016662e-01
-7.507981164684567332e-01
-3.206828855460243655e-01
9.674302224844694154e-01
3.703676828544057997e-01
-3.373992305116851886e-01
-2.707167646226193436e-01
-7.786496754111714436e-03
-7.887676099342100233e-01
8.184449503264192849e-01
9.037625660056952670e-01
