-1.000000000000000000e+00
-1.526868501152528479e-02
-3.911163202722267584e-01
5.501694293844887340e-02
-5.400189168315572275e-01
-4.606033108815987265e-01
-8.481187906879399385e-01
-6.372220474276191204e-01
-6.127352031661362913e-02
8.900649196739156555e-01
-9.072513192812345362e-02
-9.844984190592092066e-01
6.318364616936389400e-01
7.535181500589172021e-02
-1.255144443184796066e-01
7.063310842352008567e-01
-3.271202926912340492e-01
-7.218044764172534822e-02
1.623100387660846300e-01
-7.059378763825200354e-01
-2.704526380039921074e-01
4.747933668482266500e-01
-1.487826280537347945e-01
-3.257647558291021928e-01
-3.631787334536280554e-01
-6.951791080187283978e-01
2.695978243374176353e-01
2.717230228475592813e-01
3.069621862144762403e-01
3.286792354646563830e-01
9.418465872822395779e-01
1.405707491842483545e-02
-5.781243821691884888e-01
-3.453477172403597861e-01
7.138687923037175809e-01
-2.583979575674641427e-01
-6.039208162326181739e-01
-1.005668859006871724e-01
-9.768732282190363270e-01
-2.828499217938953980e-01
3.957880034396437097e-01
-2.009164174529695090e-01
8.926333355785380785e-01
-1.076484751089770014e-01
7.800061551871028120e-01
-6.582081093452494258e-01
-2.008026989214108937e-01
6.512568844477523156e-02
3.639933363440200909e-01
-7.888335216065733846e-01
-3.994204330203076081e-01
3.428494685305303880e-01
6.302798191800775829e-01
1.000000000000000000e+00
9.943743070710885368e-01
-1.711894615220742322e-01
-8.759802600254253946e-01
3.457863294526777320e-01
-6.096023796366686343e-01
5.242586621062593766e-01
9.260443879441218051e-01
4.414922439754588313e-01
-1.798907888779365249e-01
5.518305496242689734e-02
-2.093463593790805266e-01
-3.354120982416960439e-01
3.327466809285605231e-01
-3.405096230829047776e-01
6.472209781092134184e-01
2.907871026625217237e-01
-8.419857300462452177e-02
2.121976896383510891e-01
7.517930229581845092e-01
1.000000000000000000e+00
3.104510732829175446e-01
6.250044769953502222e-01
-6.531169702865027293e-01
-3.622917736161792579e-01
-7.789357595987166372e-01
3.339490194680879709e-01
-1.682488897517869786e-02
-6.440705890121175559e-01
-6.523636982241411975e-01
3.318977244662394410e-01
-1.132239379887506336e-01
-1.000000000000000000e+00
9.081635069771886171e-01
5.812301077897155110e-01
8.234711370857536461e-02
-8.090207285978909812e-01
-5.172224287543236709e-01
-8.165774640471472612e-01
8.315316552830535890e-02
1.881184766698527910e-02
-3.266317775244848010e-01
5.599365649305916293e-01
-4.312759339826739424e-01
-2.109774295059053673e-01
-4.340656287089599275e-01
2.120303225512831791e-01
4.436433228503823822e-01
1.074359573365961107e-01
3.210515034825608960e-01
-4.055872110295695165e-01
-7.880876051095452306e-01
-9.844027070931160583e-01
5.532750042175373917e-01
-5.407827178209335672e-01
-6.944982144294532533e-01
7.863129943335781524e-01
-2.628112616410286373e-01
4.083064882600839773e-02
-6.189131503998629436e-01
-7.513399723200363534e-01
-6.845794182141928808e-03
-2.727797814541195187e-01
-5.145790488001399376e-01
5.765552952046554269e-01
4.344949903850929274e-01
-7.360147779174847082e-01
2.968075917845405254e-01
-1.058991885044527487e-01
7.946082585267040255e-01
3.915550453571595702e-01
8.354278694459502108e-02
-1.058831974039971258e-01
-4.051710914280950981e-01
1.786136004006175781e-01
6.289814926321997124e-01
5.893109902685433887e-03
-2.847770115697399462e-01
1.000000000000000000e+00
-4.535968843267925155e-01
-4.289867937999120029e-01
6.094922895532408624e-01
6.048128695724297454e-01
1.147462492979361981e-01
1.296064455543730065e-01
-2.109307683776545650e-01
8.774711676502905400e-01
-9.951566559274429569e-01
-2.015273650329527100e-01
4.421361555198055626e-01
-6.016585886011858175e-01
-2.697455678972492943e-01
-8.838021398368718362e-01
6.234511832969824585e-01
-6.663923387843098678e-02
-1.202361186770537632e-01
-1.394628683738310393e-01
-5.762651032107298787e-01
-7.266456606280882191e-01
6.444476588402919814e-01
4.374936077459856132e-01
-9.688749354956549542e-01
8.263641042372504852e-01
-9.606260533754593656e-01
-5.187677793134314319e-01
6.655067857198790904e-01
-4.716944689132054336e-01
-8.245548681982080019e-01
-3.945260646863832932e-01
-2.883357402842439132e-01
-3.971429419880370681e-01
-1.019027061252666955e-01
-4.712472222485659668e-01
-1.491695002081527555e-01
-2.278812623988689667e-01
-5.271100500458468785e-01
-3.099186737672064984e-01
-1.000000000000000000e+00
5.652556577841438834e-01
-7.256834431376979477e-01
-4.841516972466270996e-01
4.830752720733534900e-01
2.933666740015586916e-01
1.089882077470272215e-02
-5.671045223419791670e-01
1.957752719389731569e-02
3.117881891671727135e-01
-7.111012272253018907e-01
-3.216657014511861146e-01
-8.306528637019977568e-01
4.671685727525189957e-01
3.634361645104804417e-01
6.183422928963984155e-01
-2.539142976490686987e-01
8.909898381450910565e-02
-3.706122472082183927e-01
-1.117445097296450307e-01
6.820744533061834369e-01
-3.632577558150912878e-01
-8.107518243637372723e-01
-5.718792562810265379e-01
3.021678258813951801e-01
-5.061238121230258180e-01
-3.767512422273250339e-02
-3.273855804186758256e-01
-2.705684686810937989e-01
2.772745413164955930e-01
-6.720311002536732969e-01
3.529015723166268881e-01
3.652231079907030109e-01
8.134532388986553952e-01
8.685616570254193203e-01
-3.784446385795891543e-01
-3.378952685595287275e-01
1.646150914056292436e-01
8.649469564827416690e-01
-9.488335963772738524e-02
-5.914227377639436067e-01
6.220785029347719597e-01
3.156936847165791038e-01
6.070832436554164380e-01
-3.550574482814210509e-01
4.266841436431202395e-01
1.804696887481568035e-01
1.130104534748122003e-01
3.794061293055401851e-01
-7.583322202523002931e-01
-9.722285506081990158e-02
3.768493093595052246e-01
5.724038597506027060e-01
3.218644964455577573e-01
-1.382401606639440117e-01
-1.000000000000000000e+00
-1.714909776966967170e-01
-1.228926735968686457e-01
-3.364544546908552758e-01
7.268418960911703364e-01
5.147501883796498645e-02
-6.664716628718416747e-01
5.945800657823419044e-01
-7.456562843160535747e-02
2.502392549993653903e-02
9.357441786025709751e-01
-2.029796592804154476e-01
-2.355986198136119647e-01
-1.959623699888758674e-02
6.507528970343327002e-01
-5.440010161400248290e-01
3.909021151365672520e-01
1.635593459573616015e-01
1.049279051440810129e-03
-4.039981624776550762e-02
-5.602874466572568268e-01
-2.654210103258782816e-01
2.005920044074165631e-01
-3.804060213268471435e-01
-3.284291975779802808e-01
-9.448607422557824265e-01
-2.424780328761666770e-01
8.617806359530196803e-01
2.626001361297572445e-01
9.911960038354716840e-01
-2.238208996742788448e-01
-8.359322083906165490e-01
-5.045581790016981927e-01
6.891545788662860328e-02
3.136263261235157085e-01
-3.953381353008752486e-01
-8.579288801109968832e-01
4.572616197461017995e-01
1.840231375267096514e-01
-9.663244669920785235e-01
