5.761366467688674997e-02
-1.017425217141622040e-01
5.731448448308333887e-01
5.474191878657389543e-01
-7.585883257691061754e-01
-2.691407272076072332e-01
3.486255049640040182e-01
4.328405044318230921e-01
1.759149043386072087e-01
4.562710244987554509e-01
-3.694581353530891343e-01
7.882573894526320180e-01
2.729545415887483228e-01
-4.271986451443850197e-02
1.788529462690490457e-01
-4.100530210469050529e-01
3.546204583977605740e-01
-8.690078953692726982e-01
-3.311702227401664977e-01
-2.697664743525987063e-01
7.645410095982101417e-01
7.814461828752577999e-02
-1.610466905610071775e-01
3.747764945343751153e-01
-6.832291682808290245e-01
1.200490938385852940e-01
-1.979054842873825826e-01
4.192341314395436336e-01
4.939155778952373232e-01
-7.948552021912529408e-01
9.880229658660817371e-01
2.503329844127067938e-01
3.287429679675370475e-01
-1.331165544662353262e-01
1.699027669123772954e-01
-2.137896476528392820e-01
-1.360848837275052681e-01
3.820198377150072488e-01
-5.855418665616368701e-01
3.242663779142591074e-01
1.904107113436472043e-01
-2.666215854609725322e-01
6.113142879517852180e-02
6.248861573396289337e-01
3.675754884510229470e-01
3.095440339165757004e-01
3.376126338387944181e-02
-1.474030352400782506e-01
-5.442343056475846819e-01
5.124760929671565712e-01
-4.779101374861144391e-01
-2.087914575461560784e-01
1.000000000000000000e+00
-7.962819070117865827e-03
6.860940205726766550e-01
4.475162027983009549e-02
1.693300833138750294e-01
1.404470120839876601e-01
-3.885720304745918785e-01
1.000000000000000000e+00
1.405043098595321061e-03
-3.922022573898982234e-01
-7.481603664482259219e-01
-2.909242456796685694e-01
2.887327411723750181e-01
-4.902778320294620684e-02
3.476112183469509120e-01
-2.284415876789189226e-02
-1.873722498677803938e-01
-5.102737863744901681e-01
8.518145873129738810e-01
-2.167132552791699307e-02
-2.882241491776671993e-01
1.352906314617307870e-01
2.029583519833720595e-01
6.110468413144181099e-01
4.916644950476155573e-01
-2.619538641147796665e-01
2.018662588350970677e-01
-2.579734141634079103e-01
-1.837902003155902630e-01
6.608935691007312707e-01
-1.519579997110165059e-01
-1.117794179399545090e-01
-3.466943924614004358e-01
-5.372702525084697978e-02
-4.831741129529517065e-01
8.361639725332229434e-01
7.318968852626867028e-02
-3.064603709541803278e-01
-1.000000000000000000e+00
3.330535357991711853e-01
-1.871090830006808259e-01
-4.370280504922496867e-03
-3.838445449991034764e-01
-1.589697940613405414e-01
-1.538378904042948248e-01
2.451933269926152015e-01
4.497202331714018619e-01
-7.275120708969425865e-01
-1.859917890207100077e-01
1.077493646424058094e-01
1.632972677187571886e-02
4.394896449158336993e-01
-1.415847493347588415e-02
6.949785524105527301e-01
2.181388812221022044e-01
4.390777654967648047e-02
-3.689837014423089645e-01
-3.730791060626570399e-02
3.062924716546787662e-01
-2.193568584215478956e-01
-1.752188025570750596e-01
-4.261509569420491306e-01
1.173242190066636076e-01
-1.000000000000000000e+00
-8.424515710436013549e-01
-4.973937079779348069e-01
9.011129866571533364e-01
-2.640397531943481368e-01
7.757519322885038093e-01
4.508238466175003012e-01
-3.162628324762279952e-01
-4.240131982825247059e-01
1.218955443405786709e-01
-2.349725263704749434e-03
3.071776841205230979e-01
2.429114856693774804e-01
-4.409761314971895052e-01
-1.554437957414568361e-01
8.226184696546051667e-01
2.084125803142913014e-01
-7.066971617380545245e-01
5.132973630989167146e-01
-5.968479019381203177e-01
9.343334832098540432e-02
-4.023972853519453552e-01
-3.314685919020097793e-01
5.934109056728382736e-01
-7.581221637181425610e-01
-6.824473881511047280e-01
-1.994185012112426048e-02
-7.075169689084968017e-01
2.841740919937780219e-01
-2.425955788618767150e-01
7.360041288161945916e-01
3.114780520923094986e-01
4.953338494846092899e-01
1.404886901279503442e-01
3.307998639182541112e-01
-4.775832383024603001e-02
1.159690921843292838e-01
3.557076392712675839e-01
-5.643567755742688874e-01
2.222248589727308099e-01
-6.642446466911797742e-01
-2.821754850652439806e-01
-8.270152491528179883e-01
-4.711673324455140088e-01
-2.050882454730648119e-01
1.218379667383949205e-01
-1.640169029944948398e-01
1.876011556550014059e-01
-6.194412717280487479e-01
-3.634400107912559852e-01
1.932615605962043626e-01
2.965649671468770232e-01
-2.377330411661351117e-01
-2.694435272145978555e-01
-2.043390790182917360e-01
2.756524225093268110e-02
-2.520936543130010143e-01
2.234740158389974529e-01
9.935466941435655563e-01
-8.219710633014338796e-01
-2.569559783283726917e-01
4.087271640470027112e-01
-2.853179759896700141e-01
-2.920197975343996610e-02
-1.275321698770301992e-01
8.783481401701730418e-01
3.115964276140715805e-01
2.648606416393783358e-01
-2.085662092148823921e-01
1.366866450815457656e-01
-1.948978113065238937e-01
8.529321068071735734e-01
5.788912482683152838e-01
-2.848643384099361908e-01
-9.542496132442228607e-01
2.988680851396128824e-01
-1.731366881642720512e-01
-1.373778358785756881e-01
6.056955762535010807e-02
-7.239817052269668096e-01
1.252567065660735168e-01
3.721033070918260410e-01
-6.714921717096365705e-02
1.854933244698528938e-01
7.703991067891801103e-01
-9.195286371816489002e-01
5.394923024609916684e-01
-2.466200057622400243e-01
5.805952486366664500e-01
2.377121080903322192e-01
-1.026758460244649035e-01
1.021452932901642935e-01
-7.255866451927528438e-02
-5.216808104838782656e-02
4.818543117299034506e-02
7.330816718602594095e-01
9.631272481221240245e-01
-1.530267427166155658e-01
9.038630328927704793e-02
2.404519130863225773e-01
-6.243075699948105184e-01
3.160553334996403230e-01
-2.854850376264540524e-01
2.878562679925538714e-01
-9.010683472721242593e-02
2.118729729539864104e-01
-2.984337100543233423e-01
1.046538203584932575e-01
-1.149540747716073091e-01
7.484520198593473950e-01
6.340077103522421265e-01
-1.639274035167979093e-01
1.000000000000000000e+00
6.717284009812447554e-01
4.511556287721113501e-01
-7.035536207271989584e-01
-2.404344843910690699e-01
-4.473555872779657605e-01
4.935419680610819704e-01
-5.863731679100397942e-01
1.000000000000000000e+00
4.805389657612819665e-01
-3.720885366406179728e-01
-1.390029738414987615e-01
1.301603256667741570e-01
-4.721924120593329333e-01
1.546389143849087322e-01
-4.334504498241786852e-02
-1.620074206648435267e-01
1.921003956278804770e-01
-6.423992445854610767e-02
1.661685619658039015e-01
2.907870351448783031e-01
2.996448537337044193e-01
2.364617207536612309e-01
-3.751792719088249406e-01
-4.360940579114254700e-01
-6.056345738343005269e-02
-1.372459910726650523e-01
7.737820522534091250e-01
-4.956894471295693050e-01
1.219419938586893681e-01
3.179430554165957323e-01
5.288939457289089097e-01
4.216794508786724793e-01
4.226437061928884908e-01
-2.373311890330589979e-02
2.459212258658987904e-01
4.711413228010759013e-01
-1.013359572870397018e-01
