-1.359412383080463027e-01
9.730571724309022841e-03
-4.451890705312321062e-02
-7.844195859631293566e-02
-7.578560103747818966e-01
-6.598287578199736325e-01
-5.051789447264305455e-01
3.906148348503283296e-01
4.127894117781687466e-01
4.580188037396644152e-01
7.420391799535988042e-01
-1.109086907500454744e-01
1.945084508833690162e-01
9.065071103762671889e-01
2.108429380513178464e-01
-6.175347531094867864e-02
1.410483400997411263e-01
8.426238829834825639e-01
4.167469685628896747e-01
-5.430073852108147081e-02
6.787097261112222668e-01
2.437181076724092010e-01
-7.209217017522949467e-02
-8.890785164598202783e-01
9.311165439533136690e-01
5.198876990983488655e-01
-3.574192853838064621e-01
-5.150903035017906362e-01
4.200238322596807627e-01
-6.032153177709093095e-01
-6.374450907129692867e-01
6.765475526684315843e-01
8.232009201980126090e-01
-9.964036628135605755e-02
-2.359783022920888540e-01
-9.467943932052016454e-01
-2.808452214343168940e-01
9.257053214664775487e-01
2.447898797381477531e-01
-6.154743390624937138e-01
-2.752785809322006449e-01
-4.569678782161820663e-02
-1.653237864078134223e-01
4.424789318807134109e-01
-6.893037262291078493e-01
7.324680993284528041e-01
2.236453266828742348e-01
-9.211468333761968497e-01
4.847111357630284889e-01
-4.364839647555023849e-01
-4.490999408558941086e-01
-3.349889237144569876e-01
-2.488342645573153877e-01
-6.425389642618801744e-01
-4.582400599899840721e-01
-2.629353617029729362e-01
-1.505727344215312402e-01
-4.919976212237842095e-02
-3.585721465037133848e-01
-7.478070331606708754e-01
9.197537092141544468e-02
-1.260950948235783353e-01
3.236338941440918826e-01
-4.957969868558518844e-01
3.143742904451545250e-01
1.839038438896803407e-02
9.640691843066337974e-01
-3.309608664979208359e-01
4.294775998333617839e-02
4.447459541898796109e-02
8.109968739016655270e-01
1.722829188251595867e-01
2.390418481819713281e-01
2.677906466718704692e-01
-8.963287301708516841e-02
9.985066116617490328e-01
-1.991351001898978013e-01
9.809454128224551761e-01
-1.587699831303160947e-01
-2.542831959870058833e-01
3.526866466171075243e-01
5.526731300968378280e-01
-6.391254557119343538e-01
9.935885296249613585e-01
1.948613265627502922e-01
-4.994377841750744507e-01
2.623233620173573422e-01
2.954089683398516963e-01
7.482848871661841317e-01
1.291134400632462376e-01
2.427196972777672379e-01
-9.086481428730828203e-01
-9.181743390625711765e-01
8.130521967284474183e-01
3.194121392024105166e-01
9.906385031976896460e-01
-2.101224390015591914e-01
-4.506294669598226443e-02
7.656887236697826893e-01
-3.231760431109023668e-01
2.738809837060585117e-01
2.833596605808932911e-01
-3.343540956988157453e-01
-2.007599723173680850e-02
9.328656900461467227e-01
-3.013795379467740232e-02
-9.205558257148247492e-01
1.728191112938700924e-01
3.460405280864609634e-01
1.686887562761304471e-01
3.611897243949933889e-02
4.959185210952665179e-01
-3.643171555928867988e-01
8.161256067006888992e-01
3.334317281819584866e-02
3.731898843104469732e-01
3.250076203685887677e-01
-3.592512356222710146e-01
-8.620965221269181189e-01
1.911873992135685041e-01
7.789240818277448630e-03
7.166553100233299389e-01
-1.806639743874028925e-01
6.590069521033433686e-01
4.238549463351093394e-01
5.463784587100672940e-01
5.209970001201196244e-01
5.572077294135112657e-01
-9.893870932769188720e-02
7.678859647698182966e-01
8.783312435074160096e-02
-9.073686730411730794e-01
-5.940750872194965337e-01
3.007170258596892909e-01
-1.154679381241907055e-01
9.756066318437328633e-01
4.767464256609179607e-01
6.088863609667672927e-01
-1.000000000000000000e+00
-1.582728264286347442e-01
-2.674537413071407799e-01
1.507130138529547969e-01
8.045204922585849072e-01
3.000440000272871499e-01
-5.570523101848410263e-01
6.219993328190355220e-01
6.331600318323378496e-02
2.062326345449197185e-01
2.765394900091053820e-01
-3.791575963020401563e-01
-4.927588018187827046e-02
-4.774492066898293752e-01
-6.048773551616709598e-02
3.076860632158939235e-01
-5.161429763060330078e-01
9.203822624538235408e-02
-1.522933495663583991e-01
-6.514192141240972012e-01
2.619473348805494983e-01
-5.622804535881401611e-01
-2.915196686015120164e-01
-7.813251856471168377e-01
-1.888468775236594732e-01
-1.351154049528048851e-01
3.404172166297894653e-02
7.821402592866608661e-01
-2.494301847435128061e-01
1.498924918042833232e-01
-6.513186722690116337e-01
-1.663559674369493036e-01
-5.532671548438020670e-01
6.612960076796990661e-02
7.718850803334416089e-01
9.789607421810081478e-01
2.081992961376649409e-01
5.371725461897953746e-01
4.367897651976649920e-01
-1.678182950834311571e-01
1.529062900787403201e-01
-1.880603816064714551e-01
-7.064980929922499708e-01
-4.671929627029887122e-01
8.043820821424948475e-01
5.423452859159728634e-01
-1.423162393220236965e-02
9.226626193129103259e-02
1.310922901898364246e-01
-1.052004525609898516e-01
-7.207235678517473487e-02
7.426594784702482410e-02
-4.521335579708281038e-01
4.430822357655052057e-01
2.560400743202864149e-01
5.121208719556622491e-01
-6.811644710607295261e-01
2.674668489509399172e-01
2.513347649734447020e-01
6.767379404302838186e-02
1.588341929197580882e-01
9.999003465793115941e-02
-7.713835106635530403e-01
-5.582669019068486893e-01
-1.479508745776432765e-01
4.701658371582232432e-01
3.776652526440916757e-01
7.436664194323148180e-01
7.895581842613674795e-01
-2.472312236515383232e-01
-1.645096372466917367e-01
6.017023719918980496e-02
-7.836804974148766645e-01
-4.100579197491921457e-01
8.527317486236588584e-01
-8.231993729284395322e-02
2.596947939562805896e-01
-5.611794129280655019e-01
-2.601844848465309501e-02
3.542300596520122635e-01
-8.309325144709309718e-01
5.894526310118837209e-01
-1.320693146371069160e-01
-1.323690202432288854e-01
-6.225574887886757836e-01
-6.599258538608407387e-02
-9.438641117073283127e-01
2.808548142630379885e-01
-4.309095597414791534e-01
-8.004358134539542036e-01
-8.079569341935639581e-01
2.542744815676717396e-01
1.842756183859142194e-01
7.648702951444683040e-02
2.260565120788668725e-01
3.529865960217670739e-01
2.932319991937079595e-01
-1.072975159149994473e-01
3.276082133124779139e-01
-1.858370214879421778e-01
3.798706275481660288e-01
-3.020215011507247915e-01
-2.585943753375855025e-03
-8.138392212687706184e-01
1.809172489155183028e-01
8.934959372360442575e-01
-3.893652296276061131e-01
1.617817591460402882e-01
-4.997710397251784453e-01
2.256024755314484653e-01
-1.407257693853999903e-01
-1.307856858950193213e-02
-4.241897443353510599e-01
4.158851062047449337e-02
-2.438100035507310137e-01
1.502343891618760918e-01
2.052759397785240969e-01
-3.560241167158509912e-01
-5.773235492216778342e-01
3.529225243447208782e-01
9.021373018159312140e-02
-2.250433028641618538e-01
5.371744619624292394e-01
5.125173899897572660e-01
-5.428324017511261257e-01
-6.637943093033791264e-01
-7.080481501275204259e-01
