-8.081419050869943499e-01
6.166699631812534443e-01
5.735920167791813684e-01
-4.164249348748120805e-01
8.358329111314108939e-01
1.615154264088152214e-01
-6.438684645911768589e-01
-1.000000000000000000e+00
1.702249216751209882e-01
-3.116677746611382638e-01
-7.349514458962842500e-01
-8.608107166102853258e-02
-9.946253144088406106e-01
-3.660511774829085241e-02
-5.157438472997787349e-01
4.510391377276068980e-01
-5.564099731333023158e-01
-8.880361095071173105e-01
-3.939053778208335133e-01
-8.183305800050855172e-01
6.546726515615698405e-01
-7.172795307455996916e-01
-6.795473977728713200e-01
1.408910053215910174e-01
8.011436706119521300e-01
-9.697580350507792879e-01
4.138543153529610219e-01
2.132033112713572764e-01
1.500051428585647550e-01
-1.423060069145618001e-01
6.495939703842765756e-01
4.594886554740894580e-01
-9.785508060568183231e-01
-1.048226695405555242e-01
-5.234174144984876653e-01
1.000000000000000000e+00
4.691168136333126459e-02
1.362184980021139413e-01
-1.000000000000000000e+00
-2.481405010090707852e-01
-8.074805481353786174e-01
1.320602701308968285e-01
-5.376781413408713295e-01
9.260315882548854072e-01
-8.863857104658293129e-02
5.958883931988059324e-01
8.995772853969377092e-01
8.453669086164949942e-01
5.729871232102726752e-01
7.187993290492832310e-01
-9.768640279033163898e-02
9.211907148583906579e-01
2.853867771770837725e-01
-7.355090568442629317e-01
-9.947295802009394894e-01
-4.961908192927416694e-01
-1.314771682152939269e-01
-5.711344901673882646e-01
-3.881894186180789297e-01
6.364406797783713765e-01
1.803322506365662159e-01
8.762810136860308408e-01
1.000000000000000000e+00
2.058820539923039150e-01
-6.897925774382253072e-01
7.213419192269920899e-01
6.615054110761738881e-01
-5.963189049602203307e-01
-6.463768086265930801e-01
-9.650622857503888818e-01
1.000000000000000000e+00
5.186504610933320158e-01
-1.796838955062222687e-01
-3.253722543054950872e-02
-3.888514871094798098e-01
1.742928710648343205e-01
-4.491274303341588059e-01
-3.808791003290626920e-01
6.639259804929553699e-01
-1.599643943345526176e-01
9.920568289965386866e-01
7.407613704969789881e-01
6.830304774098663323e-01
5.091012203765353794e-01
6.521289286585649769e-01
9.445406045277270346e-01
2.407940296684287218e-01
-7.319755733350165050e-01
4.162467309332539694e-02
-7.679625245160932590e-01
2.085483302941048001e-01
5.492801195474927844e-01
-4.904267570797329889e-01
2.781567913503826261e-01
1.646524347204463001e-01
-5.124545446147383831e-01
-5.382649220803500389e-01
-2.977507196485506547e-01
-4.166229342711150752e-01
-8.884331353667808406e-02
9.066099616567410147e-01
8.805505545335181594e-01
1.417049999267083471e-01
7.210930810577628192e-01
3.481350082130876822e-01
8.752622889421040053e-01
4.770965246966509254e-01
-1.922644931198275453e-01
7.448462735092766795e-01
-2.590300460094903667e-01
7.190578112119004883e-01
-4.352703892706386579e-01
1.474669186082084582e-01
9.990920391929376532e-01
-2.548210346088690126e-01
-4.619981889297611333e-01
7.669799004475325033e-01
7.555242092306400092e-01
3.019092413696390989e-02
-2.187108406152209472e-01
-2.723523599199516587e-01
2.802420835201351879e-01
8.371654533102222961e-01
-4.145347038768986137e-01
-9.190840278643214178e-01
9.951768746051404824e-01
2.989307174670741696e-01
-9.958318736341785771e-01
-8.225193068478343639e-01
2.922993721123754440e-01
-1.000000000000000000e+00
-7.939903743389218338e-01
-8.432385871798118160e-01
-5.198776471678968614e-01
4.507025957901382163e-01
6.820469256950240089e-01
-9.760545307710588592e-01
-9.947484705662767990e-01
3.127253160028166667e-01
-8.778543683629703720e-01
7.797112315962745344e-02
3.782527806767035372e-01
9.598147141100621393e-01
-6.521596168187231424e-01
1.563776012405094229e-01
-8.258897701446140660e-01
-7.296878008481244571e-02
-9.524414924257768034e-01
1.282684714952994909e-01
3.312003617224454355e-01
-2.069783835540288941e-01
-5.530678895744733925e-01
1.590385951968955117e-02
-1.553628750000515257e-01
-7.155317587836297344e-01
-7.420478397942227300e-01
8.751075483552618328e-01
-9.940645651440462860e-01
-3.990987979071393688e-01
-3.964031298795155367e-01
-2.332045871093292866e-01
-8.041752748806862972e-01
6.756282911265732993e-01
-2.724492429519366765e-01
5.920686400337093341e-02
9.805095940488667283e-01
1.335423889955674459e-01
4.615274441193133875e-02
9.969715589184090510e-01
8.098671639983755499e-01
2.404806107547185212e-01
-1.392260743708971238e-01
3.197828817014684855e-02
8.210213756143856789e-03
-3.306603852334563109e-01
3.993560652011083345e-01
9.986160407984682186e-01
-4.202093821831487941e-01
-7.189880097541766490e-01
8.996102940473588161e-01
-6.453295751192679175e-01
3.500562519062824229e-01
-9.649174835696870955e-01
1.785547240437523053e-01
3.195653350872753040e-01
1.898639079911785404e-02
-4.428127139497922138e-01
-2.258661228105677543e-01
-9.919297309672837626e-01
3.467473772706740343e-02
6.101225479179749334e-01
-7.832688815852109077e-01
-4.120713129877598968e-01
7.785180741992742126e-02
6.504293307136171931e-01
-6.130682191186802577e-01
8.630167548611666906e-01
4.676266957328851226e-01
-2.908392496226986923e-01
6.445381760856582209e-01
-1.880624212180080079e-01
1.181230274451324502e-01
-4.696105987340931098e-01
2.750514182980736688e-01
-8.207644106768848813e-01
6.002662195019364821e-01
-5.940362734172784931e-01
-7.043662242193255985e-01
-2.979697931006851652e-01
4.934446348106336644e-01
-5.286454317992431706e-01
-5.970001199650295520e-01
5.826269115965466705e-01
-1.556365714567318481e-01
-4.214555979985287748e-02
-1.681220084376391644e-01
5.889004538316846560e-01
9.742777697883158172e-01
5.478396733531470941e-01
6.976858694849450426e-01
-8.945380723259751532e-01
-7.686441874804241792e-01
1.985970410104264394e-01
6.265704644333515150e-01
6.782192450673695250e-01
-1.753399448002389005e-01
-6.054577112714811804e-01
-2.805029103218260600e-01
-4.178597360013797668e-01
8.676620241729421368e-01
-5.788110006190211321e-01
3.790340244716391416e-01
4.106620908017232785e-01
-2.972692520093616064e-01
1.029977676831160122e-01
-2.474913860257814124e-01
-5.096888626615437845e-01
-5.859711750696832144e-01
1.563558903166692160e-01
-3.046116228319467600e-01
-6.266646051417587571e-02
1.000000000000000000e+00
9.998012772446326357e-01
9.646270455530103760e-01
8.158666155272120690e-01
5.556848366331382794e-01
5.664757185284912122e-01
-8.624465681577679899e-01
7.117238378644601404e-01
-6.246687891686840688e-01
-2.424977504540160034e-02
7.355836409418170518e-03
2.845747185646447242e-01
-4.077707118768416072e-01
9.129068593268273579e-01
5.152462419844580088e-01
-8.777024590619885158e-01
-6.439151091047946585e-01
7.307286769416023731e-01
-8.286357022042759590e-01
-1.937160870155051340e-01
-8.443996191848508470e-01
5.133933355779358720e-01
-1.084631067918341574e-01
-5.200123867931097932e-01
