7.202187455063046029e-01
4.079574313207618430e-01
-9.458638859173020830e-01
-3.939207913902227909e-01
3.148386866702483355e-01
-5.605665935273234091e-01
-1.849588551958193661e-01
-5.483137637067779790e-01
-6.984938681813135375e-01
6.109610540378576093e-01
8.204554554729402982e-01
3.652292193405269893e-01
4.994190548059513901e-01
3.546232471726649127e-01
7.013888326129127382e-01
2.737837020547144173e-01
6.481216103495520686e-01
5.781349030408331480e-01
7.574600891567940808e-01
-4.778551350460679137e-01
-3.158322384516629722e-01
6.019954132805589442e-01
6.250034218310782652e-01
-5.188388383138865523e-01
6.390099171853708127e-01
-9.655810754690057340e-01
-7.514814646688822153e-03
-8.200822613744639389e-01
-3.076252368922890446e-01
-3.508153198029980713e-01
6.941188330743773838e-01
-4.065529816254016549e-01
-4.355641615972428715e-01
5.777194733564251505e-01
-5.812286685747132253e-01
-4.708063170672897868e-04
2.291965064539550623e-01
-1.450138731210566245e-01
5.689612732236022374e-01
-5.436355801715569980e-01
-3.177837697941594541e-01
2.051045179815822600e-02
5.737549329237391360e-01
5.541325354913119172e-01
6.467913592052517702e-01
-5.244770113089967101e-01
-3.757993415867976750e-01
3.975913263560079125e-01
-5.010932633871465480e-01
-4.789519767802603023e-01
4.025906468688844053e-01
-2.677587166641426930e-01
-4.090548039220540111e-01
-1.452021844481166113e-01
3.433348561174535130e-01
-1.000000000000000000e+00
2.012799127221714668e-01
7.881870811236441066e-01
7.268387584578933636e-01
-5.500396260302947704e-01
5.312040245940868877e-01
-2.117546372049545350e-03
4.920439043886127850e-01
-8.636438592017884330e-01
8.372755586479641021e-01
9.160480062996873007e-01
-8.840722365074183964e-01
3.460717750517764979e-01
2.138036970857055130e-01
-6.493851121671235793e-01
3.053329722968215476e-01
7.098176706603368524e-01
6.820865403439613228e-02
-2.616328667626287019e-01
-2.331385647244951509e-01
-8.503855780390789931e-01
7.336100161572023381e-02
3.716583427242181603e-01
-5.108854383013988754e-01
-7.406177923801311458e-01
3.499603645426063170e-01
5.174092506714415840e-02
2.786088978537836214e-01
2.873235371724861542e-01
2.935274588177055333e-01
6.694889673889176107e-01
-5.471368481743077439e-01
-8.814510900627989254e-02
-1.110025186335615449e-01
9.967552334001725800e-01
-1.000000000000000000e+00
2.518767740548341627e-01
-7.840121325181914624e-01
2.692413223777751635e-02
-1.563337388674419792e-02
-9.484864874332615825e-02
-8.863592293948896472e-01
2.330551103059591844e-01
-5.378064304928881212e-01
-8.912485775420072587e-01
-2.488258864243705348e-01
9.762868859225717344e-01
8.173624397057450697e-01
-1.878530311895296734e-01
-7.558802206186501227e-01
9.547983542496836229e-01
-9.766375191224984098e-01
6.150293671871313039e-01
-2.786314538042399258e-01
6.272071444851945454e-01
2.835166604839556292e-01
7.514581148357287743e-01
-5.572865365768231438e-01
-6.531529261742780035e-01
1.098791195143696969e-01
-1.000000000000000000e+00
4.714880340805405745e-01
-3.545197384347680281e-01
-6.652614629331730089e-01
-6.012744236055067582e-01
2.732320981702973661e-01
-5.274034019450865030e-01
4.738970051752559587e-01
7.843656942825203426e-01
3.511285933526621106e-01
-5.850558196766431074e-01
-9.448468925632420856e-02
1.059334760060519076e-01
-7.061346581280744106e-01
-4.048534504252821464e-01
2.975011714069222823e-01
1.715100476050369083e-01
-3.226638236077187250e-01
3.246848775181270241e-01
-4.186235657994322179e-02
3.094851631515770363e-01
-9.842992787058514603e-02
7.350283134577113853e-02
1.067613911980623970e-01
-1.121202154671502166e-01
3.969924791027881206e-01
-4.315490277893920812e-01
6.704878234478310883e-01
-7.377984371389327556e-02
-2.826536054335772041e-01
5.645093361025532719e-03
-7.427240589395910364e-01
9.784860243992494766e-01
-4.113431614324936092e-02
7.434594505052267710e-01
-3.055420653528143765e-02
6.126128517167088727e-01
-3.467140858320482688e-01
-3.047810389656943619e-01
-8.964002300053635075e-01
-4.940634585084696107e-01
1.431186959153628036e-01
-8.120392788820405272e-01
-7.883490941873643187e-01
1.637954283087946772e-01
-2.141971306207469672e-01
-4.512542392561481874e-02
3.660948306184055312e-01
-1.019977907608843742e-01
-8.654717352347144343e-01
-2.520727816554955147e-01
3.511978835339883420e-01
-1.276407375170283409e-01
-3.012205711947485431e-01
-3.874121988386266535e-01
-9.924426505078448590e-01
-5.338700689264801458e-01
9.792428369164182800e-02
1.410489359869083331e-03
1.591963281567273791e-01
-3.497585002238199348e-01
-4.113374177711235369e-01
9.563735495049142665e-01
5.286427946078455786e-01
7.018207504562320453e-01
3.306264742230333176e-01
-3.478352481548586672e-01
1.000000000000000000e+00
-6.598336585298691936e-01
4.338707320982308491e-01
-8.210776067323066751e-01
-3.155176034697939474e-02
-4.211061751535837838e-01
8.125367663369227333e-01
-5.474172998224949849e-01
9.286356721813203430e-02
2.342107982775172292e-01
5.634129955912238197e-01
3.031624148346799275e-01
3.998210731553842323e-01
-9.891751816144752629e-01
-9.694323162591639287e-01
6.499601825466779781e-01
-5.427126463021227920e-01
3.205633907427007379e-01
3.361075366897333105e-01
1.325246617072568522e-01
2.925086952625223780e-01
4.812221618339534990e-01
9.967157683724113815e-01
-5.600842056427669524e-01
2.010431648819312467e-01
-6.153783876954465049e-01
-1.328628444114985929e-01
8.244929516094557931e-01
-6.476524917116491808e-01
-5.073127856089990617e-01
-2.780753004249013061e-01
7.383908788121583688e-01
1.121238262297630101e-01
-5.591051767369098480e-01
-1.477233641953739907e-01
5.955269060216291654e-01
-2.333792667222843453e-01
5.848284203746049181e-01
6.000311174404059367e-01
-1.125606102308485956e-01
-3.797253354447329560e-03
7.812078759389138316e-01
6.776591294728925852e-02
-6.858268939551729337e-01
4.061391862201338965e-01
5.466601611689598794e-01
-8.991296472925590644e-01
-3.926849952191238668e-01
-6.420671376061145574e-01
9.088826547073753925e-01
4.226836464360235746e-01
-1.690535817284845865e-01
-2.127999205445926453e-02
-3.132584498443680698e-01
-1.593670826026544751e-01
1.689086905796110261e-01
1.795602757864984966e-01
7.076585214684154579e-01
-5.126784899290992570e-01
1.000000000000000000e+00
5.208769439561160286e-02
-4.857363178237521506e-01
-1.562968078634340841e-01
-8.231907595316185350e-03
-6.015904817653018322e-01
6.506350240340182944e-01
7.315961320660543388e-01
-7.268712268172561330e-02
3.194775821737890209e-01
5.681790385474922989e-01
-7.882943469457678876e-02
8.679635356563675241e-01
1.097419015458851177e-01
-2.288660739379148878e-01
-5.928257880234418797e-01
6.408296874011985000e-01
1.668502568229300043e-01
-9.213032163802774566e-01
-2.266042572762473339e-01
-9.666556955481589997e-01
4.821458185579406974e-01
-4.545537750323192516e-01
5.390264016249625145e-01
