-1.000000000000000000e+00
5.939842770475070033e-01
-9.961280000000000134e-01
6.492530757639729533e-01
-9.720977930479894891e-01
1.997527043185022277e-01
-9.820637154607610997e-01
-7.768314718805706676e-01
4.526294357442524618e-01
-4.937740963252984505e-01
-8.701987330423411882e-01
7.511995939128943700e-01
8.277500527554876308e-01
9.091996729276082823e-01
1.000000000000000000e+00
1.000000000000000000e+00
-4.054277327397958208e-01
9.574293589731401877e-01
-1.007171801570837799e-01
-5.184207865941063975e-01
-1.000000000000000000e+00
-9.126113207434288777e-01
1.000000000000000000e+00
-2.818811481754279757e-01
6.558080426275877395e-01
-9.311219430136384867e-01
9.044128801831780029e-01
-1.000000000000000000e+00
-8.393871865585871006e-02
-5.840349420118813306e-01
9.058474057537704294e-01
9.997826034553106700e-01
9.678554054068441159e-01
-5.998322966389717514e-01
7.204992992963341614e-01
-1.769909238823300368e-01
9.958608330019734778e-01
-7.275624380972535166e-01
-1.000000000000000000e+00
1.000000000000000000e+00
-1.000000000000000000e+00
1.000000000000000000e+00
3.912491788617841193e-01
9.349244106556257039e-01
-9.218554981619230260e-01
1.000000000000000000e+00
9.454319335371500488e-01
7.570449594007123695e-01
-6.268501664860880451e-01
4.050899669328411057e-01
2.180015469778885662e-01
2.337160421404628208e-01
9.225686447730885309e-01
1.000000000000000000e+00
9.857697689796439677e-01
9.729054654665106883e-01
-5.809787114507981576e-01
1.000000000000000000e+00
-9.480157182547399586e-01
1.000000000000000000e+00
1.000000000000000000e+00
-5.090061584738224676e-01
9.893210581011885330e-01
1.000000000000000000e+00
4.369885499311474408e-01
-1.000000000000000000e+00
1.000000000000000000e+00
2.971712367079467065e-01
-8.486053995464857280e-01
7.676560875416982288e-01
7.517021615388000955e-01
8.813194408879529984e-01
-1.000000000000000000e+00
-4.311552166169939637e-01
1.000000000000000000e+00
-8.730012321829687671e-01
-6.920057480752282997e-01
8.041243076260957690e-01
-9.999971342365547855e-01
5.018257759081957703e-01
-5.566957371688868728e-02
3.525778844551697988e-01
-1.000000000000000000e+00
-6.782467165271182097e-01
4.224749031189880544e-01
-1.268350534078800662e-01
-4.138912263858296470e-01
-1.928502809172638333e-01
-1.000000000000000000e+00
-1.000000000000000000e+00
8.769546659252404064e-01
1.000000000000000000e+00
-9.789559765213012854e-01
-9.952960094174710948e-01
-3.988362466890221780e-01
1.000000000000000000e+00
-6.229885310743266125e-01
5.222975293947375031e-01
-9.563326725780660897e-01
1.000000000000000000e+00
-8.856083193912194229e-01
-9.356035468331361793e-01
-1.000000000000000000e+00
7.116133762759260240e-01
-7.986783756561727232e-01
-5.212295532781275886e-01
-1.000000000000000000e+00
5.736651727418877744e-01
8.315538816326896177e-01
5.431316043860354714e-01
-9.916640615429385130e-01
-9.669104067084227649e-01
-9.634403297164841895e-01
-9.051270480058668522e-01
8.194143302710481525e-01
9.618137071290784323e-01
-9.482827843311855132e-01
-1.686253300007841682e-01
1.000000000000000000e+00
1.000000000000000000e+00
-9.735936001458149747e-01
2.424058891546776728e-01
8.713516249980411965e-01
-4.972700246566642557e-01
-1.000000000000000000e+00
-4.628156873465896770e-02
-5.726158343882339352e-01
2.789210801082054880e-01
-1.000000000000000000e+00
-3.062725087247813449e-01
-1.000000000000000000e+00
2.690827167500691730e-01
9.578782611199361252e-01
1.000000000000000000e+00
-9.686874051728492363e-01
-3.223330922499765827e-01
-8.484147200676819267e-01
-1.000000000000000000e+00
-1.000000000000000000e+00
1.000000000000000000e+00
6.348990847939492976e-01
-7.504306376546047153e-01
-9.322611023638026628e-01
-1.182839670412269839e-01
1.000000000000000000e+00
-7.327361349423903158e-01
-1.925199008613659168e-01
5.113688846215055372e-01
-7.186998853658989050e-01
-5.638316673330565632e-01
-4.059536171030490026e-01
5.346236899638223683e-01
8.317300312767483828e-01
-1.000000000000000000e+00
-1.000000000000000000e+00
4.183939013540233232e-01
9.667578048907207178e-01
-2.173183478373628130e-01
-5.255634865748719520e-01
7.034428184848732224e-01
1.000000000000000000e+00
-8.654025848083184425e-01
-9.420987664692099806e-01
2.571583959285745347e-01
-9.616448496874230312e-01
-1.000000000000000000e+00
9.368285284250564837e-01
1.000000000000000000e+00
-2.749488435884811510e-01
-9.489200721920143522e-01
-1.000000000000000000e+00
7.409508782884125511e-01
1.000000000000000000e+00
-9.579896083532285500e-01
2.136382748315579505e-01
9.229595958691776403e-01
-1.000000000000000000e+00
1.000000000000000000e+00
8.983098587506294086e-01
9.630054566530308335e-01
-5.981120635471390834e-01
-5.632101028276312871e-01
-7.161834402075192285e-01
2.423074393018371242e-01
-9.820907202871111963e-01
-1.000000000000000000e+00
-6.127851308698477606e-01
-9.740275497347162803e-01
6.899844221108142328e-01
9.969368355841570217e-01
9.608824207460424649e-01
8.565027751698401914e-01
1.000000000000000000e+00
1.000000000000000000e+00
8.200447055275658093e-01
-9.962056202051186027e-01
7.809069407611592961e-01
9.510267255981365020e-01
1.436659182009020763e-01
-9.791924052391116629e-01
1.000000000000000000e+00
-9.999854687397515818e-01
8.511833774664692154e-01
1.000000000000000000e+00
-8.296808389530495598e-01
4.184063256121259844e-01
8.467240264801569882e-01
-1.000000000000000000e+00
-9.323478169060110954e-01
9.996682328528253558e-01
8.129513775411634224e-01
-1.000000000000000000e+00
9.663670700440406547e-01
6.346793395415462058e-01
5.050668833643190414e-01
-1.000000000000000000e+00
1.000000000000000000e+00
7.359014942735451204e-01
8.295533250365547673e-01
7.974638438258059292e-01
-6.317116403868847652e-01
-1.000000000000000000e+00
8.814227379511722082e-01
1.000000000000000000e+00
-8.961917488197170822e-01
-1.555471178343029448e-01
9.973480400806253865e-01
9.925374157639278438e-01
5.442825747594665087e-01
1.367232345533088977e-01
-9.769453956203161260e-01
-4.359133631113572549e-01
-9.690609715752150910e-01
4.197732002811883634e-01
-1.000000000000000000e+00
4.298877380535922055e-01
-6.168000000000000149e-01
-2.723123201956698658e-01
1.000000000000000000e+00
-9.993251730767046537e-01
-9.707406814211759771e-01
9.722117606933635692e-01
1.000000000000000000e+00
-9.057576228285807440e-01
3.492239060691255670e-01
-5.503252146045557458e-01
-9.458518147699996881e-01
-9.116928305334853766e-01
6.643147159712123884e-01
1.000000000000000000e+00
-1.550221884101240510e-01
-2.437002624277417873e-02
-9.809090234008719378e-01
8.380104052780179558e-01
-2.268384104776651200e-01
8.864214511492491955e-01
-9.682470362821676835e-01
-1.000000000000000000e+00
-2.675302292771150059e-01
4.565871284337515990e-01
-9.581380383701122438e-01
1.000000000000000000e+00
1.000000000000000000e+00
-2.278254677727549193e-01
3.158031402569181356e-01
