1.336950375395407342e-01
-2.596226895376904098e-01
4.011240025063486647e-01
2.298397464912673160e-01
-6.261634585477484638e-01
-9.912746939479728514e-01
1.914486949122828907e-02
-9.505887754835407044e-01
-1.000000000000000000e+00
-5.676879260667722082e-01
9.040803193402696669e-01
-8.557665794397745218e-02
2.753764345576918959e-01
-8.574984020354943226e-01
-1.748670247339949857e-01
4.657023585486776418e-01
-8.990126558032771609e-01
-3.585035176792675249e-01
7.064187634153480388e-01
-3.900715951092753597e-01
2.164849106312903212e-02
1.273894458022984955e-01
-2.915490531749749259e-01
8.396233840658479108e-01
3.105951940238270703e-01
-4.339719838074033165e-01
-6.301828804093239089e-01
-2.290205358288721627e-02
5.369430448222054508e-01
1.381123129115823141e-02
2.377508255282038130e-01
-2.720310887599915461e-01
-5.318200743544355680e-01
-5.325911383600772098e-01
5.513367775848372343e-01
1.000000000000000000e+00
1.621722030118779023e-01
1.913050551668787624e-01
7.885490459953823361e-01
3.837353702941566080e-01
1.000000000000000000e+00
2.464483473969088928e-02
6.406206893123564949e-01
2.787347757898965828e-01
-6.377830286064127829e-01
-2.215258751222703160e-01
8.306532985896047938e-01
-8.778818166060844419e-01
4.818895385612417259e-01
-6.141711847277584457e-01
3.252095989829201228e-03
1.000000000000000000e+00
-5.486025171510574561e-01
-8.666631229943866366e-01
1.440521622241835442e-01
5.281194858033836370e-01
-7.883222185089105993e-01
1.000000000000000000e+00
7.286617305221806395e-01
6.082100064824335073e-01
9.651041857691750048e-01
-1.000000000000000000e+00
-9.414150792204727392e-01
6.521401448241760379e-01
-6.382691483988789383e-01
-3.169328036628308309e-01
5.026506023956200941e-01
7.393832226909142769e-01
-7.997641062688979341e-01
4.310332879703273473e-02
-7.187376050979262798e-01
-9.336807392637127556e-01
4.605856449880037506e-01
-9.010916081533333344e-01
-9.167263378007239893e-02
-7.968270399796230086e-01
9.044817962492760488e-01
-9.497275782311366266e-01
-5.650154978266769268e-01
-9.168005066675166681e-02
-6.736757365162820976e-01
-2.790726546125968932e-01
6.824361105364469271e-01
5.748874434565888480e-02
-1.000000000000000000e+00
-1.616137326775592686e-01
4.135622203212602765e-01
5.721842673417124603e-01
6.736557133839271572e-01
9.963419829183521592e-02
4.748501325732844558e-01
2.996585094810011105e-02
9.407990681454550530e-03
-4.824360114247369657e-01
-6.250222194703540513e-02
-2.911340271459725848e-01
2.974205884374113706e-01
2.720251094802335068e-01
-8.032803001472771376e-01
-5.292373345461934275e-02
-3.321479115675470828e-01
-9.386571200492934697e-01
-1.000000000000000000e+00
-4.015337924416877979e-01
-7.704145895058348570e-01
-1.637290072385189088e-01
-5.658540750691258836e-01
-4.577844573347712442e-01
5.279916795333072788e-02
5.848580004298187252e-01
-1.807307021033752181e-02
5.835398183251137016e-01
2.217286442752642583e-01
2.876937552812777188e-01
-4.386824464704137672e-01
-9.595142781422378864e-01
-3.225371561635685946e-01
-4.381038470294943976e-01
-8.440425362659262909e-01
-7.550301157844074851e-01
-4.318696336978765649e-01
-1.000000000000000000e+00
-4.672581299732199156e-01
-2.742165276481037806e-01
4.059345778234190183e-01
-2.572629108075213944e-01
-9.445769889477390047e-02
-1.000000000000000000e+00
7.507960204669348464e-03
3.548764668982034021e-01
-3.536794209456279869e-01
1.000000000000000000e+00
-5.525214689080620856e-01
9.983682463522808304e-01
-3.645977273205420754e-01
4.774329272644832756e-01
5.963103304579420172e-01
-4.512174851324204927e-01
-4.960583146517970055e-01
3.806189601218964436e-01
-5.109985520232814826e-01
-7.209811511407693274e-02
6.374534134323255330e-01
8.220338089445833329e-03
6.451743397220994769e-01
-2.515058471183811428e-01
9.526385705372137913e-01
-4.300709814963182831e-01
4.267986269796240073e-01
5.055948259310855120e-01
1.959526456181204246e-01
-6.843827326509573927e-01
8.243402099201730948e-01
-8.308954016411761456e-01
-1.000000000000000000e+00
-2.266618758417195956e-01
-4.850187863546673306e-01
-4.555047269619493799e-01
1.000000000000000000e+00
6.777231415244242552e-01
-7.030172036285790016e-01
-9.998415423570600202e-01
7.528493388346860771e-01
9.232121874927272653e-01
-4.149395969365324288e-01
8.184019487646548852e-01
1.064217390842074895e-01
4.332083517387683713e-01
-9.664672350535284950e-01
5.784995517421702704e-01
-6.916715329892579867e-01
-5.133818693772294051e-01
8.902868725526600358e-01
-8.677504150630472868e-01
-5.645382936991750755e-01
8.619435042290630733e-01
3.681260320160725796e-01
6.259108377145455870e-01
-5.575926051613985246e-01
-6.696670394503236867e-01
8.248545697281334244e-01
1.000000000000000000e+00
-4.985012605795221541e-01
6.351141232322452534e-01
-5.654338229007892513e-01
3.781229629678583004e-01
1.772573266120961166e-01
9.953439545958272516e-01
4.869521361828897388e-01
1.000000000000000000e+00
4.671573533372820330e-01
-8.610748068466286265e-01
-6.680725011243882072e-01
4.937730371400968488e-01
-3.137694766989869155e-01
1.081756829921844965e-01
-7.518890806870830168e-02
-2.802563202667444076e-01
-1.228507062660430527e-01
1.000000000000000000e+00
9.394650361765652380e-02
1.295121951651220238e-01
9.640377454793472300e-02
-6.799676187909289293e-01
-1.539501376521731080e-01
-1.000000000000000000e+00
8.892191854251357830e-01
2.443898099436232485e-01
-4.223449805761529952e-01
7.366538982967905103e-01
-6.387411385747239212e-01
-4.578684896951360495e-01
-3.255273163370102640e-01
8.986867874479982365e-01
-6.243359719941685704e-01
1.271553184941571213e-01
7.681643108190115976e-01
1.864457484383406916e-01
1.264117177495439059e-01
1.242508701887865830e-01
-3.868962382818159074e-01
-2.815924176903989995e-01
-2.694802682099612379e-01
7.720501403852384481e-01
1.842603196002098320e-01
1.000000000000000000e+00
3.666138689231387415e-01
9.930160118803588176e-01
-3.517577979441784963e-01
2.886687777316505055e-01
-1.499110428394643812e-01
-9.598747110124095094e-03
3.280309419919303360e-01
5.360023053751304944e-01
-1.637115669702912668e-01
7.468026165233954128e-01
-1.000000000000000000e+00
-3.235518218043629268e-01
1.000000000000000000e+00
-1.514779459249333549e-01
8.746773631915388814e-01
-2.232889682615345900e-02
-5.427453604213358096e-01
-1.000000000000000000e+00
1.135191414579460184e-01
-4.444016762147563471e-01
-2.169294455643424879e-01
-3.206014403521701417e-01
-1.584562144736939571e-01
-1.752606082737823423e-01
-5.259332328891708902e-02
-5.296606112932716881e-01
-1.000000000000000000e+00
2.275234620716465594e-01
-1.639614220121152766e-01
-3.640149702574335122e-01
9.442889971833622331e-01
1.000000000000000000e+00
4.089531821413929791e-01
-9.772746371892853112e-01
-6.495249594553853013e-03
-1.996819421340916278e-01
6.774356747987997363e-01
-3.453146107845797008e-01
-3.476444371404643907e-01
