-5.861392496002232333e-01
-9.315433911580952575e-01
-6.593753520052145767e-01
1.000000000000000000e+00
6.842928667571785972e-01
-2.787855403728434212e-01
4.378708147237588832e-01
-6.994658841643677238e-01
-2.398479727674305839e-01
-1.000000000000000000e+00
4.247746109602001940e-02
-4.965610593010114093e-01
2.056906073010285607e-01
7.807266888138542082e-01
1.054998407241894975e-01
3.827071106902318887e-01
1.037437867671346936e-01
7.929179888436264922e-02
1.001294749767722703e-02
-1.000000000000000000e+00
8.191668106714996567e-01
-9.546165368573218402e-01
1.587283942390728397e-01
5.395886520905024408e-01
3.659188084690693787e-01
-9.741288755939271349e-01
9.242939262900240482e-01
1.000000000000000000e+00
5.918806398639522293e-01
-6.431840615175326015e-01
1.000000000000000000e+00
-4.142856114958161362e-02
-1.000000000000000000e+00
1.000000000000000000e+00
1.555152571255815630e-01
-9.160048058786245395e-01
5.028847332014525495e-01
-1.000000000000000000e+00
-1.000000000000000000e+00
8.899872597984695988e-01
-7.736617570723733350e-02
-9.446493181089380409e-01
-1.121824619175899596e-01
-8.235650032325740888e-01
-8.132406107557721420e-04
-1.860339498098364241e-01
1.000000000000000000e+00
5.498731781544932140e-01
1.359234554015824048e-01
5.987689865486227614e-01
8.777354516739396262e-01
7.872071435492411506e-01
-6.640317832855453517e-01
8.996098783267991728e-02
-5.751688705280172398e-01
7.753017150524821322e-01
-1.000000000000000000e+00
-5.002736680646875378e-01
-5.434534948490621353e-01
5.910763787352508736e-01
2.924777201705031082e-01
-1.000000000000000000e+00
6.210056234396619246e-01
7.570628962549246221e-01
-8.935406947573676373e-01
5.372832444291872900e-01
-4.088227841890664238e-01
9.180218050581379075e-02
5.476449067743899279e-02
-7.475234462795095070e-01
5.580496600454734057e-01
7.580975250223835893e-01
-4.664013380807003895e-01
1.687874898183537309e-01
9.250795174553351208e-01
-7.453598048815257560e-01
-1.000000000000000000e+00
1.500869472475446220e-01
-2.997018241401144256e-01
8.009638375764734919e-01
5.773918323331540536e-01
4.313143544907261928e-01
1.000000000000000000e+00
-1.000000000000000000e+00
-1.000000000000000000e+00
1.886527384801732765e-01
1.000000000000000000e+00
-2.913464884059628335e-01
3.717194065874016573e-01
-3.082810835898227020e-01
-1.000000000000000000e+00
4.820453947359169544e-01
5.540071133871868891e-01
7.113479716252091301e-01
-7.240338045946068668e-01
4.764855009741112979e-01
1.000000000000000000e+00
7.263496421966199046e-01
-2.379801945930480611e-01
-1.000000000000000000e+00
2.456425480755980162e-01
-2.535112621554829748e-01
-4.899417048403447161e-01
1.472032225846678088e-01
-8.684126673439267474e-01
-1.000000000000000000e+00
5.514233472984741979e-01
-8.225109926086145995e-01
-8.001473688744832335e-01
-7.030377921339811542e-02
1.118994463624760766e-01
4.047747263722928923e-01
6.204047201293355629e-01
-5.093227595749186820e-01
2.565706529197687297e-02
-8.604938329498261762e-01
6.995212346139076942e-01
-2.204605158769583073e-01
1.113753045070399739e-01
-1.000000000000000000e+00
-2.560800274015873068e-02
-8.327601500906902654e-01
-1.920324885965197237e-01
-3.827856309229816234e-01
5.916157611850980658e-01
-8.737474961489383185e-02
-9.496348024592450310e-01
1.898982076025176879e-01
-1.000000000000000000e+00
-1.000000000000000000e+00
1.000000000000000000e+00
8.841695417075112751e-02
-1.000000000000000000e+00
3.439983516406204256e-01
-7.579857625957094891e-01
2.639145255435805248e-01
-1.000000000000000000e+00
7.295062675800230156e-01
-1.000000000000000000e+00
-1.000000000000000000e+00
2.220925531616665949e-01
-1.000000000000000000e+00
6.257147231817203892e-01
5.255065627960751051e-01
-5.301700358709584560e-01
-1.340780511502031314e-01
-1.000000000000000000e+00
-5.692169914708811174e-01
-6.820208416766113113e-02
7.841674301417436155e-01
-7.208539967604176146e-01
-5.844153484793843667e-01
-3.743607582731874883e-01
-2.265984632911147711e-01
-2.007103773304358962e-01
-7.358558595947307657e-01
-5.533247612421680062e-01
1.000000000000000000e+00
-1.000000000000000000e+00
1.000000000000000000e+00
8.851525582645720647e-01
1.000000000000000000e+00
-1.000000000000000000e+00
-9.496923091305150555e-01
-2.430706606129487968e-01
-1.000000000000000000e+00
-1.000000000000000000e+00
3.806738782055588827e-02
1.999999999999999556e-01
1.000000000000000000e+00
-2.302395417676074141e-01
-7.317650416613590281e-01
-4.552082408678572722e-01
-5.077268326856179126e-01
-1.000000000000000000e+00
6.108853852909313931e-01
2.156624489347434559e-01
5.182014264156132866e-01
-1.000000000000000000e+00
1.000000000000000000e+00
-3.917819208364738404e-01
4.460440492193195050e-01
9.025432015034264843e-01
-1.000000000000000000e+00
-1.000000000000000000e+00
-2.542583314248591519e-01
-1.323763121467028681e-01
-9.457669638178554106e-01
4.232414052395891968e-01
9.290908128997693582e-01
7.461413682382598278e-01
-7.471372999985093077e-01
-8.069312789329385893e-01
1.572895668452233275e-01
4.672219989636161586e-01
7.314343131717108148e-01
5.110306170172498330e-01
-8.475163846054581951e-01
3.486392611283004594e-01
7.020000829992443236e-01
1.285073703967939407e-01
-5.307021969084634305e-01
1.000000000000000000e+00
2.191336472882339237e-01
-3.817614632172871003e-01
-7.396386245799208004e-02
-2.172377538782993556e-01
-1.000000000000000000e+00
-1.000000000000000000e+00
-4.852702938143659273e-01
1.000000000000000000e+00
8.571042605529874958e-01
3.872460708596495160e-01
1.000000000000000000e+00
7.531248442176302627e-01
-1.000000000000000000e+00
1.000000000000000000e+00
6.481692901664812823e-01
3.250216051834928788e-01
-6.747628005963242082e-01
-1.000000000000000000e+00
-8.931066605484020426e-01
-4.480588987581007321e-01
-9.514137442208803197e-03
4.363038484067275347e-01
-1.000000000000000000e+00
3.927893667918824772e-02
-7.076954887896079738e-01
1.000000000000000000e+00
4.239805383147774998e-01
3.534345114363397489e-01
7.440579201593842118e-01
1.000000000000000000e+00
-5.961146236514167085e-02
-3.872939609835758801e-01
5.785216387581544328e-01
-6.988635431029437406e-01
-4.939789822036311229e-02
1.000000000000000000e+00
-3.199837585731346579e-01
8.585422854857191477e-02
-1.000000000000000000e+00
9.406499809219810437e-01
3.754869185845010060e-01
1.000000000000000000e+00
8.410028634539871151e-01
-6.520701530873199148e-02
-7.651219284666155307e-02
-1.716941393803771698e-01
-1.000000000000000000e+00
-1.000000000000000000e+00
1.000000000000000000e+00
1.000000000000000000e+00
-6.023452054789228960e-01
1.940252106903174456e-01
1.000000000000000000e+00
-1.000000000000000000e+00
-3.108747205623041410e-02
1.000000000000000000e+00
-7.746913615024580979e-03
-1.000000000000000000e+00
-2.344798933675898978e-01
-2.032499729698777902e-01
5.117715220678280552e-01
-9.101228155311134049e-01
