2.900960200028204206e-01
6.068215268859811218e-01
2.162360373856343498e-01
-7.386186755922096170e-01
-1.552407210102021984e-01
9.684667639346811185e-01
2.973240578072919860e-01
4.220926508917062780e-01
4.947811569624271932e-01
2.244213340956627278e-02
6.059252409972408770e-01
2.986904010704621859e-01
7.393045737504713721e-02
-3.626242601328135695e-01
-6.724509658337305407e-01
-3.753856318329777952e-01
-3.692010268885250746e-01
-1.581597716467754988e-01
3.058109366429626053e-02
-2.199257623791175675e-01
2.898561328121829206e-04
-8.225224907747823444e-01
1.838927148253255428e-01
-7.090986236936419607e-02
-6.393807925541226955e-02
-5.370953441533500572e-02
-1.577323031896244454e-01
-2.396127214932518290e-01
-3.400181410531284976e-01
2.718544410414805990e-01
4.245806955109622804e-01
-2.789950684421847460e-01
2.151893023792315340e-01
5.074346376300770123e-01
-8.479731210555455090e-02
-6.995862020881027377e-02
-2.942720202371586491e-01
2.271938531877617518e-01
8.772788439048102571e-01
-5.139847499820822119e-01
-3.534056162579817251e-01
-1.922047191414702760e-01
1.131632626396195107e-02
6.106617147950721414e-01
5.759934871326816141e-01
8.310065784191242866e-01
4.838641888500840871e-01
8.998951860011665804e-01
4.387371219973597025e-01
-2.875876612532353160e-01
5.162190538008026852e-01
7.581315763483573167e-02
4.784273401858856745e-01
-5.998487497384671352e-01
6.459155731873018891e-02
2.915491041828481289e-01
4.006065930668389896e-02
4.359416625091430131e-01
-2.382910879959633244e-01
-6.977628399907852552e-01
-4.548457224993214254e-01
1.187453343150002283e-01
-4.239518999762909579e-01
-3.671544528991349532e-01
1.383291114651736819e-01
2.808517941126383310e-01
2.608654431969405496e-01
-4.319607030869033748e-01
1.907599534341492820e-01
-3.473051921369199047e-01
2.021306570007688208e-01
4.731778657929424092e-01
-4.914648688197330584e-01
7.702384991835269368e-01
-1.739312829299198560e-01
3.879948654912641626e-01
-4.757511741110997949e-01
1.976951817284632873e-01
-8.551926639754466042e-02
-6.636593036987218364e-01
-9.838912681957048822e-02
1.073287939362563836e-01
5.142697455225502257e-01
5.669461880725487068e-01
3.386112411825822344e-01
2.247449201587052026e-01
5.034507098763769672e-01
-6.014284999138694854e-01
6.100643979622565327e-01
-2.781366100010707054e-01
-6.283146613594617902e-01
-3.768028148880189776e-01
-4.877211469375182240e-01
-2.556153743198568140e-01
5.580937794191370704e-01
-4.152148207736987562e-01
4.023607350759096923e-01
4.694394266472534660e-02
-1.200987792852171998e-02
-1.980671525040442749e-01
-8.028784416744563224e-01
-2.956226165486344204e-01
-7.363594424745867340e-01
1.256985595507014719e-01
2.809223771122748570e-03
5.575208284302193840e-02
-6.387354687689891786e-02
-4.428426678106880954e-02
4.570762434416386633e-01
1.333616614370221054e-01
-2.300323501691680650e-01
2.334841599205516038e-01
5.866661078339597823e-01
-5.876404155321034439e-01
-6.357448819011977115e-01
5.241787239443074231e-01
1.042980701544160421e-01
-3.355862171824673945e-01
1.551261010927516004e-01
-4.289819021394916665e-01
-1.591108382374601671e-01
7.674030591703515647e-01
-6.433542431900938219e-01
7.782807146577981339e-01
2.674690807700653150e-01
-3.348394282452465953e-02
5.316963964680634369e-01
7.329401889660258629e-01
2.387375082587295250e-03
4.684453810910139682e-01
8.828343516625460907e-01
-6.105660282013968265e-01
-2.802970186646330242e-01
1.114491008989040438e-01
3.953473642183458203e-02
5.215975021891483543e-01
-4.137223718162515995e-01
9.567731768057921582e-02
-8.823870310102479575e-01
5.454247294555160108e-01
-6.931465618050021149e-01
-3.598218633335513728e-01
-1.508014906224834917e-01
4.121635880044859923e-01
-9.960611239024439456e-01
2.127809544160382260e-01
-5.542496279058010955e-02
6.359886889987587111e-02
5.948270292273278859e-01
-5.980345889077162691e-02
-2.763116941896470724e-01
-7.668093002326460683e-02
-3.019099291624043335e-01
-2.640666238796172127e-01
-2.871757044466139441e-01
-1.538794744408175097e-01
-8.507924961096485772e-02
7.637023507931817168e-02
-2.973698898564967608e-01
5.689127992549705137e-01
3.605591774802034410e-01
1.355517165492529374e-01
1.684467081247767173e-01
1.728785365277607511e-01
3.734612719533090264e-01
-1.438628426757773138e-01
1.585576254269825125e-01
-2.264186760642528662e-01
8.184421467372529624e-02
-8.484285371811745025e-02
-2.566090763051666612e-01
-5.430849598985109106e-01
-5.264413004895380777e-01
5.965908976352927162e-01
-9.101380330121215945e-01
-2.808683951147836200e-02
1.314481656688619715e-01
2.852243056595871185e-01
-4.251397233682524535e-01
6.450114210863056030e-01
-5.573047838258844422e-01
-3.804587885056898711e-01
-1.628971572150039737e-01
-4.010146913673673374e-01
-6.171077034914085324e-02
8.385289656748878828e-02
5.335435837728925712e-01
4.357997988376612342e-01
3.114897530613669474e-03
6.930065664746531268e-04
8.776993754772086098e-02
-6.592295144475484037e-01
5.875562507304048498e-01
4.704873693072226387e-02
9.699326733964674929e-03
7.571405383044313431e-02
2.754782323155480217e-01
-4.165652326606001932e-01
6.417145070216351277e-01
-1.247981500946708788e-01
-4.070743539061772442e-01
3.297245567435391767e-01
-1.557660423308042941e-01
1.313841203655571332e-01
-5.097735931130238374e-01
-2.805052453729633410e-01
-5.035411540094074656e-01
2.069085403953981883e-01
-4.792793153177825616e-01
1.068758496811920977e-02
-3.111946958712654698e-01
2.375109166891983259e-01
4.966639971813316401e-02
7.508180974352689219e-02
-2.211974775980556362e-01
-1.618181320337166440e-01
-6.955510094418861922e-01
-3.194410045620852956e-01
7.511331727294426330e-02
-9.429472033229353567e-01
2.153315988458635866e-01
-8.256244760985342879e-02
2.688821634049680664e-01
2.659298985835270579e-02
-1.676295505906973959e-01
2.234455054251965056e-01
2.902377438218297079e-01
-8.143038261064443617e-01
-7.107408370213730286e-02
6.919922488785399395e-01
-5.756855701831327110e-01
-5.088504038414163322e-01
-2.887075343049596565e-01
-2.434317394426896430e-01
3.638150831271824148e-01
-5.087390559721860495e-01
-3.855279206705772982e-02
-3.414848712731273217e-01
3.094216942630497735e-01
-8.878724320559792105e-01
4.141259219481429610e-01
1.686024290592989527e-01
5.790972511274005141e-01
3.973166805084614728e-01
1.296891809648149652e-01
3.950089926879317148e-01
-5.866577538166068972e-01
2.101997532247745770e-01
1.499747882583972736e-01
1.285377123737871941e-01
-7.199345119837325946e-01
-1.738597661539131867e-01
-4.720518523147854140e-02
2.124918435404151706e-01
4.003331029444571199e-01
-4.811606753520081270e-01
-5.444627344802261959e-01
-2.036661244828997519e-01
-2.761088026110957716e-01
-3.492608204329035737e-01
-3.160466720746210600e-02
-8.262508961549883124e-02
7.778801412970650642e-01
-3.869503500542463836e-01
-5.343310248142274510e-01
