8.054152063198105616e-01
-5.025042420990853964e-01
-5.365486613912437974e-01
4.100778665450335314e-01
-1.000000000000000000e+00
-6.929432071975027974e-01
-7.412312586700920969e-01
-2.125957034977249971e-01
4.852722281844635277e-01
-5.817886335346964533e-01
-4.497255431447607643e-01
7.203120753329049775e-01
-9.874179603914715608e-01
1.000000000000000000e+00
5.656534252545111219e-01
-7.258324979828879586e-01
-4.397070759394691164e-01
-4.860958699402626038e-01
1.552175416059050905e-01
-8.223629296344671102e-01
1.000000000000000000e+00
-3.981742382543432823e-01
1.000000000000000000e+00
7.959588725255440922e-01
-9.292306163888213177e-01
8.197812200062175592e-01
-1.000000000000000000e+00
7.714847985574789790e-01
-8.652399144400513276e-01
-6.209508805746032367e-01
1.000000000000000000e+00
2.872895729648982655e-01
-4.035586462071228953e-01
-2.189323785433509584e-01
1.000000000000000000e+00
-8.813463334657700710e-02
-1.000000000000000000e+00
-4.728635946721485572e-01
8.920570547646261561e-01
6.152883230521852820e-01
-1.000000000000000000e+00
1.000000000000000000e+00
-5.918392015199703815e-01
3.164566884440476180e-01
6.702104804865733900e-01
-1.000000000000000000e+00
-7.094433572997720372e-01
6.462801817535213100e-01
-1.000000000000000000e+00
-2.760730554268411852e-01
-6.934503944195815617e-01
-1.000000000000000000e+00
-4.337221286006930354e-01
-1.000000000000000000e+00
-3.005801227709371526e-01
5.836080422665312906e-01
-8.955478144723926226e-01
8.174573748255568040e-01
-3.861963601742979257e-02
1.000000000000000000e+00
5.245148449657055512e-02
8.984247432236341924e-02
7.247776205056019050e-01
-6.269908501155392333e-01
-4.597787519603295792e-01
-8.156824620601269560e-01
-4.978650006781265569e-01
1.000000000000000000e+00
-7.814654382257886223e-01
7.169178941222266177e-01
3.199415017902242364e-01
-1.000000000000000000e+00
-1.606543493230406239e-01
3.411131593233869830e-01
6.448655955184012800e-01
3.376175304881279260e-02
-6.246571157802904666e-03
-4.975910347785073018e-02
-4.558121061519537220e-01
-6.029579809544471924e-01
3.588919819912963494e-01
7.740882749676505359e-01
-3.179607384147553617e-01
-1.000000000000000000e+00
-1.000000000000000000e+00
8.919996341323805922e-01
-2.577785252607017741e-03
-7.460491263639237314e-01
-6.038436707966944317e-01
-9.961085903176580825e-02
1.115383580470707958e-01
6.930526115872619464e-01
-1.000000000000000000e+00
-8.357555064921992072e-01
6.479395028760883690e-01
2.337983383933147086e-01
-3.970061070332409070e-02
1.000000000000000000e+00
-1.000000000000000000e+00
6.902267110748636636e-01
-9.456591264161762211e-01
-1.000000000000000000e+00
9.708763372072671816e-01
5.161667073360367564e-01
6.133571427655231112e-01
-6.192674244993835453e-01
-7.420288864929228678e-01
3.696546547161574936e-01
1.000000000000000000e+00
8.884400013866389223e-01
-3.922291962202645310e-02
4.157172980081875746e-01
-3.766115400499111532e-01
-2.905542319471379198e-01
-2.459919405176838048e-01
1.000000000000000000e+00
2.019629908099143112e-01
-1.000000000000000000e+00
-1.000000000000000000e+00
-2.115403816149369343e-01
-1.000000000000000000e+00
6.957013443643333961e-01
2.074969904926616260e-01
1.000000000000000000e+00
1.000000000000000000e+00
-1.000000000000000000e+00
-3.438684394342300110e-01
4.137255447091932048e-01
-6.125798808500838577e-01
2.427307366359178209e-01
-9.131588805627779415e-01
-1.070177437457431324e-02
-4.726002200392036556e-01
-6.142380766054851282e-01
-1.669194014128552173e-01
3.919827009197747736e-01
-8.704994619134223122e-01
7.584727431337634496e-01
8.461797202612236779e-01
-4.208345620736369530e-01
-8.166288560084214998e-01
1.629507415111188240e-01
-5.336934827132084891e-01
1.000000000000000000e+00
-8.094772817688812294e-01
4.166831871590965242e-01
1.000000000000000000e+00
-1.000000000000000000e+00
-1.000000000000000000e+00
1.184883985350616564e-01
4.524685444594921391e-01
6.579149317689133580e-01
-1.380945087028385976e-01
-7.551478388431718258e-01
5.217364067749871714e-02
1.000000000000000000e+00
-8.211307438464461317e-01
5.903958228461614333e-02
3.408851034852474760e-01
7.587882187242585008e-01
-1.132751788608687415e-01
-4.074543900888663028e-01
-2.260581021640084565e-01
6.763553404605835428e-01
1.178964581269763001e-01
-8.314474860609115670e-01
-9.828201103523176441e-02
-3.329426136436000050e-01
-1.000000000000000000e+00
-6.012380301873798683e-01
-1.000000000000000000e+00
2.234720204942123312e-01
7.832983466817915463e-01
-2.815465249178975005e-01
-2.884981255440086656e-01
-9.306497917379945584e-01
1.000000000000000000e+00
1.181726410261010329e-01
-6.329236880182695923e-01
-1.803926956538448589e-01
1.000000000000000000e+00
7.316597058920951135e-02
-2.159385101789845496e-01
-6.230431731595745815e-01
1.194809823068092441e-01
-9.454630336233045274e-01
7.338890666798739693e-01
8.267741169435004478e-01
1.000000000000000000e+00
5.395145953946278716e-01
5.277261874766174810e-01
-1.000000000000000000e+00
1.000000000000000000e+00
7.008679910461941553e-02
-1.126495144349756727e-01
-1.000000000000000000e+00
-1.000000000000000000e+00
-1.000000000000000000e+00
-5.143297555809591692e-01
7.982718641100678969e-01
1.951622677127110017e-01
-4.512969430978616137e-01
-2.035236618746908699e-01
-4.970099017716256284e-01
1.000000000000000000e+00
8.503202789416564045e-01
-6.676707353548171353e-01
8.207830550307855244e-01
1.000000000000000000e+00
1.593145637364563605e-01
-2.588526950375831248e-01
-1.000000000000000000e+00
5.844507315817749626e-01
1.318260237891810405e-01
-8.225620379640269375e-01
5.472751137345476247e-01
-7.459596914244177590e-01
-4.102103802171077063e-01
8.816009913896545314e-01
9.699370702642183817e-01
-2.280660330214494547e-01
7.044494443986046850e-01
-2.697951871356510933e-01
-1.000000000000000000e+00
4.789047672856535653e-01
1.791030807926133894e-01
-1.946836706556389629e-01
-8.015753974459340903e-01
8.097575560879671785e-01
-1.000000000000000000e+00
-2.428720081147990872e-01
-2.854268155827924952e-02
-8.775909278752651588e-01
1.000000000000000000e+00
2.801933547141421954e-02
-2.895986215524676832e-01
4.783380596021710729e-02
2.768555632744796879e-01
-6.336728205521560131e-01
-1.024364988681793487e-01
5.681966663097679504e-01
3.697372603723668161e-01
9.239370668242979923e-01
-4.752477014462822558e-01
-3.390104032184481642e-01
-4.024091548845226685e-01
-4.563585617048326881e-01
2.001618017893613544e-01
-4.088389278832128548e-01
-9.397121207858927239e-01
-1.000000000000000000e+00
9.238162931451313065e-02
5.675958398245167791e-01
2.790579519061777702e-01
-2.076545346920015134e-01
-1.128766376675179872e-01
3.991914813006993135e-01
4.153701142753702391e-01
-6.678144754395136662e-01
-7.292078059406108537e-01
-1.346218407649787119e-01
8.787104873569101526e-02
-9.548107712176467921e-01
5.542974612925768430e-01
1.353468190110341807e-01
