-5.749791445078634711e-01
-1.269046606504269925e-01
8.939906292796947485e-01
-4.191205449726729260e-01
-6.842132557009533711e-02
3.289205866922506605e-01
-3.639170016092262427e-01
9.127142663968557112e-02
4.189068920471780144e-01
-6.727402994573097317e-01
3.859222430432540096e-01
-1.468876824204433107e-01
1.924973754231068535e-01
1.698805970722300773e-01
-1.241622390022376066e-01
-7.284168960022086026e-02
3.010659636500905845e-01
1.719206250007528775e-02
-3.511791613976690540e-02
6.547579575729773893e-01
8.287657668182222270e-01
3.287045561052932552e-01
1.160556202966627481e-01
2.269386411252749536e-02
-4.974036515131085578e-01
3.543226186396137289e-01
1.502214867355307348e-01
-8.183626188858749151e-01
-1.000000000000000000e+00
-4.861069704379838985e-01
-1.861728584296066247e-01
-3.346413019092097096e-01
-5.674708860261685750e-01
-4.075286608813255551e-02
6.972614306375037874e-01
3.282817409297870137e-01
6.538806667123828742e-01
3.696152205228056542e-01
-2.944782821405393936e-01
3.817060003212858765e-01
4.657994104701898563e-01
-6.401025111345926000e-02
-2.938493766580619337e-01
-3.433689402094448617e-01
9.421868437449920641e-02
4.003989525078613942e-01
-3.023765966038579056e-01
5.052116440003531772e-02
1.310553969961830989e-01
1.515307918126114206e-01
-4.381805154505750144e-01
5.207349128061496968e-01
8.966121966956417388e-01
-2.927021246292224044e-01
3.072138296175057071e-01
-9.289088678232798602e-01
2.556862787496924083e-01
-1.374062177512593019e-01
2.097059773574374009e-01
-1.685735239903114469e-01
8.624379788383254031e-01
-1.186536892208556737e-01
-6.086042387575203438e-01
-5.007710930728459520e-02
1.000000000000000000e+00
-3.640643441310311701e-01
2.919055620815487473e-02
1.080408020527632296e-01
1.915027440389767133e-01
3.523777400483786293e-01
2.426813647112483485e-01
-3.263592172005970737e-01
-6.406209361914085854e-01
1.301759962399508253e-02
-4.156414044113103112e-01
-9.395599718014417678e-02
4.520726639746844855e-01
-2.483729928780725182e-01
7.428442780181840899e-01
-9.220936770950816097e-02
1.022464604792998610e-01
-6.387129019307032918e-01
4.895953538726962456e-02
-7.591885513100034011e-01
4.208236694350094842e-01
-1.348592529593077849e-01
3.512989099153531192e-01
8.980463105005458413e-01
2.850417721903938939e-01
4.585222401941080883e-01
4.029733245405447417e-01
-1.589804250294910570e-01
-2.421807792078214394e-01
7.831911099582533620e-01
7.159082163945273969e-01
-2.708072614346224705e-01
-7.281114138218784948e-01
3.512749050559048625e-01
3.774888345657297362e-01
-4.214600773668952804e-02
-6.698452002798970240e-01
-2.698766638151683384e-01
-8.503851935926036720e-01
4.399058734954217620e-01
1.000000000000000000e+00
-3.119473540077120632e-01
6.070989566979568819e-01
7.391253917446930499e-01
-4.899066719588404673e-02
5.583654220703967996e-02
9.606530404511481880e-02
1.275363525430059652e-01
7.372374704055153494e-01
-3.869019356301694468e-01
2.850079968794199115e-01
-2.521124517510443530e-01
6.016712682197139506e-03
3.044583745119543439e-01
-1.451150979351533699e-01
2.513017059678588905e-01
1.566913095469747996e-01
-8.943063395624145651e-01
-2.878374342464176672e-01
8.554999809495150709e-02
5.114878837384017052e-01
1.943609457007004493e-01
-5.453642968961053966e-02
5.297958573101756441e-01
3.385633819328103256e-01
2.227402652343872802e-01
-7.676061534925064933e-01
4.727356892198290028e-01
8.525366159631646568e-01
8.808158103004184447e-01
1.640126149109470965e-01
-1.156189764196910441e-02
-2.598273158855266551e-01
-2.371081899820243755e-01
-8.286960174834274995e-02
-1.450122662692224229e-01
2.112230143868631949e-04
7.254491073180718841e-01
-3.212933761278559119e-01
1.724022756710895110e-01
1.521334333775551106e-01
-8.840944009977214080e-02
-8.138195501189914305e-01
3.522220427301432366e-01
-2.551269394548748015e-01
8.568084983692753065e-01
3.507666083448478522e-01
2.233983309728254374e-01
1.822045263226149125e-01
-3.248853913276354977e-01
-1.607154423264693655e-02
-4.558681526166096787e-01
6.360793258181794974e-01
-1.485890546482629415e-02
2.680242339220591519e-01
2.986167071407941909e-01
4.660369286031498803e-01
8.981868256967977526e-01
-4.500561725031736460e-01
-1.771805789660447772e-01
-1.193371743392020456e-01
-2.717938366944206985e-01
-3.217005901086231745e-01
2.895044257351517825e-01
-8.652277879869341159e-02
5.720247999004701711e-02
2.982231717315657060e-01
3.534909513260705571e-01
2.499369528522596695e-01
-2.574151253909544579e-01
-3.308889721223229330e-01
-5.812836498270873564e-01
-3.719770933580436867e-01
5.462642042954884980e-02
-3.293769544134416138e-01
-2.312329400804395696e-02
-9.582473301159061263e-01
4.202354406499290707e-01
-3.681389929528485760e-01
-1.048387534285764727e-01
4.978342955232588629e-01
-6.265189776043044168e-01
8.588112445362522385e-01
1.303704632307007283e-01
-9.708237862808726248e-01
-4.300740122785435410e-02
8.381798222874817794e-01
-1.852375425980929968e-01
-2.720652697976035927e-01
-4.444372684131159268e-01
-1.716010883244889484e-02
7.238144906032355497e-01
3.174039280765431625e-01
-3.130088631102289076e-01
-4.327099381068215678e-01
-7.735493860081711359e-01
1.760656217947641489e-01
-3.433398058529074648e-01
-1.761807548454453198e-01
-2.980013039316087298e-02
4.920049084196619904e-01
5.093119698391016525e-01
-5.267023028688195829e-01
-7.226802976633164288e-01
2.854255953820142855e-01
-3.849866089395769797e-01
-4.518959127509470930e-01
-5.127530311126426987e-01
-5.968561071418424513e-01
1.000000000000000000e+00
-1.459022679628569352e-01
-2.099275084351296672e-01
6.209351971992597141e-01
-1.508465949684565377e-01
5.117598447037556841e-01
4.871191769962250895e-01
-3.010351303139301438e-01
2.265076607431426026e-01
2.347493201817117958e-01
9.803842209642198158e-02
-6.211182433570578976e-01
-3.099878972297652191e-01
-9.198558037273647514e-01
4.067253956046862351e-01
1.280747437867936489e-02
-7.756700923502667377e-01
-3.307484828130037302e-01
9.321969080784842099e-01
5.123021575022326246e-01
6.890150591273974667e-01
-9.180154755030873748e-01
1.827610422429881976e-01
-5.928128908622849469e-01
5.880511419542786555e-01
3.591179151979534412e-01
4.895942142204449954e-02
-7.838108200317747132e-01
1.142453265478415858e-01
6.101784808105742419e-01
3.144503729721501162e-01
-2.206699741806892878e-01
-1.000000000000000000e+00
6.864012672591965347e-02
-3.245071758584182620e-01
1.924364796138806621e-01
-3.905463238516144187e-01
6.877915869616966216e-01
-6.704952768561871501e-01
7.879440147962479823e-01
1.336546525250646433e-01
3.372901296071936228e-01
6.184737044572287124e-01
-1.417829984431328016e-01
-8.890517797200832018e-01
4.023784777749170316e-02
3.197671813001947694e-01
-4.456506885654966665e-01
9.437217678872219517e-01
-8.318531924036409730e-02
2.523392490712235148e-01
9.096030187115120569e-01
