-9.417181896232653671e-01
1.000000000000000000e+00
1.177884644776662909e-01
-2.178211084671863307e-01
8.371247652703046604e-01
7.901512461946771371e-01
-9.280776395784345878e-01
4.242934131688735899e-01
-6.228661215978683607e-01
1.000000000000000000e+00
-6.331464343932063921e-01
-2.906221868826561749e-01
-1.000000000000000000e+00
-5.310716798468766431e-01
-1.000000000000000000e+00
-1.413204274286145035e-01
-1.000000000000000000e+00
-3.954650859522707007e-01
6.008661680955668105e-01
1.000000000000000000e+00
1.000000000000000000e+00
-1.000000000000000000e+00
-8.168377451182368132e-01
-1.000000000000000000e+00
-6.793497316703667188e-01
9.229470762146794183e-01
7.605417512456922324e-01
1.048628377921266841e-01
2.649082468702365079e-01
6.677045794830058778e-01
8.664921194354692491e-02
6.904578478536124164e-01
5.485550414401716424e-01
6.900888834584880671e-01
8.852064815991527169e-01
-8.792178585339810448e-01
-2.831747771714876460e-02
-4.699514443642643924e-01
-8.837229507818481489e-01
-6.271815460802601105e-01
-1.000000000000000000e+00
7.822523264823111333e-01
-4.248807381858157872e-01
-8.963122081183829692e-01
6.256540017466691861e-01
-5.118750206382799428e-02
-5.186542067790395061e-02
8.228859922310638453e-01
-9.809074039163271364e-01
4.379636156495110288e-01
1.000000000000000000e+00
1.000000000000000000e+00
7.778515195167780005e-01
8.426241011096958777e-01
-1.000000000000000000e+00
1.000000000000000000e+00
-8.522064058276910270e-01
1.577404521195681086e-01
2.638747785963034831e-01
9.695460072884882763e-01
-5.899950900618422533e-02
5.757090592191833611e-01
9.972915648183838799e-01
8.180031778466341219e-01
2.198057326668463041e-01
-7.051578736561294747e-01
-7.266454739283527697e-01
-5.212079703229343108e-01
1.000000000000000000e+00
7.109450206907428349e-01
-1.000000000000000000e+00
8.289207397524862575e-01
6.419281972053463292e-01
-1.000000000000000000e+00
5.993941837477310131e-01
-3.533426402783856890e-01
9.926947903344802704e-01
-6.214250741273479317e-01
1.451717382419164259e-01
7.761638631567828739e-01
-4.218683822610794776e-01
-9.110306353885089248e-01
-9.810040037116348755e-01
-2.685559086867797540e-01
-6.478501206513321842e-01
-1.000000000000000000e+00
9.868784704075929115e-01
-2.768813663276602499e-01
-1.000000000000000000e+00
1.000000000000000000e+00
8.155370278644178406e-01
-5.557129256480808355e-02
-1.000000000000000000e+00
7.959563669100508387e-02
-1.000000000000000000e+00
9.871086863416930202e-01
-6.586181574817262518e-01
-5.655260786269020734e-01
3.663183621389842770e-02
-6.385583438788280386e-01
1.751754242862545996e-01
-2.368272116376080039e-02
1.229422960212620541e-01
1.000000000000000000e+00
-1.000000000000000000e+00
-1.000000000000000000e+00
-1.350109365029605879e-02
6.988533160044305692e-01
4.191994565793498717e-01
-1.000000000000000000e+00
-1.000000000000000000e+00
1.000000000000000000e+00
-1.000000000000000000e+00
-4.139941827482997438e-01
-1.543382177444146963e-02
-7.911540125941008972e-01
-4.581454928171603824e-01
-8.170626990157369152e-01
-2.010542407391535669e-01
9.087307548042866667e-01
-3.748783363767699273e-02
-2.763849617459215313e-01
1.000000000000000000e+00
1.000000000000000000e+00
5.398698221068283232e-01
1.000000000000000000e+00
-6.408670222197205835e-01
-4.875330646843245574e-01
-7.299432558999607856e-01
1.000000000000000000e+00
1.000000000000000000e+00
9.608628705134468762e-01
-1.000000000000000000e+00
-1.000000000000000000e+00
4.368772052558178576e-02
1.000000000000000000e+00
3.324613113773930984e-01
-1.000000000000000000e+00
-7.287157840259919084e-01
6.463099352264953801e-01
1.667503809877254051e-01
-1.000000000000000000e+00
7.572125479171664120e-01
-5.530460483306220976e-01
-1.000000000000000000e+00
8.283453896981446407e-01
-4.683679962731464030e-01
4.286651468309970459e-01
2.368034634983804121e-01
-8.144117552647960334e-01
1.000000000000000000e+00
2.981029933758707617e-01
2.596334961110752237e-01
-1.674384006437615313e-03
1.190881452739931401e-01
7.644769602171990197e-01
5.967867021120086823e-01
-9.973295205507273220e-01
-1.000000000000000000e+00
8.866719765386353869e-01
-9.515518033018748323e-01
-3.686545923822971416e-01
-8.709299602815965269e-01
-1.000000000000000000e+00
-3.351137610164106606e-01
8.784994079291211788e-01
-8.730837457770797005e-01
-4.732788333522345292e-01
-1.000000000000000000e+00
1.000000000000000000e+00
-7.631692740749659865e-02
-1.994870884088475183e-01
5.021674075594192432e-01
3.072213607462412899e-01
-4.904414954229127099e-01
1.000000000000000000e+00
6.824982916842365910e-01
1.000000000000000000e+00
8.246827695773732980e-01
-7.442607889398815679e-01
1.000000000000000000e+00
-8.058934913892250584e-01
5.567913549329496226e-01
6.310410431298469902e-01
1.000000000000000000e+00
-1.000000000000000000e+00
-1.000000000000000000e+00
-7.099273071840251914e-01
5.939048320421103089e-01
7.497559403554658886e-01
-9.351498777529738682e-01
-7.616862419124230676e-01
-1.000000000000000000e+00
1.000000000000000000e+00
-1.000000000000000000e+00
-9.401326593884264948e-01
2.226851303413866501e-01
-1.203386251191266854e-01
-8.088638909124306053e-01
-8.217949683600210831e-01
1.000000000000000000e+00
-9.508021367141767932e-01
-9.386614913916148106e-01
1.000000000000000000e+00
7.603424894820745017e-01
-3.404247043738369838e-01
-3.476631595409304110e-01
8.164859471500492960e-01
-9.764740335292325657e-01
-4.762444943311744394e-01
-1.000000000000000000e+00
-1.308310881596995712e-01
-9.840524888737081088e-01
8.942417045731634317e-01
-1.000000000000000000e+00
7.946765456742758138e-01
6.799070857173873383e-01
-6.150944083382459127e-01
7.004671041643630858e-01
1.000000000000000000e+00
-7.699547649072263633e-01
-9.351243376982870670e-01
-6.175388026619690329e-01
2.052151388957292877e-01
-8.993937326480868633e-01
7.648013963230546608e-01
-8.379412662217770036e-01
1.792803106192199236e-01
1.000000000000000000e+00
8.488705717574406284e-01
-1.254584641413616086e-01
-9.964753029795603290e-01
7.885198189818908299e-01
-2.541372217457311677e-01
1.000000000000000000e+00
-3.537471517327504533e-01
5.411711982524807230e-01
-7.495894047521167725e-01
-1.000000000000000000e+00
-4.817834742970350526e-01
-2.026063712515479565e-01
1.000000000000000000e+00
1.000000000000000000e+00
-9.748534892903624183e-01
-3.142656596530122859e-01
-8.260303864763542947e-01
1.000000000000000000e+00
1.000000000000000000e+00
2.610826097755859498e-01
-7.960411187725037196e-01
9.519322270998902269e-01
-4.643400703808420182e-01
6.729033377340367661e-01
-1.840123490636862980e-01
-1.000000000000000000e+00
1.000000000000000000e+00
7.131704121320134315e-02
1.000000000000000000e+00
2.810929194698966183e-01
1.333807403282650239e-01
5.917528411663087740e-01
-1.443157612749154661e-01
7.761658863275626707e-01
1.000000000000000000e+00
2.935291757251731193e-01
