-6.892966406430567350e-02
-7.409453624940093297e-02
2.055538561914326823e-01
-3.958917746681458461e-01
3.502164919275839727e-01
-1.844538714036360882e-01
3.347086492173646510e-01
-5.386748399657154129e-02
-2.653901534795468642e-01
-9.233314818585882655e-01
-2.780461449398869966e-01
-3.700008438577762071e-01
2.762010004690829135e-01
-5.149276923334019651e-01
3.760988873686349487e-01
-7.275962319757000030e-01
-5.333705818826607326e-01
6.783677483691071819e-01
4.266749528610783160e-01
-1.462830661858007253e-01
9.332770437368069771e-01
-1.889840625368134908e-01
-2.949559856678142244e-01
-7.512578278001283971e-01
5.258039759521960371e-02
-3.400466150250607000e-02
3.182250518287811358e-01
-2.810398958309545669e-01
1.908482250463656715e-01
-1.711193813935993624e-01
-1.251768085580617640e-01
-5.685632026899171132e-01
-3.266709061223435628e-01
-1.106238717601241428e-01
-5.215428249467080057e-03
3.752327655299028120e-01
9.992403521584902748e-02
-4.745165184653321599e-01
-3.067461984694971888e-01
4.719600257705561797e-01
-5.458054104405349327e-02
-6.460821825974174537e-01
2.597303780576696863e-01
-1.000997771446537621e-01
-6.104325279194701415e-02
-5.622245105244203511e-01
-1.637923880105239260e-01
-3.531371937637789449e-01
3.307444488928764081e-01
4.332677817213065885e-01
7.351671235127953397e-01
-6.331181888626305487e-02
-2.740589072629145972e-01
-4.081630302066576732e-01
7.436154238854859599e-01
1.735657386061803809e-01
7.683674041957655465e-01
9.885300860076798868e-01
3.530126920834995019e-01
-6.969370776224825814e-02
-8.197494455856303430e-01
1.544542458481937552e-01
1.242586735111509688e-01
-1.846142836116114183e-01
3.830529367097242344e-01
5.080923284323601852e-01
4.791071588280589877e-01
6.565705418896450318e-02
6.165207944531292394e-03
-7.691448638797807047e-02
7.191461630683871897e-01
2.984686702499115829e-01
3.226347309468923230e-01
4.344409638690836795e-02
-3.465103727568696890e-01
-6.667699773388547912e-01
-2.237929328533028450e-01
-1.761506521395618807e-01
-5.556387595696234971e-01
-3.665480641288981767e-01
-4.291623572427273881e-01
-5.098437165247273750e-01
1.258806786483718243e-01
5.913177885704558046e-01
3.002787909437096281e-01
3.425330011179825718e-01
6.487584756030853606e-03
4.907311958268529284e-01
-1.673201553701810229e-01
-1.871896992918970215e-01
-9.619007230755861615e-01
-4.718962481230338790e-01
5.227469203520412888e-01
-5.519944085437205050e-01
-2.367405764461917861e-01
-4.139552941337752423e-01
-2.506936844688565924e-01
-8.769346372212463159e-01
-2.944755563933796894e-01
-2.323596435673400684e-01
6.085304466889093766e-02
5.463230324594131604e-01
-4.601024976928873578e-01
5.261364765931137999e-01
6.440260636229077074e-01
-1.764344957504407063e-01
-2.245376592352377187e-02
-6.631107552909060177e-01
-1.295532985770814771e-01
5.007176100799979324e-01
2.275250698663814075e-01
1.473885686871356793e-01
3.664649306869086076e-02
-1.901228412831190706e-01
-2.105134899884459898e-01
-1.966933187848435294e-02
-7.984196164290875419e-01
2.782699023021736884e-02
-4.781408801195477509e-01
-1.884403459407269221e-01
6.957865090877899394e-01
1.542735150282291690e-01
1.242082932477911322e-01
-1.271618065412700171e-01
-8.057157706349989956e-01
6.355898681352641910e-01
-1.804380569672577317e-01
8.820935562133547236e-02
-1.389283912393606268e-01
2.610659294753915338e-01
2.661436314828406480e-01
4.248374630300569277e-02
-4.935937624707895099e-01
9.838882085101188224e-01
-3.143350790527827954e-01
-1.897231479418718947e-01
-8.229083605895807230e-01
-1.178996401551099527e-01
5.481693374935064922e-03
1.048131108879670204e-01
-4.891052281533855850e-01
-5.111496936640389510e-01
-1.105012250352114950e-01
1.835022942820115355e-01
-2.886307590518350508e-01
2.993102549479461638e-01
-5.363028154825169036e-01
3.734082644014657948e-02
-3.858376865781947274e-01
6.632437319736947390e-02
-1.458844411331367830e-01
-1.000000000000000000e+00
-1.989282091328143931e-01
-4.741515803980264621e-02
-1.845674258738755624e-01
-1.544007694479386794e-01
1.801840327222756222e-01
-4.424984764861333297e-01
8.504771147528414343e-02
-5.145404291613816516e-01
-1.604841601324026590e-01
-1.901744054813390150e-01
3.178833901757588953e-01
-2.676464098688967341e-02
6.646507304093801638e-02
1.935532071380111768e-02
-8.891681233825764474e-01
-7.566496395203486935e-01
2.791260890020104690e-01
-2.594566417377723866e-01
5.787477379386198884e-01
-6.711120193406350243e-01
5.303711331601183021e-01
3.217736703734389581e-01
-7.830648273197227116e-01
-9.008887493792222534e-02
1.906532209476536344e-01
4.708858270286547243e-01
-8.448500585386883865e-02
-1.377703733520888596e-01
-3.067836732882127104e-01
-1.058938971970753012e-01
2.349814852109790020e-01
-8.617648114986320440e-02
-3.059478020312211832e-01
3.924093327125361963e-01
2.194243716460487215e-01
-1.000000000000000000e+00
7.431743273291213647e-01
-4.916294040623826467e-01
1.322246327152331868e-01
1.874803572484379510e-01
1.619901179370442645e-01
-4.118804972197074310e-01
-8.112525292380189379e-01
-5.738234848638132379e-02
-4.702381655820955242e-01
2.660270524741916165e-01
1.221992809745201802e-01
1.169126231568977103e-01
5.531942489970502752e-01
5.809766729465133395e-01
-3.933615638548298987e-01
-7.519472324960110310e-01
3.332625478646000783e-02
-2.179651118791743336e-01
-2.104255251392669890e-01
-3.286601897979874592e-02
-8.675290042944758806e-01
-2.785789280202700252e-02
-1.443864225200721108e-01
3.173411083941472532e-01
1.442971176217432150e-01
1.030382296948754162e-01
-2.421054255445192482e-01
-8.652650110417294815e-01
-6.907734789132208286e-02
-4.890798443609345458e-01
5.870869060427056363e-01
-4.827676009819538150e-01
-1.639767606817927326e-01
-9.854949463400352050e-01
4.073000439163874664e-01
-6.607022756538166730e-01
-1.963889428052896791e-01
3.834985552079615001e-01
-4.538568646653011740e-01
2.642585449169661538e-01
-1.375673335742232661e-01
6.291514340471998645e-01
1.712630285866904578e-01
-7.230820607155674651e-01
-2.275627459449981460e-01
7.002830768405842177e-01
-2.894405697571775793e-01
-4.451334002472774332e-01
-1.552766263500888477e-01
7.345426172281471766e-01
-3.473395273533607108e-01
-1.493808700238710152e-01
-5.851426405594770674e-01
3.221456771776893824e-01
-1.558779252912445012e-01
4.555248101705627883e-02
1.504142437062632731e-01
6.734729218929040861e-01
2.557357582259484063e-01
1.741703723998468123e-02
-1.097669580038329179e-01
-2.135437556626649802e-01
-2.970877290757674150e-01
-2.571094586972991758e-01
4.837467970246758786e-01
2.786273037220374227e-01
1.000000000000000000e+00
-4.048336555474840726e-02
-1.216014992475923304e-02
4.804085571692259804e-01
1.648167845844126789e-01
3.657214247981784849e-01
4.104826188499877127e-02
-4.965313501596629875e-01
-6.312504247185105610e-01
-9.839935994552887477e-01
5.404260371533868845e-01
