-4.830717849780939988e-01
1.991612867804546660e-01
-8.069136166357702145e-01
1.578506197858262627e-01
4.309290170464126213e-01
1.088005337906240433e-01
9.369072122140925662e-01
-5.609813226699441602e-01
-7.077511319763479802e-01
1.591269058869719255e-01
-2.189167355960637829e-01
6.116119880976638168e-01
-3.566161620305500213e-01
-2.342449981076637905e-02
-7.525316479356281008e-01
1.667915024196722773e-01
-1.828308561966512369e-01
-2.803491843466444089e-01
7.778201733949875463e-01
-3.757605674667626738e-01
1.541943978043504027e-01
-1.940168099183003925e-01
-4.338858464757930911e-01
-4.196284747354961930e-01
-2.950700233168598863e-01
1.331575198208931610e-01
-9.690956289532914880e-01
-2.627211018911177476e-01
-2.964526453822280416e-02
6.395064064890546573e-01
-4.761903615717298921e-01
-5.367172346750948009e-02
-9.758881784275399429e-01
-5.480448179256122154e-01
6.765643513760000172e-01
3.122213437431691774e-01
-3.916632447985122223e-01
-6.746078028414217442e-01
-7.990744627961089419e-01
-1.000000000000000000e+00
3.619047188020858008e-01
-4.027379106272799270e-02
3.612122379166838870e-01
8.626565669373704726e-01
5.314589828208868827e-01
7.561942396173998437e-02
-1.526380595435138932e-01
-6.985437140033596837e-01
7.036368962743683175e-02
-4.521646842933983723e-02
-8.898305862478342321e-02
-7.627732543723683700e-02
7.505318883230336358e-01
-4.376708991897322598e-02
6.885242768551583792e-01
4.000343462644145864e-02
-8.597603780877473012e-01
3.854843199704136025e-01
9.202550928628475124e-02
-5.451659089080866938e-01
3.805771782304754880e-01
2.510581272286508958e-01
5.306978145743668218e-01
-3.230926391323850622e-01
1.238452264661191599e-01
-7.639363830035740266e-01
-2.205689253654648518e-01
6.267725595411621775e-02
-6.690365590726506939e-01
3.766280384074345289e-01
-1.290812986217415304e-01
5.827743829229006245e-01
4.557681363610734948e-01
-3.827839040533515536e-01
-5.789741773244946876e-02
-4.205920046848545812e-01
9.007189242128386120e-01
-2.215924088950058657e-01
-1.532322702202740805e-01
-1.737118206133353437e-02
-7.918036999534908693e-01
-5.805890285173389564e-01
7.793785661117763608e-02
-1.964879094830925266e-01
2.990212915584615216e-01
-4.185366069355681562e-01
9.569938266069618615e-01
-2.296790398182665116e-01
-4.928185256278173609e-01
-2.950697813956146831e-01
3.881091815788880184e-01
-2.975481298787418516e-01
2.853683738176828744e-01
5.754147958866244750e-01
7.243879086018041313e-01
3.127182235096107599e-01
6.747749353794432192e-01
-4.948291836145252143e-01
-3.601358711672936197e-01
3.043371668619844206e-01
7.923428373164660421e-01
-4.321645633787737362e-01
3.089625773773618245e-01
-3.091511760352561033e-01
-2.690096451530840649e-01
6.766734524132261841e-02
-7.705332582131666497e-01
-6.205530191021908504e-01
-1.822368066507930873e-01
1.909636549696748509e-01
-1.000000000000000000e+00
1.593878631998480733e-01
-1.000000000000000000e+00
-1.386652264354636399e-01
-8.142428304935306338e-01
1.196638691785280734e-01
1.647423756188715407e-02
6.027555026706279406e-01
4.058299369104599319e-01
3.425142257563840165e-01
-5.534042491286578214e-02
-5.436117371412345634e-01
-4.700082466771787759e-01
4.479845882399124402e-01
-6.661282310600251666e-01
-2.847767062949669303e-01
1.168843301076041008e-01
1.883091883132715361e-01
-3.487698171284547843e-02
-5.227503238747178288e-02
5.133252367634735247e-01
2.975619380209109655e-01
-1.055802817887655509e-01
-3.096783043400130886e-01
-1.241152794103102808e-01
9.629460459708807374e-01
1.193667695144139951e-01
-4.849785456473544309e-01
4.038653531014099740e-01
1.408332474933998435e-01
-3.808135404869148477e-01
-1.741119960246037823e-01
6.141817585805059432e-01
-5.494725666183092327e-02
9.458617498936953971e-02
1.914734284781449691e-03
-4.248941167767363303e-01
4.113024970057652663e-01
7.375074081704258155e-02
-3.183925590987773946e-01
-2.347442346670299551e-01
-5.921916796909674208e-01
-3.244761784152901396e-01
1.000000000000000000e+00
9.569369751342950980e-01
1.069165291741789592e-01
1.685367072515579490e-01
6.104508695018578956e-01
6.381005483903874342e-01
9.640501029075532191e-01
-1.000000000000000000e+00
-2.171637020497801246e-02
-6.268232277422129961e-01
-6.632249827512909368e-01
7.223084972543977744e-02
7.500951004897653540e-01
5.968393774409537222e-01
7.618343203363410476e-02
-3.875030371504278870e-01
-2.082798453950941431e-01
1.266645641087800755e-01
1.505999752520399415e-01
-8.056766634302270358e-03
-5.782211276431106217e-01
1.000000000000000000e+00
-4.931081536308762892e-01
5.894098368800462229e-01
3.737015048000656425e-01
3.149327819426058772e-01
-9.945203150605872455e-01
8.157311267486830886e-01
-5.074940983674156580e-01
6.446054365893478799e-01
-4.741778407238377291e-01
-2.592861808165710658e-01
-4.596810611236767929e-01
-7.885112655234104428e-01
4.873356363773596045e-01
-4.965230387701247139e-04
-3.752515133550410331e-02
-5.274170214246085564e-01
7.227115188401791457e-01
5.399112336650417898e-01
-3.777530930962169631e-03
-1.603453729822401641e-01
3.351438044946877248e-01
-5.041713172768644835e-01
-2.077061427861966181e-01
7.591794745770539254e-01
3.016176655232437054e-01
-6.581994154011133746e-02
-5.280107971129609501e-01
5.872379508828140526e-02
7.688607815151356217e-03
1.926685796433451336e-01
-1.266192483186492912e-02
2.499853727002087078e-01
-7.202316001325571593e-01
-4.750600870778608487e-01
-4.043801092596206459e-01
-5.316061173667370188e-01
5.967271146559980366e-01
-1.991792699202070693e-01
9.746246735724520827e-01
2.861867842376039084e-01
-2.303297097278134975e-01
-6.529766495103062063e-04
4.731741270491366946e-01
-1.887701247576840102e-01
6.365339808170964453e-01
5.654259774225539603e-02
2.050869752196983198e-01
-5.547469524985146894e-01
5.624105194132664742e-01
4.525121170302454088e-02
4.230087198504142720e-02
8.499726279036741161e-01
1.105776270446077736e-01
-1.777882000903663329e-01
-3.212289608725017453e-01
7.053762276263921827e-01
-7.457279355239290197e-01
1.381509686088846500e-01
-8.252243685193505485e-02
-1.712715257681216019e-01
-4.223342962831355685e-02
1.661764422863312718e-01
5.220195241154493848e-01
-5.799364486345548464e-01
-3.608252603719595553e-01
-6.722939250163141311e-01
2.523587025796308891e-01
1.017696153524063896e-01
-1.454946406675450277e-01
3.255472218866473644e-01
4.772411892461230210e-01
9.288934434690050423e-01
9.610736148526746181e-01
-3.851129952277044799e-01
-7.684272419341710014e-01
-7.302835856576628260e-02
-8.935960791578467788e-01
-5.013323646529472821e-01
3.419874241839769846e-01
-2.087189236812512783e-01
4.625404471342139390e-01
8.960950178332061089e-01
-4.395852254654624147e-01
-6.466985047834461486e-01
-5.123076869521712151e-01
7.679952518395303240e-01
7.615652977387068479e-01
-9.830841643331866830e-01
6.717138908699058497e-01
-1.864634627771185049e-01
