-8.800232346448667586e-01
-8.278422362334790785e-01
-1.000000000000000000e+00
-8.163299319681149857e-01
-8.786056339814665161e-01
-4.759761600939146908e-01
-1.000000000000000000e+00
1.000000000000000000e+00
4.651873437546555912e-01
-5.609679059086736252e-01
1.000000000000000000e+00
-3.504954635654136674e-01
-1.000000000000000000e+00
-1.000000000000000000e+00
9.421217241494181938e-01
-1.000000000000000000e+00
-8.808822824650621719e-01
4.511164393146535612e-01
-8.783828049152895279e-01
-1.000000000000000000e+00
1.000000000000000000e+00
-5.632070012636269940e-01
1.362108152707040276e-01
-1.000000000000000000e+00
2.792189823931072734e-01
-1.000000000000000000e+00
-6.930536399091424826e-01
-1.000000000000000000e+00
9.820481641682801133e-01
-1.000000000000000000e+00
-2.986326425275345198e-01
5.632492896744618616e-01
9.263705191024925734e-01
-5.757677523457095381e-01
1.000000000000000000e+00
2.839383798713355223e-01
-3.130313670932605707e-01
-1.000000000000000000e+00
-5.302909303752423309e-01
1.000000000000000000e+00
-1.000000000000000000e+00
6.109469328466143878e-02
5.143643390410010952e-01
5.641894369149446087e-01
9.866925363206957567e-02
-1.194872243796475525e-01
7.846257368934772547e-01
4.243601929483014623e-01
-7.646943244069797085e-01
9.233749477905320857e-01
8.249251516491065139e-01
-7.930331788550802896e-01
6.755044236507687927e-01
-1.000000000000000000e+00
-1.000000000000000000e+00
-1.173281518929314426e-02
1.000000000000000000e+00
7.810413767791646311e-01
4.201095462006537717e-01
-1.000000000000000000e+00
-1.825244293265140816e-02
1.000000000000000000e+00
1.000000000000000000e+00
-2.816050666044669915e-02
1.000000000000000000e+00
-1.000000000000000000e+00
6.240246852780666487e-01
1.000000000000000000e+00
-9.956651036024215529e-01
1.493395287817267936e-01
1.000000000000000000e+00
6.802631554101719047e-01
1.624841638477336758e-02
-1.828599346481330490e-01
-6.468555306083677570e-01
-1.545595766324091569e-01
7.615541942319427049e-01
6.883101788454849546e-01
6.436049426276970742e-01
-1.789762656223502224e-01
-1.000000000000000000e+00
-1.000000000000000000e+00
-7.598830268865546245e-01
9.693220562779453209e-01
-7.553858524954694120e-01
2.650089091021970988e-01
-1.000000000000000000e+00
9.774319467263489214e-01
-7.566668872874371399e-01
-2.826766859644092023e-01
-4.037451495363447718e-01
-1.000000000000000000e+00
-4.586591237254327158e-01
-5.090798501198838810e-01
2.424977825611569493e-01
1.000000000000000000e+00
-1.000000000000000000e+00
-1.000000000000000000e+00
3.965149642654435813e-01
-1.000000000000000000e+00
1.332365828025268706e-01
-3.845994134795199804e-01
-1.741671525408294285e-01
-9.811075149973144116e-01
9.607316219470306562e-01
4.204662195990052642e-01
-7.496006926942410109e-01
5.952160373043392516e-01
1.000000000000000000e+00
1.000000000000000000e+00
-3.085731992238058830e-01
-1.000000000000000000e+00
5.930428082324443184e-02
-3.505316064065598924e-01
6.679093324284601785e-02
-1.000000000000000000e+00
8.529559821893210048e-01
-4.067655761970583872e-01
-7.887956196893799454e-01
2.213921682566600824e-01
5.682124467087494857e-01
-4.022344360217511294e-01
3.318751360941518125e-01
-6.155126511996152905e-01
8.853513332908604649e-01
-3.333701288961928855e-01
3.166492671015948002e-01
-8.590380764242411260e-01
3.564459922529021885e-01
-2.303145863278603933e-01
4.056988559639769787e-01
3.365064840588368744e-01
1.000000000000000000e+00
1.000000000000000000e+00
-1.000000000000000000e+00
3.218308149292973264e-01
-8.217677061400634475e-01
-1.000000000000000000e+00
-1.000000000000000000e+00
-1.000000000000000000e+00
1.000000000000000000e+00
8.612573714483788834e-01
1.000000000000000000e+00
9.274083360755178695e-01
-4.708357768106145591e-01
-1.692613089440904717e-01
1.000000000000000000e+00
8.467353381736775209e-01
-7.760990579076261220e-01
1.000000000000000000e+00
-9.055339376951981878e-01
1.000000000000000000e+00
1.000000000000000000e+00
5.865455720768076864e-01
8.420468955699955682e-02
-1.000000000000000000e+00
1.984858034561751694e-01
1.000000000000000000e+00
1.000000000000000000e+00
-9.371745097617828479e-01
-3.733828031865585317e-01
4.654805142942633478e-01
9.227514798782177063e-01
5.175170107236977124e-01
-6.463138247511324153e-01
-1.000000000000000000e+00
-1.000000000000000000e+00
-3.878297366561124782e-01
-6.054105165902893271e-01
-7.774954817302275334e-01
-1.745418657660791073e-01
-1.000000000000000000e+00
1.000000000000000000e+00
-2.828062626639621380e-02
2.122712720001888598e-01
-1.293034142901759997e-01
9.600096273465550389e-01
-1.637386704433020368e-01
2.281312949293428649e-01
1.099869130694886704e-01
-1.768405127362560614e-01
1.850120090894712965e-01
3.978244805446717325e-01
-1.111240746725452588e-01
-4.043733071979271898e-02
6.390381529354710599e-01
6.955536587013486649e-01
7.827214833331019861e-01
-7.472639690661794232e-01
-1.962916425606614779e-01
4.737466687327851478e-02
-7.679487047538205435e-02
-2.102451811864045617e-01
-1.000000000000000000e+00
-3.329785473201130053e-01
-4.263543851751622205e-01
3.582880928663900733e-01
4.577390590737888676e-01
1.138013815466126788e-01
-8.852128835747228308e-01
-1.804356059578375304e-01
-8.236745812108287046e-01
2.317676392318669953e-01
-1.000000000000000000e+00
-9.955884067426079564e-02
7.600141761247879435e-01
3.757373360317035615e-01
-1.000000000000000000e+00
5.171430441624855767e-01
-5.291455719094022569e-01
-1.000000000000000000e+00
1.064761502954179317e-01
3.197332377218688459e-01
1.000000000000000000e+00
-9.452927196232414619e-01
5.371138998562896560e-03
-1.344940858509225956e-01
3.413489877558925079e-01
-1.000000000000000000e+00
9.941240640488928637e-01
-3.996186969496129393e-02
-7.100649345044347527e-01
1.000000000000000000e+00
-1.915415496782198745e-01
1.000000000000000000e+00
-8.104063803532699506e-01
-6.950773053947720825e-01
-3.622067633819203714e-02
1.473304236208611839e-01
1.000000000000000000e+00
1.000000000000000000e+00
-4.249807023995765265e-01
6.441803983719383009e-01
1.000000000000000000e+00
-4.911299492278187184e-02
-4.491815996574885506e-01
-8.096677921791503030e-01
1.000000000000000000e+00
-1.071575523015770859e-01
4.149917686316690890e-01
-8.046194980928198515e-01
8.058678251291984118e-02
7.765595137862685293e-01
-1.946979056132591146e-01
-1.358273832855642627e-01
2.011725433013171749e-01
-2.465659887433457875e-01
1.117050147956599737e-02
2.788382409802805384e-01
-5.734544996321928600e-01
3.989766796294442197e-01
-6.224989489851389113e-01
3.054402023280715084e-01
-1.113055943551592153e-01
-6.550034938675064478e-01
1.000000000000000000e+00
9.422000657971449922e-01
-2.223212683702224801e-01
7.029169407948889781e-01
-7.493230569412623332e-01
-1.000000000000000000e+00
8.052273001588327039e-01
-4.331507449907529006e-02
-6.841316485988282459e-01
1.000000000000000000e+00
