2.492404100976066961e-01
5.922534447142859815e-01
-1.000000000000000000e+00
1.938642602422687156e-01
-7.665066845901615800e-01
-3.997837478340079964e-01
-2.465872070069456967e-01
8.896552200909868535e-01
-2.270295933879775685e-01
-8.882383266534435995e-01
-1.000000000000000000e+00
6.947754745714685987e-01
3.860655978670876065e-01
-7.818323163981845125e-01
1.000000000000000000e+00
4.694814526785706654e-02
2.562382026879752583e-01
-2.270908371174850116e-01
9.563996119481313896e-01
6.418244632542664807e-02
1.000000000000000000e+00
2.288715635347720045e-01
-8.231073231798123890e-01
-6.641173482722800836e-02
-3.468500823809513856e-01
-6.753615760319768846e-01
1.000000000000000000e+00
-2.552120133114434974e-01
-5.652228908380811934e-01
9.681069683700824768e-01
-2.146282092824094434e-01
4.769896411832006411e-01
7.664170808068067053e-01
-6.857961538948373903e-01
1.000000000000000000e+00
-2.020056770480727071e-01
3.805306423396188631e-01
8.629830199836960869e-01
9.927739733236897735e-01
2.058122453453367084e-01
-1.000000000000000000e+00
-5.848827737979719332e-01
7.814594186337314730e-01
-3.575131861015936607e-01
6.565671708629411407e-02
-5.924071424690435794e-01
7.840648203356037627e-02
-5.922442367599344282e-01
-6.343450915483997976e-01
-8.799462417970155270e-01
5.608986253410307432e-01
8.586127195190719208e-01
-3.415024219505530811e-01
6.575224987215660954e-01
7.152075710160430422e-01
-1.000000000000000000e+00
-9.833715226923763764e-01
-1.000000000000000000e+00
-4.828435068946320685e-01
-2.416454416196670563e-01
-3.891947145550622711e-01
-6.112316980759519014e-01
3.356665795386619688e-01
-7.009117848945789486e-01
1.148150165307535997e-01
8.711792733345633533e-01
-1.000000000000000000e+00
-1.000000000000000000e+00
-4.346135292867860933e-01
4.300181086984365963e-01
-5.942673376107338035e-01
-1.000000000000000000e+00
-2.399503362229892245e-01
4.091553686802293921e-01
1.000000000000000000e+00
-7.554230921775390017e-02
1.000000000000000000e+00
1.312621573933950292e-01
-1.000000000000000000e+00
6.402323746221451062e-01
2.846559368723569072e-01
-1.256701422995276651e-02
-1.000000000000000000e+00
4.901614633011232569e-01
-6.921677455995565165e-01
6.293717001190823890e-01
4.561381887528970780e-01
-7.119750511849487484e-02
-2.390804291275536175e-01
7.997136906323247807e-01
5.896287319525816972e-01
-1.000000000000000000e+00
5.699930663459858993e-01
-2.992140409589534311e-01
1.000000000000000000e+00
-1.000000000000000000e+00
-8.636195094314892406e-01
9.444887561388277675e-01
1.684547764430078531e-01
-2.085229730042197915e-01
-5.996354543417761196e-01
-3.185515006576411512e-01
4.255481111169004960e-01
-4.784560794571426356e-01
4.356750953821038608e-01
-1.000000000000000000e+00
3.227991642376197567e-02
-2.756790430993662500e-01
-4.854920159979360383e-02
5.495051760538787189e-01
-1.573828683364197345e-01
-8.532913977346521239e-01
4.617003748922446915e-01
1.000000000000000000e+00
4.386975928385196122e-01
-6.709388356945675813e-01
1.000000000000000000e+00
9.628273161034772709e-02
-1.000000000000000000e+00
-1.000000000000000000e+00
8.541050775057512645e-02
5.930076336015299709e-01
-7.363161411819795221e-01
-7.733788104274179620e-01
-2.780614829515699604e-01
2.962114201039556249e-02
3.727282240856356621e-01
3.188107130683318635e-01
3.633418791024498606e-01
-4.189804948307866983e-01
1.168208952089567487e-01
-6.178544455500127874e-01
-1.000000000000000000e+00
-1.034158110132485930e-01
-1.899065389095078715e-01
1.194161594235238766e-01
-6.001923424878113922e-01
1.999999999999999556e-01
-3.384795536023309515e-01
-1.000000000000000000e+00
1.000000000000000000e+00
-9.234855909706825017e-01
-5.933307407072888617e-01
-8.397685099525219465e-01
-1.272330035141129578e-01
9.974682235263832020e-01
1.992137065665661178e-01
5.167537333447207448e-01
-4.471378201082401027e-01
5.877908421777519044e-01
5.084157961246328350e-01
-8.265455242687377857e-02
2.363611459308370133e-01
1.000000000000000000e+00
-4.211513136159237281e-01
1.000000000000000000e+00
7.083078929171344740e-01
5.358644508647638638e-01
1.000000000000000000e+00
-7.213751560741793467e-01
-6.207965416239189516e-01
-4.456399129951891247e-01
5.180355413951623911e-01
-1.000000000000000000e+00
-9.116021978939856663e-01
-6.707045176734376390e-01
4.926309093093703684e-01
-8.612354634367642703e-01
2.485766903593259469e-01
-2.199871142491642839e-01
8.665940059734519307e-01
-6.000459003480596021e-02
3.073974108426624774e-02
3.296611065075017444e-01
-8.040085185220070541e-01
2.095213503536569877e-01
-8.739178185623595052e-01
8.824717900162299955e-01
-7.267730197387729518e-01
2.972804154247509767e-01
6.952639757951604160e-01
-1.000000000000000000e+00
-9.338965402858900866e-01
1.000000000000000000e+00
-8.425151360818010637e-01
1.000000000000000000e+00
8.675184540536873268e-01
-6.461767389293933128e-01
1.703136956878313069e-01
4.195744008484953991e-01
4.088400579998541229e-01
-8.513203176924215576e-01
3.494926448671283881e-01
-3.066835392089046208e-01
-1.761708440396354547e-01
-1.000000000000000000e+00
-8.845652176790795851e-01
2.450341776366056767e-01
8.238448937765574520e-01
2.584524494231299485e-01
-8.492588237508613691e-01
1.000000000000000000e+00
6.150660125895178743e-01
5.720693832128622702e-01
5.804412170526701553e-01
-9.740902165062311768e-01
1.000000000000000000e+00
7.605580228083217431e-01
-4.251249550956865964e-01
5.168051186961908350e-01
-6.809826380820772629e-01
-1.330159535091894885e-01
7.625736796004394247e-01
4.920299858111223390e-01
-1.043398578548279110e-01
-6.800079650407175880e-01
-8.208500417722182085e-01
9.873202013991080328e-01
-1.043783714938722740e-01
2.323352505552515879e-01
-6.232308223292831739e-02
4.395869532227105747e-01
-1.000000000000000000e+00
-2.785949368851822761e-01
8.854251043495410534e-02
8.010803610675769626e-01
1.409014393308135882e-01
-1.000000000000000000e+00
-7.479791038645271506e-01
-3.552957866183628077e-01
1.231795379745958957e-01
5.556734241538555663e-01
-2.575139854336766509e-01
1.000000000000000000e+00
-1.000000000000000000e+00
-2.949391113424969513e-01
3.405225017748265137e-01
5.734922055980338357e-02
9.760219925245904316e-01
-7.759706004773629928e-01
1.000000000000000000e+00
-3.303588653675850750e-01
-3.507051574643138547e-01
-2.071147535005638529e-01
2.086697235326075983e-01
8.944657638280135714e-01
-5.504577477589731593e-01
-7.279899477014778464e-02
3.031983282802411805e-01
-7.951218402672677321e-02
-2.307623438195857690e-01
-1.000000000000000000e+00
-4.478189906029278466e-02
3.943673026378183288e-02
1.000000000000000000e+00
-9.677253744446572270e-01
-8.873179959970814989e-01
-5.573824135494315213e-02
-1.000000000000000000e+00
-6.435536535943703340e-01
1.281940831499667199e-02
1.000000000000000000e+00
5.713378462391105472e-02
-5.768656996170424822e-01
-3.179908517349724906e-01
