-6.412725171420624592e-02
1.914878024613236029e-01
-1.590707297082661134e-02
-1.587820563674056940e-01
-3.228787349273574969e-02
-2.573226046867690964e-01
2.335165335137544262e-02
5.711413480893320210e-02
-2.830303517822293502e-01
-1.065717284773793350e-01
-1.346671249192686881e-01
-2.947606863034854183e-02
2.157334946337500226e-01
3.490641061577196558e-01
-1.060219078001319731e-01
-1.443772141195907577e-01
-3.998873233998979926e-02
-3.479883487806396669e-01
1.864539420588172680e-01
-3.645861286005125379e-02
-4.435973612045254200e-01
-1.342815433971038253e-01
-1.281586299926854300e-01
-2.021309258438759304e-01
3.678059286534046679e-01
1.473343306951115650e-01
8.592847114894087979e-02
7.291169003722676456e-02
-5.224628450678301533e-02
3.111187240278512345e-02
1.526823839311259035e-01
-1.072695219269830386e-01
-1.350294385770428596e-01
-1.298519887325978728e-01
8.531651559759356740e-02
-2.847278113273913336e-01
-4.701415255288199924e-01
-1.757620183474176145e-01
-3.841612900010422660e-01
-3.687207165330316783e-01
-1.754002826665871928e-01
-5.672112521810659946e-02
2.709338195243093383e-01
-2.538453271622455043e-01
-3.856395932499280255e-01
4.241363247166884953e-01
9.038561408310821776e-02
-2.497115564108585428e-01
1.614951363462728551e-01
-2.713698710989217444e-01
3.968089803889894851e-01
-9.709112278276612468e-03
-4.571533611532599961e-01
2.167692786501450586e-01
-1.983311978948489041e-01
-1.293343825571193206e-01
-3.220569616546913871e-01
-1.758440979923878433e-01
-7.949558117936203483e-02
-1.308686506447894193e-01
-6.212513566787741803e-02
-1.395779113245168013e-01
-2.147097787458562002e-01
2.544590854516318723e-01
-9.522828486460202524e-02
-1.471895138553367677e-01
3.179084432521364634e-01
5.446804630181577567e-01
9.733922059656917314e-02
1.692104889000090040e-01
-4.782533095461202199e-01
1.568888217356593368e-02
2.267287514655688119e-01
-2.770953104944677836e-01
-1.610044951686973314e-01
4.251458532142232127e-01
-1.313050898828167778e-01
-2.091035791653051978e-01
-1.115686437496343775e-01
6.661407952412152778e-01
-1.136102246955439515e-01
1.430936066169312959e-01
-6.522253538505078108e-02
-1.211519626398873672e-01
1.192197932952532569e-01
2.902074072505462718e-02
-4.672892520585893439e-01
-4.162091134482396315e-01
-2.955000182396351760e-01
1.046741799513706411e-01
-2.582784462856578811e-01
-1.815519895095597108e-02
2.923374137512833870e-02
-4.080516073746323080e-01
-5.591325968524171186e-01
4.729292895514640160e-01
2.464032932624046490e-01
-1.458684402881521014e-01
9.321357628873594425e-02
-2.015774402176215285e-01
7.380093736437848273e-02
2.943051481671364947e-02
2.209616711173459092e-01
-1.753088571470826085e-01
3.412984933227206086e-01
-2.528486755680619535e-01
2.360763836896610235e-01
-2.098206921518381285e-01
-1.312354364036100174e-02
-5.551313900000640067e-02
1.311405974957897402e-01
-4.906854378045662213e-02
-1.154570786073541022e-01
-2.398270523500135171e-02
1.127190690878661639e-01
1.042636804119207866e-01
4.471863685079792428e-02
-1.198542939239823774e-01
2.265389910655480621e-01
2.959853851544072545e-01
1.734949629443192087e-01
1.985484080946045837e-01
2.118043089575206150e-01
-4.905513766516091945e-01
1.284641318898814000e-01
-2.895265989967610309e-01
-4.624286081774875989e-01
2.614209627995730534e-01
-1.197470048350870453e-01
1.532995258782736403e-01
-3.561505473872367267e-01
1.129710064035207573e-01
1.581102427267273569e-01
1.724295174057219049e-01
8.284362180916768348e-02
4.388507130326199102e-01
-8.587458129519670580e-02
3.877065860871634628e-01
-1.386668660522904772e-01
1.272746960495106938e-01
2.841280904648896821e-01
-2.403361384549241309e-01
-3.966852515912069194e-02
1.171351382439408950e-01
-1.609240182536885444e-01
2.365921222819494518e-01
-1.229587194876817502e-01
4.919865525161013498e-01
3.534783728529029001e-01
-5.540633153700206398e-02
-9.352710906138705926e-02
-2.730482322040201359e-01
2.790554545284471555e-01
-4.426889732544043166e-01
-3.269000951884590833e-01
-3.016396807579249106e-01
1.218173426593900932e-01
-2.057841144659824928e-02
8.136964476360437903e-02
-1.015889367241962354e-01
1.141624157695952102e-01
4.295201141695572100e-01
-5.190463700718767059e-02
-3.143943268439359229e-01
-4.996435329814457593e-01
-3.058577206061384723e-01
-2.077157444428744948e-01
-1.019891594573346105e-01
1.693351277573000233e-02
-1.156398247036145993e-01
-9.445210084822759644e-02
1.373253943177830949e-01
5.923532785733809369e-01
-9.315317007633747148e-02
-4.227074832891972167e-01
2.740464106813152445e-01
4.712651037748386562e-01
3.489933605681949658e-01
9.439912689613064178e-02
-2.643180396521245187e-02
-6.539858576205748175e-02
7.900570732796631523e-03
2.045065598916003258e-01
-2.533996014507386985e-01
1.951386057160617304e-01
2.730064789376595580e-01
3.247741140746550625e-01
-9.190451030501983753e-02
1.250008400553170307e-01
2.106396584823388707e-01
-5.346730974580841955e-02
-2.674747585685665063e-01
-3.303550212978837441e-01
-9.849620826722488287e-02
-4.739252828532310863e-02
4.636548630209284538e-01
2.003113904414442203e-01
-2.368420162658908812e-01
-3.762936579801080816e-02
-3.233627043081305913e-02
-1.760694063540932941e-01
-3.233616352390887572e-02
-3.110867634389299224e-02
4.978301652802712141e-03
1.421295773284429187e-01
-3.475896171981014970e-01
4.832281504899000324e-01
2.822493855184294853e-01
1.636000766748054447e-01
-8.861690918109607629e-02
-5.544871195198427388e-02
-2.952745326870639953e-01
4.115461437275847456e-01
2.250587776064222056e-01
-4.108196547108358132e-01
-4.050576093224651508e-01
1.050143999667049223e-02
1.216313156586180944e-01
2.152671052014340503e-02
4.070760635927613696e-02
-1.709950676225860389e-01
-2.015289525828890815e-02
-8.921245283260129111e-02
1.897760680018962254e-01
4.288430565793158178e-02
-1.291936338963028119e-01
-6.685191226133483378e-01
1.009731711747040850e-01
-2.039689291706765217e-01
3.636545110372159106e-01
1.280031507770796328e-01
-1.031168534019959726e-01
-2.045688099976953334e-01
-3.379255676984807000e-01
2.147778221110568930e-01
6.281047583349500321e-03
2.680698855487714805e-01
3.039737551273307137e-01
-1.045075803601635961e-01
-1.416766495799522130e-01
1.626750655164728790e-02
-3.598185999786091549e-01
4.758751594161175422e-03
-2.156479113654042601e-01
-5.862298350347990017e-02
-1.643079876034836961e-01
5.524830986301206837e-01
-1.481784621186803264e-01
1.216971465271655811e-01
1.975405222110834524e-01
1.471660674461373608e-01
-2.439134221468212405e-01
3.973377626519571382e-01
4.456407902631033813e-01
8.677806901358618707e-02
-2.801541526879062771e-01
8.957580007240752151e-02
1.191665720516165219e-02
-2.490432679937365501e-01
2.650500738617244112e-01
2.042480497236021653e-01
1.517390738686272278e-01
-2.295778631402074499e-01
4.437515502076661011e-01
-1.875443706601885863e-01
