-7.126335152129349426e-01
-7.818343834177899909e-01
-3.426852773565615684e-01
3.306795339468187600e-01
-5.263663627162603609e-01
2.440745074138825077e-01
8.946369121264092783e-01
3.900498333404340268e-01
-3.105922596817369263e-01
-7.453403113636533073e-01
7.804707358933087313e-01
6.870607419790085435e-02
1.215720187144413572e-01
-4.050488672751753061e-01
9.851412777084725958e-01
-1.764801961014892118e-01
2.800955587459711960e-01
3.506683261519093209e-02
1.000000000000000000e+00
-5.010672530607929165e-01
-4.047829369802314892e-01
-3.113363126230185296e-01
2.548252373288388273e-01
1.376422079417568556e-01
6.563817374046191366e-01
6.290686440410446778e-01
9.377315627162469136e-01
2.503428904412864364e-01
9.203905778916477987e-01
-4.933497979496523356e-01
4.900040211143273372e-01
-1.000000000000000000e+00
6.582806331037965863e-01
-4.506710054453050840e-01
9.989639094195591484e-01
5.724205795426519083e-01
1.000000000000000000e+00
9.070007332025790125e-01
4.571589271890675876e-01
-7.282595645438716403e-01
1.671698025618976458e-01
-8.022480624098867752e-01
-6.592971625229476773e-01
3.837561472513619787e-01
4.336397472912316420e-02
6.448498094830412697e-01
-6.472168365865500483e-01
-8.384229390017979844e-01
-2.882842157320105944e-02
-1.000000000000000000e+00
-2.222486811309646870e-01
-1.000000000000000000e+00
1.908971573158188551e-01
-8.953319032884128337e-01
1.000000000000000000e+00
-3.832916639644170509e-01
-2.229529041438146064e-01
-8.053674395475558523e-01
-2.588651520454982036e-01
-9.942472755639829574e-01
4.210695851384508304e-01
7.618612389379194605e-01
-3.181032990539631178e-01
-1.000000000000000000e+00
-2.181944814019424472e-01
2.940589351288582232e-01
-5.118159472662819898e-01
-6.182398446635869460e-01
-7.329140590217764206e-01
-6.112652103727158615e-01
1.259303011702322395e-01
-1.000000000000000000e+00
-9.527807432446216973e-01
-9.867446775925133862e-01
9.142174000375565823e-01
-6.839809732109408680e-01
-1.310846708038262698e-01
2.902742237950884929e-01
8.151265414866851744e-01
-3.556160782880903315e-01
7.615448603933717697e-01
9.983206125476832282e-01
-3.990809467555113677e-01
2.522342291179915374e-01
-7.746660650764725098e-01
7.569371607287174175e-01
1.847635032214081097e-01
7.906204633951970928e-01
2.903817842446808628e-01
-3.064576672005249747e-01
7.344766339527986077e-02
3.012078793929187648e-01
6.236474839335785780e-02
9.746613578106448905e-01
-6.067942190595259078e-01
-2.341911668519678358e-01
-4.626837858332805697e-01
8.653207689079378540e-02
9.945620453427488350e-01
-9.958735293884676265e-01
2.056316103925615313e-01
-7.804765843207411846e-01
-7.487681349667124620e-01
-5.995929499619786496e-01
-1.000000000000000000e+00
-1.000000000000000000e+00
-4.007475780750555799e-02
-7.375046211603458746e-01
-8.781107240520404089e-02
8.376329019126078634e-01
3.379735499414494582e-01
4.354725650266922932e-01
2.545568362038658217e-01
-2.591807911824189903e-01
9.975554197419905789e-01
-8.759290194803530660e-01
2.023417579517008402e-01
4.945677665370177833e-01
-4.567458331902142232e-01
-6.080097732559014423e-01
7.199611585061678198e-01
8.138819795066815077e-01
9.556879758023636429e-01
-4.729895820903781689e-01
1.282143764092153193e-01
7.683576268671301612e-01
6.445608010680875521e-01
3.187279945784757262e-01
-7.924076294090979244e-01
-5.314783956810869014e-01
-1.000000000000000000e+00
6.073153277228681146e-01
-8.657181228006581852e-01
6.319838705171736404e-01
9.987542799499393720e-01
7.834123345231379654e-01
3.958476946359639204e-01
-3.652037067151345795e-01
3.885976612834697586e-02
2.498179080690451359e-01
-7.709422645735376500e-01
-4.923711276611258403e-01
3.411274674179273214e-01
-9.067217346859057781e-01
-6.878508627917298002e-01
-9.476592289607472797e-01
-8.690786299000741177e-01
9.162346152501793517e-01
-4.538309954013030056e-01
2.805591271708531842e-01
3.060576135576398293e-01
-9.152228556803172488e-01
-9.059899564779333447e-01
-1.000000000000000000e+00
-9.972302773470337334e-01
-9.712524417234945362e-02
-9.564308638004612728e-01
2.886938950008401394e-01
6.920401229964885381e-01
-7.536762870438364903e-01
1.772205368104155104e-02
3.775695279743820909e-01
-3.645689280380667308e-01
1.000000000000000000e+00
5.428278062348544930e-01
-8.082124670225582230e-01
-1.024656871777062800e-01
-1.286745904561549803e-01
-2.509426272364359556e-01
5.836349549643544687e-01
-8.621911084635272005e-01
-4.067251965450383033e-01
1.971256363113146892e-01
-6.558318420360658152e-01
9.559547682999279816e-01
-2.159867594863915663e-01
-1.000000000000000000e+00
9.339849488162620395e-01
-5.599485487409868734e-01
-4.480453484649196128e-01
4.692102700881300437e-01
9.732096422392526591e-01
-1.493546902173427393e-02
4.660396944675943010e-02
-4.411915995505856780e-01
1.061317842114479493e-01
-7.069296266705319409e-01
1.750783807394377944e-01
3.420193821734590633e-01
-3.409025399377706433e-01
1.000000000000000000e+00
-6.738991459466247003e-01
-4.925578227359329597e-01
-2.183367056621647040e-01
-9.709854994706377251e-01
-2.954011617565296399e-01
-7.103908621769905452e-01
-9.884004099846837033e-01
5.813860539390373061e-01
3.027848011396945815e-01
1.000000000000000000e+00
-5.052163860165200804e-01
8.028510983028760428e-01
9.467642150840727133e-01
2.842534238274274094e-01
2.388211832632904652e-01
-3.033092062516158371e-01
5.642103286895313596e-01
9.978868282588170269e-01
-5.806314979909702467e-01
-9.837062585529323666e-01
-2.640582067898261109e-01
2.116113362008681942e-01
5.415453982659893528e-01
7.703244519459047090e-01
6.862965159735952003e-01
1.000000000000000000e+00
4.978399830328182618e-02
-3.009354721089156359e-01
4.668479811364000670e-02
7.113766189921042482e-01
-7.336221030879123139e-01
6.820151186568839119e-01
-9.847447087899404705e-01
6.135741457098373708e-01
-2.456036102810252308e-01
-8.101603857515603524e-01
6.230666520582553991e-01
-9.805879533432815265e-01
1.022537039886956683e-01
-1.000000000000000000e+00
7.910178944720476224e-01
-8.971841863949397977e-01
2.443758955840974467e-01
3.411026262898132488e-01
-8.974469490768310909e-01
9.019421668710182471e-01
6.331631375381355786e-01
9.572200832737689513e-01
-5.817909746532766713e-01
-1.526454909152294981e-01
5.802988684813003006e-01
2.152844280380754871e-01
-1.000000000000000000e+00
-9.915249836986981258e-01
9.808721326949466635e-01
-1.508760742319842797e-03
-1.353718956892197567e-01
9.683796578626824303e-01
-9.796936774227367195e-01
-9.313885572469376983e-01
-8.966434764343562680e-01
1.318490651795422020e-01
5.801530447578114869e-01
-2.615065972568653696e-01
-4.285610193423430858e-01
-9.940822128933016755e-01
-4.463704568168240239e-01
2.059338462784399831e-02
1.262281995374826826e-01
7.917131446688844276e-01
9.270001058393219084e-01
-4.076341158948573185e-01
-7.317167928088921247e-01
-6.260477574722757010e-01
