-3.740908529507919189e-01
-1.000000000000000000e+00
-9.389212623478970787e-02
-4.363114192613267717e-01
2.235112295968600116e-01
9.285753236083562623e-01
1.605401552284572153e-01
-4.981174198907054596e-01
2.255359786863721794e-01
2.373805843172818036e-02
-4.993889017655220863e-01
-8.269341798255125386e-02
3.141666840852893050e-01
6.617966356138482720e-01
-3.957757698057206563e-01
-8.635765213967944165e-02
-8.947541496726751920e-01
8.444058766603460553e-01
-1.000414846341132480e-01
7.552645139700212007e-02
-3.004051140197647185e-02
-1.218932120517531720e-01
-4.945118799017577116e-01
1.854422133439370401e-01
6.340611442558318211e-01
1.229549605075267865e-01
1.300204734435716492e-01
3.725800202675156325e-01
-3.883282601142155066e-01
3.294180269849344977e-02
1.568632634555950645e-01
-3.498486304819525827e-02
-8.561295201244267794e-03
-8.046724662280332341e-01
5.882500663192222756e-01
3.129652926425805504e-01
4.024264209739036868e-01
-2.281893704713505722e-02
-3.387039049761370602e-01
2.945986454632945617e-01
6.606858172665067697e-01
4.657093440768459436e-01
9.077739056053242273e-01
3.840394073799532348e-01
3.984610755454649489e-01
4.723573609598349377e-01
2.569612567441889039e-01
-8.173087475890230547e-01
-4.634417841094504720e-01
9.139565330162228163e-01
3.328612280442161953e-01
-5.570915152686659044e-02
-1.180264170833453252e-02
1.000000000000000000e+00
3.504388902892766611e-01
7.625303643026543066e-01
4.426237420212994489e-01
-2.881577163000743624e-01
-5.460250028451768545e-01
1.288159195480314267e-01
-6.771687444375280585e-01
9.771273833033713996e-02
-5.380397096608691143e-01
-3.538097086962821436e-01
2.523294477921351198e-01
1.273390860126272228e-01
1.929037977226852607e-01
4.379455019999595744e-01
2.726204904472647739e-01
4.573378491836889714e-01
6.276709715044381799e-02
7.652852246339576503e-01
4.458047313214489882e-01
-2.557518618566542723e-02
4.711794974902946409e-01
-3.296197115376530151e-01
-3.007919407160017933e-01
2.643540267100513708e-02
-1.728631582403876432e-01
3.206594242489676505e-01
-8.877099285366868431e-02
1.697086617125076746e-01
-5.086773114407567853e-01
3.119587369997549597e-01
-2.638405833299451442e-01
1.932400183380743042e-01
9.657887289959414812e-01
-1.721905940795391277e-01
-7.697498404961864438e-01
7.197121245679410917e-02
-2.382554831957647279e-01
3.362650737333058859e-01
-3.834088583993650601e-01
-6.925182758892235446e-01
6.777122184538508787e-01
6.598990906152306657e-01
1.000000000000000000e+00
-2.511911032097641217e-01
-3.084488381996237927e-02
3.209389296797728885e-01
5.701432131178241214e-01
-2.859339128247513906e-01
1.793124057395662496e-01
-4.470121789229751508e-02
-5.056037733408179635e-01
6.509173739102214196e-01
-5.587662674860752743e-01
1.642880650254839314e-01
8.112593369200412630e-01
2.507445142071204613e-01
1.491918627546843790e-01
-3.417332402825457582e-01
-4.581940707827199533e-01
-9.228913111703751504e-01
2.851011214937082539e-02
4.456963147235135647e-01
-4.006296590946598069e-02
6.905472705196021854e-01
1.350149430285494390e-01
3.821698071578037703e-02
3.210069271279785696e-01
6.261251018324268669e-01
7.756834782748158741e-01
-5.791073067984039424e-01
-2.274100616750911463e-01
-4.007393409013244034e-01
-5.794128588995329787e-01
2.992887281547262912e-01
9.708489471829409023e-01
-7.591369385964226169e-01
-3.196445215690184027e-01
-1.000000000000000000e+00
-3.777268443274062193e-01
1.966147407639428635e-01
3.112931535549793849e-01
8.405608975395086890e-01
8.277964698689413980e-01
9.618651622677854007e-02
-2.079747403608196987e-01
1.682259519136867221e-01
-2.444874203552169500e-01
-3.801758476784194429e-01
-5.163171599908272791e-01
-2.942207030725953187e-02
-4.093925719202044095e-02
-8.742580815898412516e-02
4.431014504466554427e-01
-1.452648521644880342e-01
-6.255004750704111771e-01
6.215986800434364357e-03
1.147026540323984600e-01
6.811153812717600786e-01
-2.311724404179192616e-01
5.526610524935443580e-01
-7.895226995776485346e-01
1.008593397532855096e-01
7.324546533201821141e-01
8.160739342627646442e-01
1.728046072756434515e-01
-3.389432034056149012e-01
9.952773562957178966e-03
1.433270143378591321e-01
-4.077294417154466721e-01
9.034221437914680131e-01
9.353719736036125720e-02
1.432801884411525062e-01
3.640106637726765459e-01
-3.002672404880375456e-01
-2.547442390937701417e-01
-3.238941670414747787e-01
-2.555205209107254682e-01
-5.214046335800017751e-01
6.176318243117975282e-01
-5.735068079783525175e-01
2.872938918929656138e-01
2.082516759536505724e-01
5.198680159975834769e-01
9.328331618756426913e-01
3.112039633930254734e-01
4.182116169727539412e-01
-7.208691369897624046e-02
2.158452024067175623e-01
1.000000000000000000e+00
4.916610042624307564e-01
1.463277421710047488e-01
-2.424220144798872045e-03
5.607982703364431387e-01
-1.297981364197017262e-01
-2.443017508533716076e-01
-1.354796891444066120e-01
-1.197317388368478452e-01
1.265396946813033274e-01
9.179226772966109227e-01
1.582433625168104541e-01
1.795055269713052848e-01
-2.712885649412924427e-01
-1.447401151702024102e-01
-2.069525524909050507e-01
5.708485064086235017e-01
-4.315633782503511262e-02
3.226021192333994314e-01
-5.866579340001785159e-01
8.463449588081223274e-01
1.628664658232910900e-01
-5.962574287577252496e-01
-3.938830791790710606e-01
2.910498576435208706e-01
2.222718627660267843e-01
-3.133603183627969857e-01
-6.657644407363234595e-01
1.926267777678314919e-01
9.801035079806011963e-01
9.187772005384122753e-01
-1.571700222273439418e-01
4.193156834062818916e-01
-3.306925961686898452e-01
-2.237510908670553855e-01
2.243332238134256862e-01
4.702027759727989698e-01
1.731022224616380889e-01
-1.913184346835415939e-01
4.992642152414452084e-01
-6.915419648391525342e-01
-1.932392624451956253e-02
-5.450899574359110433e-01
3.572524450953856734e-02
1.117432709202925700e-02
-3.890970793879013345e-01
6.932961464182677558e-01
-1.942963025713417002e-01
-2.125263700430110592e-02
2.296330370278940602e-01
-8.766643955064093996e-01
3.749102704563108679e-01
7.738358200929607023e-01
-6.070713150708615391e-01
5.150074037463773236e-01
-8.801320502790320743e-01
-3.831625065555515075e-01
6.717535951356075341e-02
2.863265469155768517e-01
1.000000000000000000e+00
9.526757773993455025e-01
-3.031792723866092443e-01
-2.462657759444170646e-01
-4.788141342002615319e-01
5.031762734130187376e-01
9.017686647638797348e-01
-1.395222128452806576e-01
-3.565855942253176036e-01
2.531732155475152068e-01
1.912019707885593833e-01
7.597933338761719835e-02
-4.012258696820841242e-01
-4.819313091405619254e-01
-1.377273179643940526e-01
8.785283751276291575e-01
-3.580780610787113183e-01
2.429592927655291335e-01
9.163984382771722670e-02
4.393093985481523189e-01
2.343121190852848201e-02
-1.308639478706033477e-01
2.636225577502335216e-01
1.087552458306821901e-01
