1.000000000000000000e+00
6.485356076481044729e-01
-9.088325663967936618e-01
-9.908341833647599239e-01
4.902872717011613202e-01
-2.486205896787805347e-01
1.000000000000000000e+00
-9.373269854465021700e-01
1.000000000000000000e+00
-1.000000000000000000e+00
-3.629713494642429206e-01
-1.000000000000000000e+00
3.748521066456864670e-01
-8.885584970390331128e-02
1.000000000000000000e+00
6.376103284581835506e-02
-1.000000000000000000e+00
2.908704317210015766e-01
-1.225402660252204456e-01
1.000000000000000000e+00
4.602103102022649939e-01
-7.549891565071696897e-01
1.000000000000000000e+00
1.000000000000000000e+00
8.448105834623453880e-02
-1.494477961796208676e-01
7.029961908559009265e-01
-1.000000000000000000e+00
-5.303875284633066123e-01
-1.000000000000000000e+00
-7.744377358624928709e-01
-4.994549804701027829e-01
3.410884298774863321e-02
-1.000000000000000000e+00
-1.225394651657639999e-01
5.874489644089074813e-01
-2.220134101434232954e-01
-3.616466872757523321e-01
2.606075319156462289e-01
6.818048842322999015e-02
1.000000000000000000e+00
-1.000000000000000000e+00
3.583204663689238401e-01
-7.640615577888255627e-01
9.083779884499900703e-01
-1.000000000000000000e+00
-1.000000000000000000e+00
-1.000000000000000000e+00
-7.042837456739502455e-01
-1.000000000000000000e+00
1.000000000000000000e+00
-1.377427584954707407e-01
-1.000000000000000000e+00
6.550101646458519333e-01
6.924657035763908119e-01
-2.967836915932794972e-01
6.048683636790478380e-01
4.152457148944941334e-01
-1.000000000000000000e+00
-6.499996389280426889e-02
-1.003355155712420954e-01
-1.000000000000000000e+00
5.645506722389078691e-01
-1.000000000000000000e+00
-4.532822409154463328e-01
-1.088008360349058401e-01
-4.296958709543924337e-01
4.817100581790708103e-01
2.807678613612450969e-01
-5.982767839298375190e-01
1.241447058554113747e-01
-5.234845211989103131e-01
-4.653407046615762876e-01
3.521837353343243993e-01
3.757478127161222314e-01
-1.000000000000000000e+00
3.725640710052684490e-01
-5.869628231333461343e-01
6.871736344266905494e-01
-6.821130006268232293e-01
-1.000000000000000000e+00
-1.709880202799275439e-01
-9.602558373512870560e-02
-1.000000000000000000e+00
-2.644801399170080280e-01
2.333867122972408947e-01
-1.000000000000000000e+00
4.053946175943393682e-01
1.000000000000000000e+00
-7.818117816993241931e-01
-1.000000000000000000e+00
-7.242561655717822955e-01
1.108490278607994900e-01
4.683736824373263552e-01
3.041699991782765289e-01
-6.959100260311199548e-01
-1.000000000000000000e+00
-6.521524283297711611e-01
-1.000000000000000000e+00
9.209431849823430660e-01
1.000000000000000000e+00
3.262628105994854200e-01
8.029707275509088138e-01
-1.000000000000000000e+00
7.656428209044514599e-01
-2.384129679501646448e-01
-8.630893510487889220e-01
3.467836018281138522e-01
-7.292742972084802489e-01
2.651637105541371220e-02
1.484930467195227921e-01
-7.147973695197074040e-01
2.340988467651844984e-01
-1.203757957189015432e-01
1.000000000000000000e+00
2.419989039427138389e-01
-3.452251243472917452e-02
5.486410399766776802e-01
-1.418478429702905129e-02
2.414286106710635815e-01
1.000000000000000000e+00
9.128672167846427765e-01
1.773882475036081541e-02
-1.115848974364100632e-01
-4.571610592793126648e-01
1.000000000000000000e+00
7.574735185188035125e-01
8.471644126857568180e-01
-1.326217405419356510e-01
-1.000000000000000000e+00
-1.647547511979504664e-01
5.208687605400709186e-01
4.704362396788297485e-02
8.662202009255962620e-01
-7.590128458510547738e-02
-1.000000000000000000e+00
1.235446819005607266e-01
-4.718760516030679475e-01
-9.378114336835570164e-01
-1.000000000000000000e+00
1.990701351306085054e-01
8.493180839385696679e-01
-5.945927672686560639e-01
-1.000000000000000000e+00
5.985797587764216665e-01
2.124627318870031534e-02
-1.000000000000000000e+00
-1.000000000000000000e+00
-5.391099345683604271e-01
1.000000000000000000e+00
1.000000000000000000e+00
1.749505375046489508e-01
3.287526253705565504e-01
1.000000000000000000e+00
-1.000000000000000000e+00
-1.798737261854986835e-01
1.427245245411623564e-01
-4.822688668330085138e-01
3.612133559585192777e-01
1.000000000000000000e+00
-1.000000000000000000e+00
9.480646309414383355e-01
-9.596356123225270318e-01
1.000000000000000000e+00
-1.949924331885326545e-01
-6.346683766585925479e-01
8.493338186354975061e-01
-1.000000000000000000e+00
-7.493051967249045875e-01
2.803176516410603725e-01
-8.229095957957224261e-01
5.127862477478771774e-01
6.662414880410980622e-01
8.612719330053033584e-01
-3.118466629840161985e-01
-5.080710918023374489e-01
-9.737314163194032979e-02
1.864158715084429097e-01
4.934930666569615210e-01
8.335190118441496709e-01
4.191574493716421768e-01
1.000000000000000000e+00
5.558129328867095209e-02
1.000000000000000000e+00
-1.869230101421293089e-02
-4.659679269618980380e-01
-1.665534380832327521e-01
-5.293722842052794864e-01
6.997803320872625354e-01
-1.000000000000000000e+00
-9.687399222875996418e-01
-6.010146175062131002e-01
-1.000000000000000000e+00
1.000000000000000000e+00
-8.868989281639354516e-01
1.286241894092264859e-01
-4.409402438988627715e-01
-3.700214764153102465e-01
-3.888330816261585665e-02
1.000000000000000000e+00
-1.042116556667069538e-01
2.771967488506967281e-01
-8.973871590041915258e-01
8.911549053816009147e-02
-1.620090264190858220e-01
5.209104168892348952e-01
7.901517089165878138e-01
-6.374931319109293781e-01
9.918005914953402780e-01
4.527826427108939678e-01
-2.651894884848380318e-01
-1.000000000000000000e+00
1.000000000000000000e+00
7.937786030412239402e-01
5.048282866192235208e-01
-1.000000000000000000e+00
-4.887966144166143168e-01
-3.960170946728452934e-01
-3.398486323790733676e-01
-1.000000000000000000e+00
1.000000000000000000e+00
1.000000000000000000e+00
3.251999629031857575e-01
-5.655960198523689586e-01
-5.217326141238864956e-01
-9.835197569489463332e-01
-6.159253271030943333e-01
1.000917318054792560e-01
-2.280055913349209873e-01
-8.032280125891795297e-01
-1.000000000000000000e+00
3.374101811278775731e-01
-7.212341109894208069e-01
8.817155824908967654e-01
-6.438360843639653330e-01
-1.000000000000000000e+00
1.417312562514537744e-01
2.405295811517222937e-01
4.406885429004969157e-01
-7.863279460902752316e-01
-1.000000000000000000e+00
-5.887306096725195559e-01
-5.664193169820146423e-01
2.251558454743593507e-01
-1.000000000000000000e+00
1.000000000000000000e+00
5.763406304518855494e-01
-1.000000000000000000e+00
1.000000000000000000e+00
-7.870580193833174310e-01
4.323017240161235453e-01
5.091033990384631336e-01
1.000000000000000000e+00
1.000000000000000000e+00
-6.617057721141181847e-01
6.669779392366714799e-02
-9.702904186462596448e-02
-3.969037020146973793e-01
-4.306432220797394295e-01
-5.172539122795338784e-02
-1.000000000000000000e+00
-4.948509709063968476e-01
-4.900958223641250777e-01
1.000000000000000000e+00
4.654198991197733282e-02
