1.863513150127339979e-01
6.436901253946626378e-01
-9.150549983531013343e-01
-4.144841245764562671e-02
-8.489273543256306009e-01
5.039919438054490941e-01
-7.153856080057883204e-01
3.064306137666095164e-01
-6.883241206360855013e-01
-1.000000000000000000e+00
4.339743092660209300e-01
4.284125192167737572e-01
-3.107748137564123048e-01
-9.358042861023652126e-02
-6.588768672865900067e-01
-2.818850518816062856e-01
1.496214839498876195e-02
6.057153884307021618e-01
8.638376494964929986e-01
7.677257609466442423e-02
2.612510258882341785e-01
-4.405810670046813038e-01
-7.807804373951373611e-01
2.243132205264854739e-01
9.030859963468385043e-01
2.047708952474308064e-01
-9.999789311902589350e-01
2.770229708946886360e-01
-8.425277370932352516e-01
9.577471039174528800e-01
-1.391859382295723424e-01
-6.937702639658350767e-01
-6.090860085278184677e-01
1.597997537600983342e-01
8.021910304696846516e-01
6.607399641273784541e-01
-8.764195016215794443e-01
-7.704368122681120035e-01
-5.823296752782540775e-01
-6.731510200719604819e-01
-9.679416606488696617e-01
4.575064041897735079e-01
8.002271306212861701e-02
-5.340754629573952750e-01
3.528324010719176007e-01
5.134069076204655913e-01
-9.845476004373703363e-03
7.273409890981181736e-01
-6.378848299286407064e-01
-2.911282890782894706e-01
-1.368234944939596132e-01
-9.842937110647916876e-01
5.187446885328050872e-01
3.429455119396818130e-02
2.606279272990725260e-01
-3.124451910641558028e-01
-2.070496841243660291e-01
1.930148410883236743e-03
-1.395184820458540143e-01
-5.489975676512304226e-01
1.015684895420346234e-01
2.796596312487648062e-02
6.381153193344933916e-01
1.974186919236578519e-01
-4.473562217593947121e-01
3.251062515363886685e-02
3.767807912851073304e-01
-3.550791156902137757e-01
-5.768343581227034500e-01
3.456803303393930493e-01
1.566610232114676593e-01
-3.070948049348861120e-01
2.387758284021690158e-01
3.423082025891417968e-01
1.063216655743229148e-02
-8.037590322567365053e-01
-1.916435688407360505e-01
-4.267781195242530412e-01
4.000675418266981809e-01
-6.181332911542970487e-01
-2.589764016451915341e-01
-2.101415723498054056e-01
-5.565029797753497931e-01
8.008443554244376594e-01
5.939402897586616437e-01
1.242814890260272309e-01
-6.573086479898694601e-02
3.581005934176934025e-01
4.306656277997244486e-01
-1.219936104153198919e-01
1.000000000000000000e+00
-9.986161627806070529e-01
4.061677699416706422e-01
-5.296732898900541331e-01
-6.697892351178218462e-01
2.774303267484529711e-01
9.849736732259288807e-01
-9.718475924238595409e-01
2.558416793374916898e-01
-5.618741381636255250e-02
-3.995053850035254484e-01
5.095961992637590976e-01
-5.917578340806307624e-01
5.041579350068426946e-01
-2.202872166897303363e-01
3.437746923985499636e-01
-4.409731412452358446e-01
-4.427749778381231405e-01
-8.788149553221797916e-01
-2.891537373501829045e-02
2.667407124674094354e-01
-2.616408237193165731e-01
-5.548704522964174046e-01
-9.226094502094972505e-01
-5.721520888291409951e-03
-3.866415921923716525e-01
9.979521100565709180e-01
-9.152003721789641055e-01
5.518869808215787209e-01
-1.245268208975380264e-01
8.215084757917098246e-01
1.500641317456505863e-01
1.501613931073787211e-01
1.747824566892272613e-01
-3.215268448729936557e-01
5.461416455584477969e-01
5.553069949470554878e-01
-2.204535560222455753e-02
1.000000000000000000e+00
2.475213115635658823e-01
-4.575428794533232812e-01
-1.461222701622653108e-01
-8.769972704144407549e-01
-8.900000194905915984e-01
6.766012190238812618e-01
9.971139853916428653e-01
-5.602370316523694882e-01
2.599302846203027095e-01
8.616865657843875148e-01
3.611496431537715435e-02
-2.945440866732841889e-01
5.342582889332856411e-01
4.528184948688475653e-01
-4.731192825480018405e-01
-4.165250502413144207e-01
8.484205030979276030e-01
-7.869636089290572567e-01
7.466141086371660407e-01
5.854867317776282221e-01
3.759204345705509098e-01
-9.676046811815550708e-01
5.162914753685351466e-01
4.751091634457087487e-01
-7.139748613442695180e-02
-6.059904375627271911e-01
6.468429701149062128e-01
-3.301456725030754713e-01
-3.075092068205778073e-01
4.635278610739408389e-01
9.698204619542386551e-01
-3.984828007223064628e-01
-9.535124488448580571e-02
-1.175090659423038281e-01
9.950614469673725315e-01
3.141372929520019341e-01
-3.022052773293648076e-01
-2.347856618219418545e-01
-5.323819896703592125e-01
-1.802416934300891116e-01
-7.993467838005080539e-01
9.099360307194638287e-01
-3.147172652698840833e-01
9.814165588201407830e-01
7.479836958962090554e-01
5.534662465219383071e-02
-2.206978438001951093e-01
-8.430384523485878745e-01
2.941268479197689523e-01
-6.499196465152422553e-01
6.236645388978545590e-01
5.044393808221296627e-02
1.339180541606221353e-01
-2.287437350221970533e-01
5.708090254103986849e-01
-5.142861224045993662e-01
1.911432596949879936e-01
-9.421514807201518404e-02
-9.139347759413598560e-01
1.552356309463618911e-01
5.138734582809552365e-02
2.842199741891721643e-01
-8.184334476996790730e-02
2.394099188071969475e-01
-3.940322117493222365e-01
8.765505778840805284e-01
-6.233143084422155811e-01
-3.013408246923538480e-01
-1.742863454297115533e-01
-7.704419704526098422e-02
-4.668412323326120439e-01
5.944411494678459862e-01
2.163247536817461680e-01
2.187522934007119779e-01
4.153161687155135784e-01
-5.780668873894676540e-01
-8.588097549484153825e-01
-2.232937187008235055e-02
-1.530582939234563164e-02
4.415221973818465179e-02
3.678747755742061698e-01
-8.727735465261886594e-01
-3.271189587088085826e-01
6.963533472835022886e-01
-7.561612047535253289e-01
5.015407152313449135e-01
-5.858474743977957200e-01
1.000000000000000000e+00
6.690689413986726786e-01
8.387566748334580602e-01
-9.777832454569291842e-01
-9.626471428973859545e-01
-1.973399280517511289e-01
-8.393283435128873204e-02
4.647943331645000287e-01
2.304404831814155230e-02
3.508892527379756099e-01
-1.072396877492720092e-02
3.098775773296513214e-01
3.982799057852322022e-01
-5.615577863630984989e-01
-5.701692109342764159e-01
-9.089695435908872190e-01
6.586160733059401862e-01
3.479069307490992857e-01
-3.914751027363421731e-01
-2.842073942234741302e-01
-4.864639432055558599e-01
3.931932148036131336e-01
-3.686636717214374914e-01
7.448449845614070197e-01
9.883912083390923309e-01
-3.184479360048597107e-01
-5.741209609467019526e-01
-3.986073528006516264e-01
9.956047010151192200e-02
-9.613313898403549329e-01
-8.570067148478079447e-03
7.887053985860301153e-02
8.859061946479180882e-01
3.865291275433795082e-02
8.958956316363131389e-01
-2.879443175751359441e-01
6.328712897768596912e-01
5.278078525879993377e-01
5.429905469808673502e-01
-3.510559144451438351e-01
4.428324593260208886e-01
8.137067510762022726e-01
6.552058617328102574e-01
-7.232621944973905981e-01
-4.523742672838960144e-01
8.206948190393330567e-01
5.334562957140436268e-01
9.984183428668700344e-01
5.424983947955392960e-01
