-5.695353151980937501e-01
1.000000000000000000e+00
-1.664483892724063496e-01
3.686398920762148368e-01
-5.058911877170337856e-01
1.000000000000000000e+00
-7.090695495281483796e-01
-6.247700953690166203e-01
-1.000000000000000000e+00
1.000000000000000000e+00
1.000000000000000000e+00
1.000000000000000000e+00
5.133904581109119958e-01
-5.580266292309228326e-01
-5.036832402849440449e-01
-5.434777956860223913e-01
6.108171726916599154e-01
-5.794104826115793472e-01
-8.865299829406737553e-01
-3.062367922319961799e-01
5.551485016409568596e-01
-1.000000000000000000e+00
-1.000000000000000000e+00
-4.608269369236948076e-01
-2.711710981030002743e-01
-5.375616190229560720e-01
7.170406070451919023e-01
-4.911074494311258309e-01
8.840451982439921919e-01
-7.428868324410669022e-01
5.708035404629113740e-01
-5.570082751810561117e-01
1.086572174603165492e-01
9.621578054322588169e-01
2.647407062491918817e-02
3.799672046021502214e-01
-2.078278908013962978e-01
-6.603200615516935379e-01
3.574312784610195193e-01
-5.905079330175310171e-01
-9.478191510981370804e-02
1.330465785025625736e-01
1.000000000000000000e+00
4.487387675233467377e-01
-7.281180072245714285e-01
-8.278527177420985650e-01
2.286145460323777689e-01
5.085531021037328347e-01
5.558751986653469590e-01
1.000000000000000000e+00
6.727554079084353544e-01
7.174554638928068995e-01
1.728023979629378371e-02
-1.000000000000000000e+00
6.895802964868940066e-01
-4.259443836052199117e-01
6.229017596866878170e-01
5.265216453891971016e-01
-4.681175548466953718e-02
8.978432608828667005e-01
2.894139990833388687e-01
7.472605011424053867e-01
-3.217599504830992441e-02
-9.547778665867776571e-01
-2.298108785338468518e-01
-1.053666567524665365e-01
-1.000000000000000000e+00
-7.905952460032764639e-01
1.000000000000000000e+00
1.000000000000000000e+00
9.666629449661892082e-01
-1.000000000000000000e+00
-1.000000000000000000e+00
6.625961071403132507e-01
2.813407708277363417e-01
-5.787010115720173653e-01
-2.010108343924282837e-02
-2.852245239558793277e-01
6.361738431544756711e-01
3.367350355226364500e-01
2.698746932965271350e-01
-3.826068671703242163e-01
9.955103032222902826e-01
8.072351203554850585e-02
-9.813886156998357091e-01
-3.079107420150000718e-01
1.337742403044421546e-01
-1.000000000000000000e+00
-3.372526525531671648e-01
-9.145926826384855879e-01
9.749433667699274331e-01
-9.756140204255159265e-02
7.733576534921273726e-01
-1.000000000000000000e+00
4.990397510982008122e-01
1.885790987050698364e-01
1.647740493389958927e-01
-8.079719254094460679e-01
1.925498895789670428e-01
5.360784220659076116e-01
5.894545963745517758e-02
-1.000000000000000000e+00
-4.951558862161475894e-03
-5.143472612858177029e-02
1.000000000000000000e+00
-1.000000000000000000e+00
1.000000000000000000e+00
1.000000000000000000e+00
-4.572329138884552724e-01
5.888779357235862655e-02
-1.000000000000000000e+00
2.351154575977743022e-01
7.243142042000274561e-01
1.000000000000000000e+00
-7.510556815290758692e-01
6.797077921759190344e-01
4.376966124106607126e-01
7.425260131814939157e-01
-5.458430873383683934e-01
1.000000000000000000e+00
-5.023537091862451121e-01
1.000000000000000000e+00
2.000347990631514694e-01
1.000000000000000000e+00
-6.196088337848720817e-01
2.252085433457113317e-01
-2.547099853840476547e-01
2.662067156080338282e-01
4.651119236873028084e-01
-6.284867869625723746e-02
-1.000000000000000000e+00
9.802683442452484464e-01
7.929026513617207783e-01
4.873840849736367220e-01
1.096978805530947620e-01
1.000000000000000000e+00
7.101914484019529183e-01
1.000000000000000000e+00
1.000000000000000000e+00
7.409756288742137542e-01
-1.000000000000000000e+00
5.294929013305397225e-01
1.000000000000000000e+00
-8.912789277432127122e-01
8.063527051135956913e-01
-9.832519828050756416e-01
-1.000000000000000000e+00
6.701230149499897149e-01
-7.629662854846135378e-01
-3.427349131329242571e-01
3.687601025188572690e-01
2.766376272295827388e-01
-4.867926876108128464e-01
6.365344384281752532e-01
1.000000000000000000e+00
-2.915719612622185153e-01
-8.217542677732824208e-01
9.239092388550665946e-01
2.051282655236817964e-01
-1.069913493255313097e-01
-1.000000000000000000e+00
-3.292636732625087159e-02
-1.671568226099926502e-01
-8.197029311050679778e-01
-5.113551700427763080e-01
7.821578080589927096e-01
-8.947241232014726542e-01
-9.235643383734857270e-01
-3.624469684802287262e-01
5.799790223110631304e-01
-6.221772792114952377e-01
-2.162559993363764588e-01
-4.092890554063993713e-01
-1.000000000000000000e+00
-1.000000000000000000e+00
4.482432322529872892e-01
-3.919350018931076485e-01
6.026564079010299224e-01
-1.000000000000000000e+00
-1.000000000000000000e+00
-1.019794494107298943e-01
7.955157681723006302e-01
-1.000000000000000000e+00
-1.000000000000000000e+00
-9.449090069280329240e-01
1.000000000000000000e+00
-6.446663123490403713e-03
9.207060305833397740e-01
-7.109968604102110401e-01
9.056614762367701799e-01
1.774592372613557067e-01
-9.348140092204367813e-01
1.042598294247593094e-01
-5.307950137084083142e-02
-4.272725566133156461e-01
-9.054202110444479201e-01
-4.645655448199345061e-01
1.000000000000000000e+00
-1.000000000000000000e+00
-7.841753779864319984e-01
-4.411010261293707435e-02
1.190953130532834692e-01
-6.316710139651354750e-02
-2.162540328648833166e-01
-6.273473983918659291e-01
-9.171375701128225977e-02
1.161579034176518643e-01
-7.890501661550112233e-01
4.301000933693586159e-01
-3.886619617340359434e-01
-3.422357603708286455e-01
-4.327981228517963075e-01
8.473482874956269617e-01
9.779390889395869202e-01
3.305592816776112830e-01
-2.338708221265457798e-01
-6.016915565702407598e-01
-1.000000000000000000e+00
-1.000000000000000000e+00
-1.000000000000000000e+00
-8.290967063318304131e-01
-9.942017254678467975e-01
8.072188108668993944e-01
7.865022816046036702e-01
6.957829290725808802e-01
-6.396481949557685232e-01
-1.000000000000000000e+00
-2.373861821051094223e-01
-2.023976376229517093e-01
-6.127320403461663512e-01
6.738185135191384623e-01
-1.000000000000000000e+00
-7.146004750098884362e-01
2.124663180391200834e-01
6.896117126773105843e-01
1.000000000000000000e+00
-1.620942044457729381e-03
-1.000000000000000000e+00
-9.112897812928097974e-01
-3.325574074269710412e-02
3.122258500730216157e-01
-8.358267001218160352e-01
5.630086051937367442e-01
-2.896431127587421051e-01
-6.770972030977313594e-01
-1.000000000000000000e+00
1.000000000000000000e+00
3.979801621278550861e-01
-1.000000000000000000e+00
-7.991940340222857264e-01
7.681873734036277490e-01
-4.157799806675674947e-01
-1.482783525869195707e-01
-1.000000000000000000e+00
6.035314710405419447e-01
-5.791998359112395800e-01
-1.101055157485858471e-02
5.151584382915689320e-01
4.433028124096409228e-01
7.906429511756984940e-01
-1.000000000000000000e+00
8.668600598964431025e-01
2.152097515444018061e-01
1.000000000000000000e+00
-9.043104359177720486e-01
