3.842750145130473527e-01
-1.000000000000000000e+00
-1.000000000000000000e+00
1.000000000000000000e+00
3.722411397211917716e-01
-9.552575295261906962e-01
-3.271114637085718591e-01
-7.363719485410964438e-01
6.752635784399645402e-01
6.196536822278306822e-01
8.296084266463602530e-01
-1.000000000000000000e+00
-1.629709044464056067e-02
-2.767607438454839919e-01
1.000000000000000000e+00
-2.329503538963642040e-01
-4.654053742804967753e-01
3.059950047427967279e-01
-1.229540868473663062e-01
5.873858818584160035e-02
-7.168054651632782548e-01
-1.000000000000000000e+00
-9.685642128222524683e-01
6.569277247771212469e-01
-1.000000000000000000e+00
-6.941719511313345636e-01
7.892458189703432936e-01
2.729296825987765907e-01
-5.485580815038836322e-01
-2.242310315180194857e-01
-1.000000000000000000e+00
9.233608102088770586e-01
9.905196966082959742e-01
-6.052475919739758181e-02
-1.000000000000000000e+00
8.974109143403083966e-01
1.000000000000000000e+00
1.000000000000000000e+00
1.000000000000000000e+00
-7.428141864344232070e-01
-1.000000000000000000e+00
3.117816870372692728e-01
-8.416721709892861503e-01
8.185466870641853188e-01
-1.000000000000000000e+00
-7.298171507758113297e-01
-1.191598328696102382e-01
-3.926027399502194370e-01
3.688812680122812160e-01
-6.429597456006819201e-01
5.917118557635819842e-01
-5.539015687795405540e-01
5.519214638788141336e-01
-9.843380885939771729e-02
1.000000000000000000e+00
-1.500522009775812071e-01
8.677960395665769155e-01
-7.728842518413215901e-01
5.282144176479155462e-01
9.642018576825098219e-02
4.389352265926718677e-01
1.000000000000000000e+00
1.000000000000000000e+00
7.538277557913382054e-01
-9.187943731809951053e-01
4.304277580753285148e-01
-6.422881582051933602e-01
6.714703279775616762e-01
1.000000000000000000e+00
9.480539817472086739e-01
7.114690035711419558e-01
-9.876596583164036769e-01
1.000000000000000000e+00
-1.000000000000000000e+00
-6.343381625495401188e-01
7.316099632062231795e-01
3.899168817045657320e-01
7.620918211127049036e-01
9.864089990431430532e-01
-4.685482206987496845e-01
1.664401645156822207e-01
-4.097390505338890931e-01
8.061819712191997667e-01
-6.363305363288426775e-02
-3.374163619356457811e-01
-4.471405178101990341e-01
3.135729375298198507e-01
-4.539973195266090999e-01
-8.676345587808087512e-01
-1.372511878260800344e-01
1.000000000000000000e+00
2.732220863467055838e-01
-9.851108492874024458e-01
-1.827639846592087336e-01
8.548583474056490328e-01
-1.000000000000000000e+00
1.885218427352358117e-01
-9.561041315313932865e-01
1.000000000000000000e+00
-5.926782951803929445e-01
-8.857839976167561913e-01
-9.478265762029924879e-01
8.433847221280338369e-01
-1.000000000000000000e+00
9.841620458960858020e-01
-9.575592171545171949e-01
-8.891733107000792113e-01
6.305938964808728286e-01
1.000000000000000000e+00
-8.018634233296734193e-01
-1.000000000000000000e+00
-1.000000000000000000e+00
6.239464141131388919e-01
-7.560864978705590378e-01
-7.188610644572969166e-01
-8.803306027997449545e-01
-9.006617842313844324e-01
1.000000000000000000e+00
-1.040193537376972732e-01
-1.000000000000000000e+00
-7.897612138793240755e-01
9.856930577166443941e-01
6.160986491195465931e-01
1.844944275606670570e-02
-1.000000000000000000e+00
-9.298986948975507261e-01
9.629213022486704521e-01
-4.990664764748208304e-01
-1.418393513387959104e-01
-1.110287728175104460e-01
-1.000000000000000000e+00
-1.000000000000000000e+00
-1.000000000000000000e+00
-1.000000000000000000e+00
-9.193685948788237194e-01
1.000000000000000000e+00
5.825229559419283776e-01
7.831725190432092809e-01
-5.227753340501198887e-01
-1.000000000000000000e+00
1.000000000000000000e+00
-3.997157628335218926e-01
-4.909476823927860778e-02
3.488133666189253690e-01
-1.000000000000000000e+00
9.966610038230360180e-01
-8.358346674947825239e-01
4.308509226100576406e-01
-1.769913356213401179e-01
4.090836457592202380e-01
6.774940985581677788e-01
1.000000000000000000e+00
4.254441595866002013e-01
-7.682840253353077076e-01
-4.801793875249733556e-01
-8.929300251317673354e-01
-7.717520985495300856e-01
4.378907816220767857e-01
2.996236386091326587e-01
-1.000000000000000000e+00
-3.106794938792501459e-01
-4.826436904392140681e-01
2.058869319629709760e-01
3.291117192254333634e-01
1.000000000000000000e+00
-1.000000000000000000e+00
9.509261800824772570e-03
-1.000000000000000000e+00
-1.000000000000000000e+00
-1.000000000000000000e+00
1.925938962258897380e-01
8.388508636189397905e-01
-4.167036822641845273e-01
1.988877178772482657e-01
6.118184514579250166e-01
6.888754963075525151e-01
-2.605598127019279620e-01
-3.398028080248910454e-01
-3.843963495939885511e-01
1.000000000000000000e+00
8.200435148064684210e-01
8.411022561071729298e-01
-1.000000000000000000e+00
7.606140312638196566e-01
5.444777429708502758e-02
-8.342741014010873757e-02
3.426983979895044108e-01
-5.502027541241162334e-01
6.265350184251351484e-01
3.250581538235404189e-01
7.609677429767535140e-01
-1.000000000000000000e+00
8.788082978393554345e-01
1.000000000000000000e+00
-9.599558983995578609e-01
-1.000000000000000000e+00
2.828471192303475545e-01
5.489458165755779495e-01
4.983371243089617098e-01
1.267213961846614390e-01
1.132362944565197260e-01
9.741828773978671308e-01
-1.000000000000000000e+00
-6.447763587223449555e-01
1.000000000000000000e+00
9.002041739041513058e-01
1.000000000000000000e+00
1.000000000000000000e+00
-1.000000000000000000e+00
4.330368445413963485e-01
8.655681995735534651e-01
-1.000000000000000000e+00
6.493145892908405159e-01
-1.000000000000000000e+00
7.708382780696465542e-01
-1.000000000000000000e+00
-1.000000000000000000e+00
9.255662801759417802e-01
-1.000000000000000000e+00
-9.576004168904300728e-01
6.942506159947630096e-01
2.653648095050026856e-01
1.000000000000000000e+00
1.000000000000000000e+00
9.297539493716903136e-01
-1.283075074484746059e-01
6.535076574164055963e-01
5.831368515416487375e-01
1.000000000000000000e+00
5.893221580153436001e-01
2.569769994020555948e-01
-2.867207215500567896e-01
1.000000000000000000e+00
2.068416540537537651e-01
-1.000000000000000000e+00
5.686934998487329640e-01
9.474814380298807182e-01
-9.731388489948110676e-01
-1.000000000000000000e+00
3.962284129034463476e-01
-1.510287065860774769e-01
9.580795319691681744e-01
-2.516418253458851950e-02
-1.000000000000000000e+00
1.000000000000000000e+00
-7.669358922393694211e-01
-7.685023242575060864e-01
-9.944750150291657986e-01
-5.570817616436029018e-01
-8.756567173187520536e-01
-9.088312560363206449e-01
-1.000000000000000000e+00
2.514402289067102503e-02
5.679933493665146882e-01
4.673836679959656459e-01
-9.714685063743340177e-01
-6.926112575652119130e-01
-1.000000000000000000e+00
1.000000000000000000e+00
9.725547502871767502e-02
-3.495091751354354459e-01
-5.457699480391849933e-01
-4.536005859064903278e-01
1.000000000000000000e+00
8.983087194850221113e-01
