-2.929128311032332399e-01
-5.259747518366669761e-01
2.382514417995792166e-01
8.737418106954083497e-01
-3.149922332128805014e-01
-2.791488427141002315e-01
-2.568661531849470991e-01
8.157131962689049276e-01
7.927209691549830239e-01
-1.469489487884242385e-01
-1.000000000000000000e+00
-1.000000000000000000e+00
-1.000000000000000000e+00
-4.386760134988264559e-01
6.651944275151963071e-01
9.980245724992408141e-01
-1.937650301177648582e-01
-7.929974491692333149e-01
1.000000000000000000e+00
6.203419898359864293e-01
-7.036405176348603518e-02
8.960868963114599905e-01
1.000000000000000000e+00
9.937431104418141814e-01
-1.000000000000000000e+00
1.008835237090255355e-01
5.396653572325573744e-01
3.212779286740372608e-01
-1.000000000000000000e+00
-1.000000000000000000e+00
-1.000000000000000000e+00
-7.256249979136204509e-01
-1.000000000000000000e+00
-5.337025582246748279e-01
-8.728978483159042234e-01
-4.480287841947444560e-01
3.464807618103036835e-01
3.737380613160027898e-01
-1.000000000000000000e+00
1.875245014230371154e-01
-4.513639472706688083e-01
4.993597387257421305e-01
-9.657685328875649233e-01
1.000000000000000000e+00
-8.775506990096774151e-01
-1.000000000000000000e+00
-6.844097610589819913e-01
1.000000000000000000e+00
1.000000000000000000e+00
1.000000000000000000e+00
-1.000000000000000000e+00
-6.898383921300725863e-01
-5.305418410620503789e-01
-4.626401275021456705e-01
1.254356854090432627e-02
1.000000000000000000e+00
1.000000000000000000e+00
-6.642054261361456380e-01
-9.214140805999636585e-01
-1.000000000000000000e+00
1.000000000000000000e+00
-1.000000000000000000e+00
8.046052098463505331e-01
1.000000000000000000e+00
-8.555838339758746747e-01
-3.547982075210069919e-01
-2.572202273537593786e-01
2.318884762268970112e-01
6.110290791776418207e-02
7.475426607302880777e-01
9.916240187346958557e-02
7.496272842423201688e-01
5.640920359439912657e-01
6.705129201496102809e-01
1.000000000000000000e+00
1.000000000000000000e+00
1.000000000000000000e+00
2.823799550281149706e-01
3.833331526381611454e-02
-1.000000000000000000e+00
1.000000000000000000e+00
-8.514035018645925712e-01
-9.017975235839575943e-01
1.000000000000000000e+00
-8.322003285463042133e-02
8.352620629368940897e-01
-8.624913703906259554e-01
9.622495405717566008e-01
4.554236391049402144e-01
-6.782857152081374075e-01
-2.401680063989646285e-01
-4.452003164546228936e-02
-5.128089346960573724e-01
-1.000000000000000000e+00
-1.000000000000000000e+00
-6.799670993287019183e-01
5.570115024901793888e-01
-1.140519493255311989e-01
3.907701173718575727e-01
-1.000000000000000000e+00
1.000000000000000000e+00
-1.000000000000000000e+00
-1.805641396615967897e-01
3.189633098212157902e-01
-1.000000000000000000e+00
-5.531938444350508188e-01
-1.000000000000000000e+00
-1.000000000000000000e+00
-6.657481450458933026e-01
-6.616032659562192109e-01
-6.211887942242672045e-02
-9.323829241454507644e-01
-8.064663583218607545e-01
-7.373520284159322813e-01
-1.000000000000000000e+00
-8.559903874696644932e-02
1.000000000000000000e+00
-1.000000000000000000e+00
6.882571825858025960e-01
-5.798798811234309181e-01
-7.827585534166734416e-01
5.189066339805135097e-01
1.099041122905084489e-01
3.999381428477621903e-02
-5.195398591531359411e-01
-7.419327897061410715e-01
4.640425571000636462e-01
1.000000000000000000e+00
7.952547521818779108e-01
1.000000000000000000e+00
-1.000000000000000000e+00
7.354041942869135040e-01
-4.511750725458915090e-01
2.217610469424704522e-01
-5.985096941499459255e-01
-3.775731926039666564e-01
3.653390726196042992e-01
-2.832944738906353344e-01
2.490872079103786385e-01
-7.994101897373170340e-01
2.219106853758354980e-01
-1.256627365143754282e-01
-1.000000000000000000e+00
-5.334076323928038654e-01
-1.000000000000000000e+00
-6.686080115358340459e-01
-7.922247451069490687e-01
-1.000000000000000000e+00
-1.000000000000000000e+00
3.535190495652807963e-01
-2.776788847508179225e-01
8.733506887251972772e-01
-2.409112792057577224e-01
1.000000000000000000e+00
4.181754199217970758e-01
-5.223825474662442403e-01
2.797464778357336979e-01
-7.455566162940472363e-01
-7.195532377986793016e-01
1.962851804876136197e-01
9.971905638465228261e-02
3.152646447922373696e-01
1.000000000000000000e+00
1.000000000000000000e+00
-4.921573552267403118e-01
3.156720148134554149e-01
2.505258236952132012e-01
1.000000000000000000e+00
-5.869376631235909691e-01
8.699468887351056168e-01
8.186436955160010243e-01
1.000000000000000000e+00
1.500188449443378702e-01
-3.409603841556974047e-02
-9.839098208190339978e-01
4.571212908784119122e-01
5.460294454808438669e-01
-1.000000000000000000e+00
-5.579223839960167908e-01
-9.501420767508277354e-01
-1.000000000000000000e+00
1.000000000000000000e+00
4.317389194550652620e-01
-1.517374264304307413e-02
-1.000000000000000000e+00
-8.571750653523964036e-01
-6.018906531618299915e-01
-4.818687529511809231e-01
7.436926279166932163e-01
-5.910672029808985428e-01
2.455044459900009857e-01
-1.000000000000000000e+00
1.000000000000000000e+00
-1.000000000000000000e+00
-6.742249942067514157e-01
-1.000000000000000000e+00
-4.806735754098605540e-01
-6.484240103144879308e-01
-1.000000000000000000e+00
8.451898221334870343e-01
1.000000000000000000e+00
-2.406405946103995497e-02
-9.467087753322867005e-02
1.000000000000000000e+00
-1.000000000000000000e+00
1.353177404770709025e-01
8.368227257521084761e-01
1.000000000000000000e+00
-1.000000000000000000e+00
-8.110468971887537792e-01
-1.000000000000000000e+00
9.961246095441455006e-01
-1.000000000000000000e+00
-7.653715841215993354e-01
-1.953518043413842165e-01
9.625044804954208111e-02
-4.102223773221711500e-01
-5.257904132929496210e-01
2.767727453198460807e-01
1.000000000000000000e+00
1.000000000000000000e+00
1.815781690258064796e-01
1.000000000000000000e+00
3.455888791721212217e-01
-9.600806206212044724e-01
-1.534309895613802377e-01
1.000000000000000000e+00
9.703904468050902343e-01
1.000000000000000000e+00
-3.108998329443372066e-01
5.590000652236877254e-01
9.362097927145655030e-01
1.104622105213763916e-01
1.000000000000000000e+00
-2.347977860610401812e-01
-6.334115511171407586e-01
5.413816815450036568e-01
-1.000000000000000000e+00
5.782535361510654504e-02
-1.000000000000000000e+00
3.979985916620409903e-01
-9.104790076238786778e-01
1.000000000000000000e+00
1.000000000000000000e+00
1.000000000000000000e+00
-8.539792675138508926e-01
3.316074107066241394e-01
1.000000000000000000e+00
3.529127567338364857e-01
-1.000000000000000000e+00
-1.000000000000000000e+00
-4.040039808044147973e-01
-3.121833024803251089e-01
2.944405747680032270e-01
-4.121620907171810733e-01
1.000000000000000000e+00
5.790992558266400136e-01
-4.877000583722025939e-01
1.000000000000000000e+00
1.000000000000000000e+00
1.000000000000000000e+00
5.295476211679948086e-01
-9.409811190868726527e-01
1.000000000000000000e+00
1.000000000000000000e+00
