-1.000000000000000000e+00
6.638696405268178502e-01
2.668660177683652712e-01
1.799857739806198786e-02
1.000000000000000000e+00
-3.769575233731271013e-01
8.884988155153049627e-01
-1.000000000000000000e+00
7.396213921181873374e-01
-9.886824508060129135e-01
1.000000000000000000e+00
1.000000000000000000e+00
-2.577377632689035192e-01
1.000000000000000000e+00
-9.912607215068526267e-01
-1.000000000000000000e+00
-6.083405404972586084e-02
-2.845333184332030640e-01
-2.186576399729144304e-01
-4.989940696215822702e-01
8.497105922159180480e-01
1.174091768787100254e-01
1.000000000000000000e+00
-8.515970730017613510e-01
-5.759225478893567063e-01
3.295910031661274386e-01
-9.477282603412772177e-01
9.212225273978854601e-01
-5.424556430483415403e-02
3.887661592413154676e-01
-1.000000000000000000e+00
8.477241042666144866e-01
1.000000000000000000e+00
-9.395908560642862728e-01
8.533169419517381282e-01
-5.694306274544920221e-01
9.448810460036044523e-01
-4.798637278742995393e-01
-2.293802547991425356e-01
-1.000000000000000000e+00
-4.959109382857419535e-01
-8.801737950513792708e-01
3.058197890641740635e-01
-1.000000000000000000e+00
8.860914833391955181e-01
1.000000000000000000e+00
-1.671990713892573255e-01
1.000000000000000000e+00
-1.000000000000000000e+00
-9.970067683460777097e-01
1.939756313018838330e-01
-2.318610087368317141e-01
-9.107688550549574158e-01
-7.460978581335272475e-01
7.463000426557347966e-01
1.000000000000000000e+00
-1.000000000000000000e+00
-2.952182021639206955e-01
1.000000000000000000e+00
8.250165286900321693e-01
6.408210454285618862e-01
8.673047794330760452e-01
-9.283135825716768430e-01
9.299816452502276398e-01
9.266475146622163983e-01
2.880653885228804945e-01
-4.221308295455484805e-01
-9.992521344721985166e-01
-1.000000000000000000e+00
2.130814436617852747e-01
8.381616770422218865e-01
-6.390967906948759325e-02
-1.000000000000000000e+00
-1.000000000000000000e+00
-3.852511393064863010e-01
-3.887172479494391819e-01
-4.618567818650944901e-01
-5.269792387060201477e-01
8.806351674278790620e-01
-7.464115560496212276e-03
-3.805070757711808138e-01
-4.171279049186900623e-01
-1.000000000000000000e+00
-7.441035071609118923e-01
1.000000000000000000e+00
-4.986096456281310374e-01
-1.000000000000000000e+00
-8.543991397893221373e-01
-8.262472101747853070e-01
-1.000000000000000000e+00
-8.988058500363231840e-01
6.809625814761842699e-01
1.000000000000000000e+00
8.382665018658624900e-01
-6.764601014781103094e-01
1.054089701154353742e-02
1.000000000000000000e+00
9.107462079770656249e-01
1.000000000000000000e+00
1.000000000000000000e+00
1.000000000000000000e+00
-1.000000000000000000e+00
7.096168624918274270e-01
-1.000000000000000000e+00
6.260670565655901409e-02
1.000000000000000000e+00
5.724781282533414339e-01
9.769099798425829873e-01
1.050805725446307820e-01
2.365009497833481800e-01
-1.000000000000000000e+00
-1.000000000000000000e+00
3.945375192256417862e-01
-4.954538011418198606e-01
1.000000000000000000e+00
-7.004650908908808260e-01
-1.000000000000000000e+00
6.896530359672599086e-01
3.311100656201756975e-02
-1.000000000000000000e+00
1.000000000000000000e+00
1.000000000000000000e+00
-9.503359297152395024e-01
-5.153532466613427454e-01
2.815048524644872541e-01
-6.571632410023575677e-01
1.000000000000000000e+00
-1.000000000000000000e+00
9.934968653317426401e-01
1.000000000000000000e+00
-7.630678279855304114e-01
5.905457991975944232e-01
-9.599030144976284928e-01
4.066156668296423971e-01
-7.734880652135962820e-02
7.253490318505769752e-01
-1.000000000000000000e+00
1.000000000000000000e+00
1.000000000000000000e+00
-1.000000000000000000e+00
-9.498491518902656416e-01
-9.852374038141248347e-01
1.000000000000000000e+00
-9.099034749574793635e-01
1.000000000000000000e+00
-8.285590201885846273e-01
1.000000000000000000e+00
1.000000000000000000e+00
-1.000000000000000000e+00
9.139830660653959493e-02
5.616281654631938292e-01
4.721981826462914311e-01
6.637429730291439789e-01
3.426294774505622698e-01
9.855682831220936579e-01
8.420099368713227506e-01
-9.460845183459103414e-01
-1.000000000000000000e+00
6.335148300104893604e-01
-1.000000000000000000e+00
-4.950764528470784076e-01
8.835469591742886042e-01
-9.928254241733102115e-01
-1.000000000000000000e+00
2.271783863643250800e-01
-5.373700990775097663e-01
-1.000000000000000000e+00
-4.018784006843594270e-01
-4.631523925928809904e-01
1.000000000000000000e+00
9.289359099010718879e-01
1.000000000000000000e+00
1.000000000000000000e+00
-1.000000000000000000e+00
-7.690605855657219880e-01
-3.586979366382025969e-03
-9.995834661370269769e-01
7.839188964249729219e-01
-8.928255189513503165e-01
-1.000000000000000000e+00
-6.758914735063443757e-01
-1.000000000000000000e+00
-9.433797772696296269e-01
-1.000000000000000000e+00
-1.000000000000000000e+00
9.909079134450061721e-01
2.217981026153264812e-01
-8.771371165028113426e-01
1.000000000000000000e+00
3.214170435592414998e-01
1.000000000000000000e+00
1.000000000000000000e+00
4.006693948046856635e-01
9.906956946555358634e-01
-1.000000000000000000e+00
-9.351897317140122068e-01
5.709622175440648428e-02
-1.000000000000000000e+00
-4.518449991139431021e-02
8.287738305685259377e-01
4.992730066392895294e-01
7.897411082757694878e-01
7.337454268738186069e-01
-1.000000000000000000e+00
7.986422959581482850e-01
-8.159159578703577553e-01
1.110060794623901614e-01
-6.163593841782690763e-01
-1.000000000000000000e+00
-6.305077657479278841e-01
-4.608372148769510623e-01
1.000000000000000000e+00
6.101978623311574701e-01
5.128145142316495875e-01
-9.579261594579723260e-01
-2.679440928343356787e-01
8.260542805302897307e-01
-9.939657162694811587e-01
1.000000000000000000e+00
-9.262413920945111734e-01
1.000000000000000000e+00
-7.167490992161625885e-01
-9.528529155179381593e-01
-9.788569334675063516e-01
1.054183512500673769e-01
-1.000000000000000000e+00
3.881586186020090645e-01
-9.638183641508525357e-01
1.341962385919528711e-01
-1.000000000000000000e+00
-1.000000000000000000e+00
-9.982164166123879134e-01
-3.173866026071481272e-01
-9.617336643746825509e-01
1.742392991238608524e-01
-2.118064586590274745e-01
-1.000000000000000000e+00
4.418091949175828592e-01
9.929302759319961202e-01
-7.091937789229655342e-01
-8.351443428852246553e-01
-1.000000000000000000e+00
-5.136327832348419609e-01
2.170221027228499966e-02
6.677552556835483211e-01
1.000000000000000000e+00
-1.717112732545785780e-01
-1.000000000000000000e+00
-1.441219925575885075e-01
-1.825687572895063893e-01
-1.000000000000000000e+00
-4.023953815977036053e-01
1.000000000000000000e+00
-1.000000000000000000e+00
2.138868703747513478e-01
-1.000000000000000000e+00
6.231738081228310744e-01
1.000000000000000000e+00
6.619960178131606421e-01
1.000000000000000000e+00
-9.808558799535559425e-01
-7.897552757199111095e-01
8.757705938864951412e-01
4.233772426798123600e-01
5.282321077911805718e-01
