-1.000000000000000000e+00
-4.785554022047993072e-01
-1.000000000000000000e+00
-3.019028019554482745e-01
-1.000000000000000000e+00
-1.000000000000000000e+00
1.000000000000000000e+00
1.000000000000000000e+00
-1.000000000000000000e+00
1.000000000000000000e+00
6.899081257306460824e-02
1.000000000000000000e+00
-2.471335950708097862e-02
-5.438066578594783484e-01
4.159766059376647229e-01
-6.505965314661921184e-01
1.000000000000000000e+00
1.000000000000000000e+00
2.588697842063196752e-01
-3.263150787920573448e-01
-7.783362486931491020e-01
-7.375899979902948989e-01
-1.000000000000000000e+00
3.967159151677412399e-01
-5.226869405313190331e-01
1.000000000000000000e+00
-1.000000000000000000e+00
-2.408250920648592475e-01
-1.000000000000000000e+00
-9.912244893843097371e-01
-8.181130150491281450e-01
-3.594647109448821931e-01
7.018965749989319880e-01
-3.076925554436525934e-01
1.506513138660596773e-01
4.244998766653864108e-01
9.953420360399872768e-01
-1.000000000000000000e+00
1.000000000000000000e+00
1.000000000000000000e+00
-1.000000000000000000e+00
-5.915916060550621136e-01
1.000000000000000000e+00
-4.410324960444798048e-01
3.709748730211609447e-01
3.766186455961001434e-01
-1.000000000000000000e+00
-1.834112564408517110e-01
-7.916798014115294935e-01
-1.000000000000000000e+00
1.000000000000000000e+00
1.000000000000000000e+00
-6.721289204304766729e-01
1.000000000000000000e+00
-6.673015744142580807e-01
1.000000000000000000e+00
1.337373110646744578e-01
6.018381432071523429e-02
3.982802240313709774e-02
4.764700215812127659e-01
1.000000000000000000e+00
9.772159761030007052e-01
1.000000000000000000e+00
1.000000000000000000e+00
1.000000000000000000e+00
1.000000000000000000e+00
1.000000000000000000e+00
-1.000000000000000000e+00
1.000000000000000000e+00
-9.508056695630850985e-01
6.775956039563418853e-01
1.000000000000000000e+00
-1.000000000000000000e+00
-7.128900975743128754e-01
8.428844059623967766e-01
-6.421744270562691481e-01
-2.424141176934754283e-01
1.000000000000000000e+00
-4.309728846697531979e-01
-2.170024161831014542e-01
-7.686880118667029915e-01
-1.000000000000000000e+00
4.843509604817036185e-01
-2.782509244628473821e-01
-1.000000000000000000e+00
-6.778585863163597569e-01
3.222010412083677333e-01
1.000000000000000000e+00
9.724455172735895214e-01
-1.000000000000000000e+00
4.570463415989637901e-01
-3.438147168717250457e-01
1.647432391278339514e-01
-3.120226370435391083e-01
-3.237579893116214191e-01
1.000000000000000000e+00
5.548953986477189737e-02
2.572619062195657946e-02
6.412351612073463603e-02
-1.000000000000000000e+00
7.588239458634049583e-01
1.000000000000000000e+00
-9.153921516578165107e-01
-4.212446872644115548e-01
5.121272428159099332e-01
-1.228024737146145573e-01
1.000000000000000000e+00
9.147751541925256413e-01
3.676481292130979739e-01
4.107202186073389827e-01
7.198556589629964142e-01
-6.467065556178654973e-01
-4.106759760445094498e-01
7.222764941546511164e-01
-6.226775507938918652e-01
8.518382161982400724e-01
7.784557155620561719e-01
1.431051256400753813e-01
6.000000000000000888e-01
-5.628194309068059731e-01
4.425441262398964737e-01
-7.824624904949032400e-01
1.000000000000000000e+00
-1.035870784756376395e-01
6.596236538184069298e-01
-7.307671562634698859e-01
-5.734753675469745904e-01
4.879749894614951455e-02
8.989110051117279454e-01
-1.413978622964873200e-01
-1.000000000000000000e+00
-7.826060875661490224e-01
1.437571408262330874e-01
-2.296119873646019216e-01
-1.953783365918100312e-01
-1.000000000000000000e+00
6.887163644615745817e-02
-8.386311366090719588e-01
1.651991052324399689e-01
-1.000000000000000000e+00
-2.623132241366323836e-01
1.000000000000000000e+00
1.920800476991483818e-01
-1.766050190802818665e-01
4.541879449048400463e-01
-3.546404358491519471e-01
-2.983331749855075987e-01
-1.000000000000000000e+00
-2.691525708077687762e-01
1.000000000000000000e+00
1.000000000000000000e+00
-1.000000000000000000e+00
-5.447672136512713426e-01
1.000000000000000000e+00
-1.000000000000000000e+00
-1.623286358949305452e-01
1.204923969305795595e-01
7.733225971822835776e-01
1.000000000000000000e+00
1.000000000000000000e+00
-8.541319695978004389e-02
-3.325900292984336204e-01
-1.000000000000000000e+00
-1.000000000000000000e+00
-1.000000000000000000e+00
1.000000000000000000e+00
-3.555279186638253264e-01
-7.009893373704259023e-01
-4.852567687941682362e-01
9.092052101944347875e-02
-6.898846057090721740e-01
-1.000000000000000000e+00
-7.861774696122939554e-01
9.204762897107463537e-01
1.000000000000000000e+00
-1.731561391130482241e-01
4.659746418310788396e-01
1.000000000000000000e+00
-1.000000000000000000e+00
8.620728245475819396e-01
2.956844801378176735e-01
1.195029067130704004e-02
-8.706337321080166447e-01
1.000000000000000000e+00
2.282004268363180266e-01
5.021173848296681674e-01
6.018402568074625592e-01
-9.436587178423879729e-01
-1.000000000000000000e+00
1.843737870846166027e-01
6.802278785485821322e-01
1.000000000000000000e+00
-1.000000000000000000e+00
-3.417551618528549273e-01
-1.000000000000000000e+00
-1.000000000000000000e+00
-1.000000000000000000e+00
7.868209606650957699e-01
2.141205874565628095e-02
-3.882104192324844494e-01
-8.607333301642485779e-01
-1.000000000000000000e+00
-3.020089674736546881e-01
1.000000000000000000e+00
-1.000000000000000000e+00
-8.431581885804199095e-01
-1.000000000000000000e+00
2.480295151458420388e-01
-4.474060567767786101e-02
-6.039492416894827187e-01
-4.197340200390228260e-01
-1.000000000000000000e+00
1.000000000000000000e+00
5.521291878519161145e-01
8.347860092792236397e-02
-8.041613834386531767e-01
3.664029248840512398e-01
9.703533640224659695e-02
-1.000000000000000000e+00
-4.882809862043013815e-02
-7.383398334123423279e-01
-1.000000000000000000e+00
5.762061258962267729e-01
-8.740055889306705961e-01
4.015546703030016262e-01
-1.000000000000000000e+00
-1.000000000000000000e+00
1.000000000000000000e+00
-2.026321593928268605e-01
2.491732518373267480e-01
-3.198065754032534125e-01
-1.000000000000000000e+00
-2.706866704401406087e-01
1.000000000000000000e+00
-1.000000000000000000e+00
-4.777630301878137420e-01
7.888638278074905363e-01
6.382068827415439127e-01
-3.654273969927945842e-01
4.888197042447754992e-01
-8.094369858174847998e-01
-6.154282626257279176e-03
1.000000000000000000e+00
2.484773206030816139e-01
2.752830404614019510e-01
1.000000000000000000e+00
-4.979402121270337656e-01
6.492895019660751554e-01
2.746952276235515855e-01
-9.337251405567428275e-01
1.000000000000000000e+00
6.678843396922673481e-02
4.160795221031957647e-01
8.169924313865584153e-02
1.000000000000000000e+00
-1.000000000000000000e+00
1.000000000000000000e+00
3.661834371734739024e-01
3.890787120301263391e-01
-4.430588920113720519e-03
-1.000000000000000000e+00
3.030197451363884631e-01
-1.791521652843826584e-01
-1.000000000000000000e+00
1.000000000000000000e+00
