-2.560141180807823380e-02
-3.509627457502627057e-01
3.186771624125211977e-01
-7.135180105571503617e-01
-1.172673022868391673e-01
8.983643431968485471e-02
3.551269246659310985e-02
-2.328222011705333716e-01
4.182755894432036992e-01
8.801188430498307902e-02
3.829558402446025522e-01
3.255940581859719796e-01
4.958293900368934137e-01
-1.000000000000000000e+00
5.428840214548262821e-01
4.222823467056500690e-01
-1.019353480442710680e-01
8.818441352249004606e-01
-7.573730408021039917e-01
1.000000000000000000e+00
4.106144304898923236e-01
-6.385484206163738463e-01
-1.000000000000000000e+00
1.000000000000000000e+00
3.890176914425059196e-01
-1.000000000000000000e+00
8.928304078000549593e-01
-5.033613187271031020e-01
1.000000000000000000e+00
1.000000000000000000e+00
-4.647207662177105236e-01
-5.472356141857848133e-01
-1.000000000000000000e+00
1.000000000000000000e+00
9.873673061587489030e-01
1.000000000000000000e+00
-1.000000000000000000e+00
-1.000000000000000000e+00
-4.768700343166203393e-01
-1.000000000000000000e+00
1.564770944807864494e-01
3.167648698686733044e-01
-9.797906076573544842e-01
9.311214714423305949e-01
-8.838374226700909109e-01
-8.626714982138432575e-01
-9.366716802677654830e-01
1.000000000000000000e+00
9.544337635819984955e-01
-1.000000000000000000e+00
1.242496351382896269e-01
-5.816245169421654371e-01
5.327707433791947222e-01
9.098107183633463713e-01
-1.690203151063780496e-01
-3.796103739410831013e-01
-1.384710509806215684e-01
-4.855498183396500522e-01
-8.765112553209125634e-01
-8.444207491016197942e-02
1.000000000000000000e+00
-1.000000000000000000e+00
-1.000000000000000000e+00
9.392977949251000158e-01
-4.093777437985767764e-01
6.825426165384304023e-01
-8.938788311040710699e-01
-6.848815053110124396e-01
-1.000000000000000000e+00
-6.804183583469542995e-01
-1.000000000000000000e+00
1.000000000000000000e+00
-1.436368659679832516e-01
-9.931646983465747258e-01
5.593505471934751005e-02
-1.071980243248421283e-01
1.274732915673504885e-01
-1.000000000000000000e+00
-1.000000000000000000e+00
-8.834111418321118903e-01
1.000000000000000000e+00
9.635049146496954542e-02
-7.342014272824626264e-01
-1.000000000000000000e+00
-4.007046620340248833e-01
1.000000000000000000e+00
1.000000000000000000e+00
-6.006360315771201996e-01
1.491979825281959660e-01
-1.000000000000000000e+00
1.104327288332874746e-01
-1.000000000000000000e+00
-1.000000000000000000e+00
-9.546595518177004580e-01
-1.000000000000000000e+00
-1.000000000000000000e+00
2.769681263221257517e-01
-5.290164878735721388e-01
-6.175069886034598721e-01
-2.777237828105418860e-01
6.548489175979047561e-01
5.003203809373705235e-01
1.000000000000000000e+00
-2.109474844367081880e-01
5.371939161492362835e-01
5.614567509728605188e-01
5.985489499412428582e-01
1.000000000000000000e+00
-1.000000000000000000e+00
4.143216335981660947e-01
-1.000000000000000000e+00
6.337391454351448683e-02
-9.796085408188357491e-01
4.553083047054605759e-01
7.827826703723077539e-01
-6.362487134357390772e-01
3.715664556999559998e-01
-1.000000000000000000e+00
-2.679230593509799863e-01
-8.695153487963075412e-01
1.000000000000000000e+00
7.609058807038701078e-01
1.000000000000000000e+00
1.000000000000000000e+00
4.535534889893899635e-01
1.000000000000000000e+00
7.865071152227921525e-01
7.271036190206747740e-04
-1.000000000000000000e+00
-1.000000000000000000e+00
2.730986996576209580e-01
-1.334074721489876547e-01
5.145664623250897352e-01
1.000000000000000000e+00
9.202987362769091684e-01
6.933481418381435279e-01
-1.000000000000000000e+00
-2.017666702435869652e-01
-9.068004834879266340e-01
-2.976275721963517196e-02
-5.851293211774482028e-01
8.423130283115607408e-01
9.944816634788536946e-01
6.629998154150903433e-01
1.000000000000000000e+00
-2.304757673137736718e-01
-7.769406763432137319e-01
1.000000000000000000e+00
-1.000000000000000000e+00
8.943782567821010332e-01
8.417622796107810945e-01
1.000000000000000000e+00
-9.079190326451814785e-01
-6.579712710334667536e-01
-7.415155159343430613e-01
6.395813907725925729e-01
-1.000000000000000000e+00
-1.000000000000000000e+00
1.000000000000000000e+00
7.184031391031536762e-01
-9.799158875828785087e-01
4.973914102925814928e-01
1.000000000000000000e+00
2.324738232365288759e-01
8.731557897420610947e-01
-1.000000000000000000e+00
1.000000000000000000e+00
-6.578478966567538055e-01
8.658537698804462668e-01
2.654471873148773753e-01
1.000000000000000000e+00
5.173403401360351372e-01
1.000000000000000000e+00
9.765866325128921277e-01
1.000000000000000000e+00
-3.932395431966030364e-01
9.654736280836322404e-01
4.156971071821520258e-01
1.000000000000000000e+00
-3.737119060291055339e-01
-2.823082114109651819e-01
8.174793997484239849e-01
9.560200088913565208e-01
5.130408288153337493e-01
4.322092291039615342e-01
7.652792714696950993e-01
1.328148438735843595e-01
5.340595814486681636e-02
1.000000000000000000e+00
4.042503876039307276e-01
-3.083814083731493683e-01
-9.961060642785852792e-01
-2.397529408682900209e-01
-2.491505824877860431e-01
-6.801982974656576308e-01
-3.776656374918929138e-01
-2.049079972134951744e-01
-1.000000000000000000e+00
-6.498626522023458474e-01
4.362982782854710750e-01
5.916740227918109163e-01
-5.530195015357231014e-01
6.408355583722096238e-01
-1.983878314014921040e-01
1.000000000000000000e+00
8.748723472339253737e-01
-4.392340664254542060e-01
1.000000000000000000e+00
-4.796619823182830533e-01
-6.551666236737030413e-02
-1.000000000000000000e+00
-8.045553977056294492e-01
-9.849001979855385169e-01
3.674178532572349165e-01
3.168886876435265676e-01
-4.262802313275752542e-01
-3.536868428613301196e-01
8.072936900092788637e-01
1.000000000000000000e+00
1.764806972325864698e-01
9.001745245512167148e-01
5.606855406654530638e-01
1.000000000000000000e+00
5.557296145278054489e-01
7.946168265639395045e-01
-9.030603486032787730e-01
-2.713200546005173908e-01
-4.611097516750467529e-01
1.000000000000000000e+00
3.415868321831116439e-01
2.316453723398829156e-01
5.524512725444979955e-02
1.000000000000000000e+00
-6.294252138813469788e-01
-1.000000000000000000e+00
9.925793639973101712e-01
-3.773239662952201368e-01
3.967877106867893633e-01
1.257109766471917189e-01
-8.990156077264364054e-01
-1.000000000000000000e+00
-1.000000000000000000e+00
4.850725466435337752e-02
5.166350036352518327e-02
1.000000000000000000e+00
-9.755764590330063823e-01
2.238210206230523691e-01
-1.000000000000000000e+00
-1.000000000000000000e+00
-2.480325809239286028e-01
-3.018285354766223061e-01
9.126084203983853005e-01
-1.000000000000000000e+00
5.075305676620799344e-01
1.768526499389635742e-01
-9.388003741803836455e-01
7.257171606885584603e-02
-1.000000000000000000e+00
-1.758239148112674677e-01
8.120286268838503019e-02
-1.000000000000000000e+00
-1.000000000000000000e+00
1.000000000000000000e+00
-7.718888192807704662e-02
-9.087073222074160128e-01
