2.444039753436912932e-01
6.064337121354901328e-02
-1.903488699952863294e-01
5.796838765898109092e-01
1.627413479988895073e-01
-2.093926672178276216e-01
-7.572430090053592355e-01
7.027300841739216042e-02
-3.130218665993308447e-01
-1.585746237760957689e-01
-6.137596989188680574e-01
4.600195126797337886e-02
8.696641477416428012e-02
2.825222141797624209e-01
5.296207105482153565e-01
1.073258392965951158e-01
-3.452829603921262480e-01
3.723545501012179848e-01
3.748889476891394956e-01
-7.888318451692137856e-01
2.216673477111690826e-01
1.640125666756082345e-01
-6.606163419455475527e-03
-6.772077509245673366e-02
-2.386504555023445939e-01
1.168328464012401841e-02
-4.781740737938233732e-01
9.028651383760144533e-02
-2.062617694385165124e-01
-4.130954487055390478e-01
-1.202420243245272413e-02
-4.282917514249949542e-02
-1.226580363181676292e-01
-7.139836117056896914e-01
-1.020439577257338110e-01
-3.446754935407060350e-01
-2.283883021188817253e-01
-1.786751936373611460e-01
-3.715314446405664217e-01
-9.025575232380038670e-01
7.584907774734608310e-01
3.785280586987793683e-03
-7.717448181988229017e-02
-1.487397736813706739e-01
3.748654375586470966e-01
7.221899423958224595e-01
7.482518975782233017e-01
-5.252280474167755342e-01
2.948065853692366511e-01
4.523430220684291347e-01
5.402082971061092920e-01
-4.504417253213155448e-01
6.389564856489682310e-02
4.001708710761846532e-01
-7.458123453681919646e-02
-5.373530742949111927e-01
1.554183808016463830e-01
3.213556454446828692e-01
1.468297210165656619e-01
-5.864862090557768082e-02
1.011865374480853952e-02
2.002792154040475003e-01
-2.408688481290534311e-01
-1.640878647793937439e-01
-4.650859533091164510e-02
4.207857243248933066e-01
7.826692172829399774e-02
5.426294722162569584e-02
2.640077074178182048e-03
-1.559467885015268229e-01
-3.361998512733938571e-01
9.916423577240489617e-01
-8.005269880396823079e-02
8.546410116230074294e-01
2.781559617547659236e-01
3.346361631131442582e-01
2.773887518907581784e-01
3.304941206309904844e-01
2.675419538929451613e-01
-3.735342802557629072e-01
-1.980074884424282700e-01
1.492787394217889030e-01
-1.664398889604466053e-02
6.247889225129354962e-02
4.670346255243779110e-02
3.850212378848010264e-01
-3.478097442225824842e-02
2.621024399486414636e-01
-4.883142865518014797e-01
-6.495695416751612328e-02
1.514990161662677082e-03
3.685666360234424732e-01
2.872116599897972522e-01
2.909952271973161864e-01
1.528316280979303832e-01
3.913834706254510909e-01
-1.516923717540899497e-01
-1.400190044735722672e-01
-2.641179224776504242e-01
1.519211467969542595e-01
-5.812905023045711328e-03
-7.321782582212402191e-02
2.833043422514076592e-01
-4.853668833681997752e-01
1.030572310933774438e-01
1.054098791588684580e-01
1.510929290141746484e-01
-3.481815482542746087e-01
-1.628765978833532913e-01
9.904068013582659202e-02
-4.366338560105337274e-01
-3.558873602933932956e-01
-8.785775105310766886e-02
2.602112081693741530e-02
-4.535962154287369597e-01
4.454278192175523676e-01
3.832860390165562237e-01
3.778777251223277567e-01
-1.270065572720606994e-01
1.149422723106850452e-01
-1.795083380021245123e-01
8.309522357448740904e-01
-1.278555980094727151e-01
-1.693146512454837271e-01
7.872735889541605803e-02
-5.149659846597187673e-02
-3.405244169659100706e-01
3.303458285856161192e-01
-1.102994765666975852e-01
-4.520057595024733477e-01
-5.328816251150765293e-01
8.774174813276483520e-03
-3.513496588904926332e-01
-5.791662294702524250e-01
1.353398243864520900e-01
1.245852293539624622e-02
7.505822524706665111e-02
2.701818364894179592e-01
-8.135741734344449361e-01
5.465244345605745763e-02
3.812941924367353463e-01
4.811437453112332729e-01
-2.069395286239645859e-01
-1.844903779837788194e-01
9.626405550115918475e-02
7.234062115725725661e-02
-9.294091216991962057e-02
-2.952700098872018675e-01
-9.815807371066709308e-02
2.918577288230087552e-01
2.115825210817978974e-01
3.476005185011543652e-02
-4.079718008990618205e-01
-1.543832202169747592e-01
-9.358712679289168945e-02
-1.248626339854745221e-01
-4.186619984361727997e-01
4.063495668492867474e-01
7.529638219889889239e-01
-6.045204437258886454e-01
-5.941604240483889798e-01
-4.143866619501268556e-02
-1.601202291384674070e-01
7.550401583502797109e-02
-1.958605134132359038e-01
4.303174038614206165e-02
2.483416525922913301e-02
-9.090688413337133511e-02
1.179003578267021207e-01
-2.051326596181680673e-01
-5.240261254577752714e-01
6.043494526846071579e-01
-2.502915508462311145e-01
6.203461194209207719e-01
-5.505347229363519723e-01
2.019142286802435016e-01
-5.070000574178606945e-01
-1.991197283863240519e-01
-9.004135150588031544e-02
1.457331766513958460e-02
-3.245631891069339359e-01
8.400012651086896653e-01
-3.336231957704440254e-01
4.909871440294082123e-02
-2.439455586792049768e-02
-7.817652651503746719e-02
8.333685193889701914e-02
1.998534608140005719e-01
7.252371039548277665e-02
-6.524492127345555836e-01
1.740161930434188653e-01
6.718747725069915133e-02
-6.159633650888984846e-02
6.111130981828591935e-01
2.229143418693052547e-02
-1.378881927452897393e-01
6.267208259697933936e-01
2.898932073009679589e-01
-1.228454033871510809e-02
9.223405104578336067e-02
-3.946622268675640255e-01
4.733598388376899502e-01
-2.448633990456017262e-02
5.109012530068051117e-01
-3.664001874536596537e-01
2.236866967299603326e-01
4.785103674353876624e-01
-2.399464731278420082e-01
1.248950637238774863e-01
-5.072673642038383335e-01
-3.354681038327600451e-01
-2.480740963873525329e-01
-1.419623643991581308e-01
2.578520550027137426e-01
-4.153156579189708486e-01
-5.439750790628559152e-01
1.504990157207630741e-01
2.555809805720035133e-01
1.668725736380600178e-01
-2.497921249669678989e-01
-2.663865697714237202e-01
-1.171478464302249112e-01
4.453138517562260645e-01
1.427826935287884735e-02
-1.862152697647448119e-01
2.408838055120019472e-01
1.956375670355063601e-01
2.698337850316022690e-01
4.024872518411315436e-02
4.698809113661127079e-01
-8.040423605937263574e-03
-1.710016524794744086e-03
-4.188440930818770891e-01
7.956010433145854766e-01
2.104069765206129095e-01
-1.847266679359094166e-01
-2.864440101083757240e-01
-2.486014035046744952e-01
7.443356314505968907e-01
-1.697648414338140954e-01
7.096763341686557203e-02
3.735941764453816760e-01
9.354989027629021514e-01
3.065808978823514330e-02
6.341194653178237051e-01
3.952268777782406151e-01
-8.030762922811858218e-01
-5.045884883240179253e-01
4.613771289811584575e-01
-7.724443682503631670e-02
1.245953365687023501e-01
7.250818999758568140e-02
-3.065232839983734747e-01
-9.659647708395069365e-02
1.235718498439288826e-01
-2.117966900355082172e-01
-1.678868689245445744e-01
2.091754369685238368e-01
2.369392936668406890e-01
-8.581166146395480254e-03
-2.455713922290816420e-01
-5.493274602461319933e-01
-4.032016692185572682e-01
-2.506123884642857957e-03
-6.018915013027470451e-01
