9.098340350163838242e-01
1.869238521654899010e-01
-3.764270006786754053e-01
1.848401485215432627e-01
8.439886404121322849e-01
5.016183729062357877e-01
-1.000000000000000000e+00
3.389590556802504762e-01
9.602609165611805109e-01
-8.103748006575216267e-02
4.921782496697886811e-01
-9.073863998748412651e-01
-5.112449728208912081e-01
1.000000000000000000e+00
-2.701062739907777455e-01
5.917252095046759974e-02
-8.809351322690102126e-01
4.711094618215663221e-01
6.515672442951169208e-01
5.535139676021227917e-01
-5.213401510653393744e-01
9.504461147399727583e-01
-1.259235218328997319e-01
-2.479118570893549256e-01
-5.186437969181296737e-01
-1.000000000000000000e+00
8.450888363223848510e-01
-1.217390292031667043e-01
4.345726137105648257e-01
1.000000000000000000e+00
4.163995116687325138e-01
-5.281044304654908261e-02
-9.339973275734565483e-01
5.157200873104795802e-01
-9.129059987482253113e-01
-1.000000000000000000e+00
-3.289156874273366782e-01
-4.914178047583876441e-01
-3.529739231571492053e-01
8.381948493768649477e-01
-9.806528656077505568e-01
-1.453010913962814454e-01
-1.749639387536821578e-01
-4.778744943318361527e-01
7.485521256707960980e-02
1.000000000000000000e+00
6.020338213672453698e-01
8.355483529537537368e-01
-8.655094612502509666e-01
-5.590853427218465121e-01
-9.118220705849077179e-01
-9.694264619645418524e-01
-1.000000000000000000e+00
7.007528130961127033e-01
4.589804574458179465e-01
-6.098881787715133562e-01
-1.000000000000000000e+00
8.366072262274705240e-01
-1.207822520063916993e-01
-4.489656199752420918e-01
2.335214497592493776e-01
-4.779494183687570397e-01
8.982948380414734757e-01
1.000000000000000000e+00
1.000000000000000000e+00
8.929849854332579939e-01
-1.000000000000000000e+00
8.354082164246304787e-01
-6.760088208302273971e-01
1.000000000000000000e+00
7.835867291553766378e-01
2.052980523386519485e-01
-1.101467295721967055e-01
3.820105033515745485e-01
-2.269997988729722249e-01
-9.645154414360721518e-01
-2.355718295036881016e-01
4.920154019584827010e-01
-3.125549468591528601e-01
1.000000000000000000e+00
-1.000000000000000000e+00
1.000000000000000000e+00
-6.754465898305117566e-01
-3.889343957912307359e-01
4.735967129380372342e-01
1.000000000000000000e+00
9.615936535800884144e-01
-6.185401328572801560e-01
-6.422025706716623095e-01
-6.133753329274104216e-01
2.217830390554833275e-01
-7.090484731522861406e-01
1.000000000000000000e+00
3.323624783308978259e-01
7.282853021216859624e-01
-9.450626025535910912e-01
-2.915061103195794034e-01
-5.424641432206761538e-01
-1.000000000000000000e+00
-1.000000000000000000e+00
7.426519431406936045e-01
1.335448887953369634e-01
-1.000000000000000000e+00
-1.000000000000000000e+00
-6.959418800850593056e-01
-1.000000000000000000e+00
9.863335408506401780e-01
1.404693438891345680e-01
-1.000000000000000000e+00
1.000000000000000000e+00
-8.073769179994860767e-01
-9.247210108790784311e-01
5.738271726668215944e-01
1.000000000000000000e+00
1.000000000000000000e+00
-3.167909682793119686e-01
1.669065548827492751e-01
8.820771119254334769e-01
-1.846393863111912559e-01
-3.084420284570512649e-01
-9.860714054106769488e-01
-9.970991953580776723e-01
-5.759812700163933208e-01
-4.666698968544730763e-01
1.000000000000000000e+00
2.732646141787718475e-01
-5.966352690691372196e-01
-9.523125844652697847e-01
1.000000000000000000e+00
6.058644835832633913e-01
-3.679953628797192344e-01
3.945507984527703016e-01
4.033328771932211954e-01
-1.428464874012778107e-01
-5.834743393806375300e-01
-1.997632730269288670e-01
2.343119049048531521e-01
-3.257185841293037121e-01
-6.400901860102550245e-01
7.586451547990434863e-01
1.663073486625634145e-01
3.800544462283679259e-01
1.000000000000000000e+00
1.000000000000000000e+00
-4.904062172410952325e-01
3.185280899728364923e-01
1.000000000000000000e+00
-9.051285446145412861e-02
-8.457776983792990588e-01
-5.031549028279259650e-01
5.039173904162944639e-01
-1.000000000000000000e+00
-1.000000000000000000e+00
-8.137606730165409807e-01
-1.000000000000000000e+00
4.711552134992164076e-03
6.771024872627826596e-01
-3.413581564665671975e-01
8.448405285742026649e-01
-2.952160532604438670e-01
-4.764442872205266744e-01
1.139332158194684974e-01
1.000000000000000000e+00
3.352584876677165426e-01
-4.314392269957247894e-01
7.600478886905343012e-01
-1.301819800042419706e-02
-2.509583151567209569e-01
4.624111714304360299e-02
5.468841186694928247e-02
-1.382437383553658528e-01
-4.622228281962735275e-01
1.000000000000000000e+00
-2.407744845073704898e-01
-5.129418633402149652e-02
-1.407229731711547860e-01
5.553073843852245339e-01
5.316472198121393600e-01
9.519675484144941580e-01
1.000000000000000000e+00
-8.778710124935955594e-01
8.497698011492280656e-01
-3.195414110524894546e-01
-1.829395767425134323e-01
2.446680181014652122e-01
-1.000000000000000000e+00
-1.000000000000000000e+00
1.000000000000000000e+00
4.892689605544540132e-01
-6.062289666998710302e-02
-3.791706020739794014e-01
1.000000000000000000e+00
-9.107148009416620171e-01
3.223729758064002304e-01
-1.000000000000000000e+00
-1.000000000000000000e+00
3.343840103579016620e-01
4.023903292233182993e-01
-1.000000000000000000e+00
3.116825387993952812e-01
5.678187462247743511e-01
-1.456953619503403852e-01
7.271472174532343791e-02
-7.967583559760249567e-01
-9.058828350962465636e-01
1.000000000000000000e+00
4.700136809482101663e-01
5.398269377964241000e-01
1.000000000000000000e+00
-1.000000000000000000e+00
-1.759462161872826780e-01
-4.461905127267701276e-02
9.877508150782361440e-01
-1.779153727407245811e-01
-1.000000000000000000e+00
9.912209538023101230e-01
-7.721101554568470249e-01
5.183452476787568930e-01
-1.855317462185809008e-01
6.408180831025708235e-01
-6.661161875197144644e-01
9.732587279405058300e-01
7.187272197227310144e-01
5.838197046895723386e-01
-1.000000000000000000e+00
9.286825703243932750e-01
-4.148407333046517653e-01
1.000000000000000000e+00
-3.869005788460072592e-01
-8.672675253218014024e-01
-7.395173923855091758e-01
-1.000000000000000000e+00
-4.679717086637900092e-01
5.946431821242520455e-01
9.761813206396021680e-01
-8.733351814303709215e-01
-4.471392469568610251e-01
-2.686927598962124408e-01
-3.770247882693036345e-01
-3.730414681802670662e-01
9.346757210550771244e-01
-1.229860274847448531e-01
9.396228777913997465e-01
-1.000000000000000000e+00
-1.529860902256818811e-03
-1.000000000000000000e+00
-1.000000000000000000e+00
-4.518463753629071156e-01
1.276292036714576916e-02
-2.678717057311891803e-01
-6.280372307929180664e-01
2.984585242347035372e-01
-1.000000000000000000e+00
1.000000000000000000e+00
1.000000000000000000e+00
4.023724095079469487e-01
-4.629787937656243413e-01
7.840974832876975720e-01
9.537911841525958945e-01
-4.273156093093228858e-01
-1.611072292344165047e-01
1.000000000000000000e+00
-5.329773503921200195e-01
1.465804898296658720e-01
2.871563991706584940e-01
