1.000000000000000000e+00
-7.364775317239558028e-02
-5.760092866340996709e-01
-9.712236392725859258e-01
6.725450324550280579e-02
-1.347131597918709289e-01
5.897455457597153838e-01
-1.000000000000000000e+00
-3.702814678146510441e-01
-3.277918851003423506e-01
7.792412485147157675e-01
-6.155446706866229967e-01
1.000000000000000000e+00
5.736257570424376784e-01
-6.939722534330392545e-01
1.000000000000000000e+00
5.404045602507266954e-01
-3.272183934002689254e-01
-8.532971530613693290e-01
7.595619568812636002e-01
-1.815134113031235952e-01
9.001516400714958399e-01
6.428433599448374336e-01
7.722666052636311118e-01
1.000000000000000000e+00
1.000000000000000000e+00
-1.000000000000000000e+00
-4.115045512276588324e-02
5.942194252907435637e-01
4.356359999638066416e-01
5.036795595036447359e-01
-5.379857422191806071e-01
-1.000000000000000000e+00
-1.000000000000000000e+00
1.000000000000000000e+00
5.297258860333727837e-01
-1.000000000000000000e+00
-2.280327707302922668e-01
1.000000000000000000e+00
5.009570836773089564e-01
-1.000000000000000000e+00
-1.000000000000000000e+00
-1.163253655351514926e-01
-7.792845449280246806e-01
-1.000000000000000000e+00
9.355681657563275078e-02
3.598332733757060864e-01
-4.308581626330151293e-01
1.000000000000000000e+00
-7.989190814124460527e-01
1.914375569295138357e-01
-1.000000000000000000e+00
2.141036553003572429e-01
1.000000000000000000e+00
-1.323467267618502197e-01
-7.352180641729644250e-01
-1.000000000000000000e+00
1.000000000000000000e+00
-6.066218714646738341e-01
-1.000000000000000000e+00
1.834118769686032824e-03
-6.277256201742398289e-01
9.344574807744988609e-01
-1.000000000000000000e+00
7.153609541363938895e-01
-4.449885435335193540e-01
1.000000000000000000e+00
-8.248156143997331657e-01
-1.000000000000000000e+00
-3.356906842422958670e-01
9.409230123067245932e-01
-1.000000000000000000e+00
-8.008868906205118821e-01
-5.533236898767104339e-01
-3.745630857724870366e-01
-4.154345336316173087e-01
1.828223445546334203e-02
-4.056132500610960534e-01
-1.770368707871690650e-01
-3.781396320795106236e-01
1.365384744523550076e-01
1.000000000000000000e+00
-8.254403159133951728e-01
-1.000000000000000000e+00
1.000000000000000000e+00
-3.430820986703748132e-01
-5.832126159017506639e-01
8.023502874114065708e-01
4.982792135142624090e-01
9.440933702826093121e-01
4.126306771856392830e-01
-4.805989820273138813e-01
-8.539149814851234588e-01
1.000000000000000000e+00
2.951665135736696310e-01
-1.180566636936446756e-01
9.476728320780525294e-01
-1.000000000000000000e+00
1.000000000000000000e+00
-1.000000000000000000e+00
1.000000000000000000e+00
7.860322121962648456e-01
-5.111587266931108542e-02
-1.000000000000000000e+00
-7.766427514070273208e-01
1.000000000000000000e+00
7.220574476701141498e-01
-8.610649525200126941e-01
7.302055269873453103e-01
-7.636993413414538967e-01
1.794152439827441103e-01
-2.115104124935820451e-01
-9.281337351645168043e-01
9.960398344676619775e-01
1.000000000000000000e+00
-9.665878112649585185e-01
1.000000000000000000e+00
-3.939765570017439433e-02
5.803893467515843785e-01
1.000000000000000000e+00
-9.552427145841086986e-01
1.000000000000000000e+00
-8.588247190133588838e-01
-1.000000000000000000e+00
-5.794537866566756845e-01
-3.406460413730493242e-01
-1.000000000000000000e+00
-1.000000000000000000e+00
-5.809717618821117480e-01
1.000000000000000000e+00
2.101024719835631327e-01
5.636708245293068353e-01
1.000000000000000000e+00
1.000000000000000000e+00
-2.395215520950233490e-01
-8.203621157445813994e-01
1.000000000000000000e+00
7.451058366958579482e-02
2.565896823634070678e-01
1.977808754878076503e-01
-2.444314653968737705e-01
4.667080736519388928e-01
-1.000000000000000000e+00
-3.339324869239995164e-01
2.877787551827003520e-01
-4.180177099501498628e-01
1.000000000000000000e+00
-2.427254329344817330e-01
2.115455528613295888e-01
-4.150025783883555808e-01
-8.805918909196580602e-01
-2.355672292584084226e-01
-6.374965104387204651e-01
6.887233645437477181e-01
-1.000000000000000000e+00
-5.061458651088610594e-01
1.000000000000000000e+00
-1.000000000000000000e+00
1.000000000000000000e+00
7.516231754819185928e-01
1.000000000000000000e+00
5.401947285588811765e-01
8.567439998177182048e-01
-2.946059727655412352e-01
-4.920489123451274871e-01
-2.376400190660852285e-01
-7.117637994213269481e-01
-1.000000000000000000e+00
6.469236653009100557e-01
5.526059136022077878e-01
3.467868585458222519e-01
5.207646685367411932e-01
-1.000000000000000000e+00
7.990627342233754815e-01
-1.000000000000000000e+00
2.296047785884403059e-01
-7.609226422487204156e-01
9.729964526403105385e-01
-7.119410541065462894e-04
9.876156836628462443e-01
2.755131486594869505e-01
-1.000000000000000000e+00
-1.000000000000000000e+00
6.468041726674761405e-01
-6.449274772840640768e-02
1.000000000000000000e+00
-2.552067878132020518e-01
-1.000000000000000000e+00
-2.617299056703787374e-01
-3.549328482016113062e-01
1.000000000000000000e+00
-1.000000000000000000e+00
-5.109899203755723374e-01
8.196723675219889094e-01
5.650062631101894217e-01
-1.000000000000000000e+00
8.889249818640556633e-01
-1.142396785304171103e-01
1.000000000000000000e+00
4.994009281205680217e-02
-5.928118197637044506e-01
2.921148360951750789e-01
1.744440548526966506e-01
-1.000000000000000000e+00
1.895752184935195483e-02
-1.551283369117628652e-01
9.384266906176446099e-01
-1.000000000000000000e+00
-1.000000000000000000e+00
5.652931868258873616e-01
2.641812617765445514e-01
8.721828483285917200e-01
1.000000000000000000e+00
1.000000000000000000e+00
-1.000000000000000000e+00
1.000000000000000000e+00
3.058665959822070013e-01
-1.000000000000000000e+00
8.884272976260139121e-01
-9.727778503423115675e-01
9.370264561906308520e-01
1.000000000000000000e+00
-1.000000000000000000e+00
2.166825573107517833e-01
-4.383435667016203352e-01
-1.000000000000000000e+00
-5.757112665844977828e-01
-1.000000000000000000e+00
-1.000000000000000000e+00
9.086301969573943316e-01
4.813559848693094168e-02
1.000000000000000000e+00
-7.309771369969726429e-01
1.000000000000000000e+00
-3.686025312047322977e-01
-2.190875694858728240e-01
6.069883358091247016e-01
3.636077246875647484e-01
9.321088191411037727e-01
-9.909249413334846324e-01
5.214899915334714198e-01
1.594788379130177569e-01
4.539342099704966049e-01
-1.000000000000000000e+00
7.688083125138251983e-01
5.789961809389854164e-02
1.000000000000000000e+00
1.645046959969733158e-01
5.924057731251000658e-02
1.000000000000000000e+00
-9.626738180224945207e-01
6.810902224401792493e-01
-1.000000000000000000e+00
9.839407950670568948e-01
-1.000000000000000000e+00
-1.000000000000000000e+00
3.484610435555894892e-01
-1.414086726708877473e-01
-9.523700195914862610e-01
-2.299723883720707907e-01
-1.000000000000000000e+00
1.000000000000000000e+00
4.753703800640290411e-01
-2.942414501688792594e-01
1.000000000000000000e+00
