4.187722763810758919e-01
-1.470700742380539050e-01
-5.313926577482485092e-01
-1.341507444744577116e-01
3.245684748737044378e-01
-9.406107873689273369e-02
-1.639335020844435720e-01
3.957681264671421006e-01
3.626786492984192534e-01
-3.973081182160093094e-02
-2.638893286636065372e-02
-5.738868251539784859e-01
2.050750614975100639e-01
-5.781659655167391554e-01
-3.168231309957356134e-01
3.978044129068606938e-01
-5.922104933916723102e-01
4.589466462526746726e-01
-4.580315446735425677e-01
5.214374889002693081e-01
-1.638238776434602362e-01
6.762839845557562235e-01
3.748598123253473746e-01
1.608456415358650859e-01
8.567157174023680710e-01
3.426314206852186239e-01
-1.894705156062181650e-01
2.207033757655569861e-01
9.579173414221315852e-01
-3.484425581087084445e-01
5.871106855556862403e-01
-1.000000000000000000e+00
-6.955052699055702670e-01
4.738506224173657522e-01
4.010547952742178901e-01
-5.277586556416957730e-01
-5.633586024430481398e-02
-5.300561015157334577e-01
5.620716275823676167e-01
-2.672344095719779711e-01
-6.915836283876825030e-02
-4.128534187853177273e-01
-1.999147895527475516e-02
-2.254411485608411314e-01
-8.456093370010945298e-01
6.488593990566778880e-01
2.336052125589020423e-01
-5.173352117539913309e-01
-3.200776764422338383e-01
-6.080179131660959913e-01
-1.792412095494676505e-01
7.540361882057419196e-01
5.920597046111433781e-02
-3.729352370409992345e-01
-3.769309964946501168e-01
-2.320193173939288367e-01
2.089761232199048857e-01
-7.340777544036629632e-01
4.578589109337871665e-01
4.202216788137488335e-01
5.425165703258106875e-01
-5.223283683963406698e-01
-4.390316355248633506e-01
-6.513223497427611530e-03
3.355274582760311430e-01
1.504563119264991922e-01
-8.858898709051278297e-01
5.701697706402628629e-01
3.854610760947582149e-01
1.770932677476080297e-01
7.939084205609177047e-01
2.956439052983426130e-01
1.000000000000000000e+00
-4.708008259468325352e-01
4.412084970736016576e-01
8.424943394407772290e-01
-8.430370821397517589e-02
2.040485199483528800e-01
-5.634177135066611442e-01
2.789232417373271322e-01
-6.949292807028788488e-01
4.811921656105927481e-01
3.068268981837518616e-01
5.648844557647465514e-01
1.089562727751790805e-01
1.980606306896552926e-01
-7.338349368859818922e-01
-2.678433999653752617e-01
7.475793309037023215e-01
7.930532112974097991e-01
7.179739428380933486e-01
-1.337850841024676996e-01
-5.089523484907656492e-01
1.491372231959519068e-01
1.000000000000000000e+00
1.861226182360237735e-01
3.394319922508534093e-01
-2.312419485846348710e-01
2.865885823740695337e-01
2.404965467476760099e-01
4.914556769369183842e-01
2.192787116026143068e-01
2.831632914394943690e-02
9.199293554197968126e-01
2.157101184603152366e-01
9.719878804664143501e-02
-7.518406550101921493e-01
-9.065378289348127172e-01
-3.493494617949681191e-01
-6.533606602013755094e-01
2.109834127612131294e-01
-4.944234985960204165e-01
6.902204810220647913e-01
2.335328679812554431e-01
-7.441018423357679268e-01
-3.294186671032857394e-02
-2.804178688245834716e-01
4.486692101095113294e-01
-1.000000000000000000e+00
1.724327837757864690e-01
9.464452301638357490e-01
-8.983892319004835314e-02
4.944016663525043764e-01
-5.389327447472638255e-01
2.056617058617069838e-01
-6.375479064198442680e-01
-6.930039451045008070e-01
7.285131448246416896e-01
-8.755793939971111550e-01
6.239232027465295705e-01
-8.030136035866815014e-01
2.973205218178681664e-01
-1.633265214320238357e-01
-1.449881442319085056e-01
2.026791467860370732e-01
-4.772082264178212907e-01
-4.536213880731218007e-01
2.199142452639668843e-01
5.534365648599687271e-01
-8.109853450041263345e-01
9.879380895169960208e-01
3.326220457608392023e-02
-2.462562911931245879e-02
-1.887758829270229088e-01
-3.958483741704266201e-01
-1.928778620451638837e-01
-7.478999447299220504e-01
5.747364558427028314e-01
2.309512918672826376e-01
-7.905984931087411960e-01
9.539222560415037133e-01
-2.937240882319319679e-02
-3.387247557122469166e-01
5.115223566725390913e-02
7.441105315098555106e-01
-2.728016418804345422e-01
5.912322462344272722e-01
-2.105154985425611303e-02
1.271664899594683595e-01
3.148754833848206314e-01
6.184969847113443997e-01
-2.230598092783832309e-01
-9.557711884362420918e-01
9.727509452021080305e-01
-7.350048463448525249e-01
4.270892450586383782e-01
-4.303613648115743595e-02
4.573353697490468162e-01
5.997526531389494320e-01
-5.970773014740740070e-01
-7.407396349037720373e-01
1.777314075083543665e-01
-1.674877230116579296e-01
9.400468818406055860e-01
1.791164794175186259e-01
-6.983172109454357512e-01
-6.015835737288308671e-01
4.205759672332672894e-01
6.352087535036107235e-01
9.131004033962289990e-01
1.787739762736662019e-02
9.260251719827365946e-01
-3.032802566344608985e-01
-7.653237275319296762e-01
3.834470032474508461e-01
4.898288537710597801e-01
3.817705648481138914e-01
5.940304643696163456e-02
8.753000607432533942e-01
-5.743494518765283052e-01
-3.365956034876496084e-01
1.415227926899576827e-01
1.621043416223563183e-01
9.325894733930767400e-02
2.993731979964416867e-01
3.537653054158499399e-01
-1.784042585557611971e-01
2.929507018132774809e-01
5.815877231577926132e-02
1.890751357897312024e-01
-7.032172839987138602e-02
-6.557394137322188898e-01
-6.498542308860686401e-01
-7.708464045459856306e-01
-5.254581859120589504e-01
7.232952983004817260e-02
-3.699831530778130428e-02
3.968755650983633032e-01
5.540270689035859952e-01
-1.209667937894348677e-02
-1.247602944801352587e-01
-6.135129359043608455e-01
-6.975974893854708370e-02
-1.229375103505767064e-01
-7.962675672241395497e-02
-4.416124206004379271e-01
-7.276867796474618677e-01
3.288425422492990968e-02
-9.642428109752785303e-01
-5.488627752910387736e-01
-7.057245381358253633e-01
-6.685868329205039151e-01
-8.052661221866137808e-02
8.321598594826722373e-01
-1.414188385910958856e-01
-1.476445317664401014e-01
1.429041059828624061e-01
1.550436244677295961e-02
1.644462810678374298e-01
-1.354687889387666266e-01
-8.856719852463650344e-01
2.943242830978975988e-01
5.267222836546618658e-02
-2.360557865535280742e-01
-4.906671054266117382e-01
3.742319682417921678e-01
5.862950772360744356e-01
4.026475425117882478e-01
8.960771339648873068e-01
-5.845568666330435148e-01
-5.150862255583444904e-01
1.834852583485918620e-02
3.243603148482238074e-01
8.467403563874686956e-01
2.988293314713462157e-01
-4.975883516110878313e-01
-4.297912508179717039e-01
1.046296038817307317e-01
5.752667714475308003e-01
-6.205874355364804362e-01
1.520207292933581089e-01
-1.512147065368718846e-01
-3.647955176746797701e-01
-1.898350406579746297e-01
4.517984679711102292e-01
3.692382844398578445e-01
7.012828334049158174e-01
1.667889710969346073e-01
1.288752153706574366e-01
8.517475679938514288e-01
-9.652980807782746142e-02
-8.981512968634038918e-01
-1.877818309280526177e-01
4.307826940948423361e-02
4.233726305281636515e-01
