-4.824057748532735723e-01
6.192916391353973093e-01
6.941915415201773687e-01
-1.676148108497121925e-02
7.168119845660705369e-01
4.341412401239247432e-02
-6.282448057310526801e-01
1.139262050413014649e-01
9.990420469977271400e-01
8.799713060215942351e-01
8.461270079984807291e-01
-6.976070967051849481e-01
-5.239051919795401080e-01
6.463040938679389669e-01
2.088362453231318305e-01
9.816851390001999356e-01
-5.533803037372099221e-01
-5.830562417363193140e-01
2.259087913872385722e-01
9.758003906924954673e-01
4.867336075148883112e-01
5.345625602372928720e-01
1.987088897409530208e-01
3.910118557111794679e-01
-5.661251623162626492e-03
1.407790458414271417e-01
-5.890735532598335988e-02
-1.000000000000000000e+00
-3.007883829025148614e-01
1.030412449771623690e-01
-2.483605979439522937e-01
-6.765340250223252916e-01
-5.890218371382453799e-02
4.718207406226174183e-01
-4.807446146638879036e-01
7.779369167284246878e-01
8.876714651614328044e-01
-7.789464003259729541e-01
5.365771186881873600e-01
-5.805718940799612371e-01
-9.184524100281719061e-01
-1.890565698464958255e-01
-9.996920818167022160e-01
7.533775328188616616e-01
-5.430481860694890139e-01
1.000000000000000000e+00
6.812138896225311546e-02
-8.481172188266032919e-01
5.918519347613329096e-01
-5.203433988548222811e-01
9.076627678437898528e-01
7.974321274125919512e-01
-9.793782156923517279e-01
-4.083748232542288581e-01
6.175964772838419270e-01
-4.012553104082992594e-01
3.565720881422360100e-01
4.774888430750771073e-01
9.993780650578110158e-01
-5.873219120115205083e-01
6.513034681520765701e-02
4.530949779854129278e-01
3.903193620530850394e-01
7.659760719509616234e-01
-6.219346868527514394e-01
-3.506950496038300780e-01
-3.665096688723887830e-01
6.740125365755218478e-01
6.170648562898356504e-01
1.721268069341677365e-01
9.429919693645708589e-01
-6.049849610955613244e-01
-1.864089815491807856e-01
-1.987687554491128494e-01
-2.445908286956785249e-01
-1.000000000000000000e+00
2.607324983620948333e-01
-8.183412147883507848e-02
6.267636885640989197e-01
-2.221794797228543172e-01
-2.803807070630226148e-02
2.338423933548553213e-01
8.237636391514039369e-01
8.245836942484601195e-01
-1.717044335124626453e-01
-5.204773164119236295e-01
-1.000000000000000000e+00
-6.495792787123915168e-01
-5.678070972010719475e-02
2.668767505755361147e-01
-1.799582837901503862e-01
1.000000000000000000e+00
4.996190817200599765e-01
5.303271247876094607e-01
-2.479138272436854640e-01
-9.926213011973199496e-01
-2.574279497393621580e-03
-6.178295080953702945e-01
6.786181892527803905e-01
5.430978014744558546e-01
-6.064657433633303674e-01
-9.059091568067623168e-01
-9.976680925128711408e-01
-1.235509375089448442e-01
2.881664060972886077e-01
4.448096268836392309e-01
8.756553738608928716e-01
9.819475317130246239e-01
6.079002048481738640e-01
-3.690193099236397933e-01
-8.903991429065631624e-02
-4.230185254393809546e-01
6.819718976460910353e-02
9.809745612549773952e-01
1.008471931762887353e-01
-2.094488976801890667e-01
-2.044234696158259423e-01
-8.107773979644442575e-01
6.085049458119592969e-02
5.525407289340952266e-01
8.772160237604285093e-01
5.883900217663955434e-01
-6.968661289310099094e-02
-1.000000000000000000e+00
9.998248640412393806e-01
1.642687376156535747e-02
-4.483655291938413723e-01
2.861192902118408488e-01
1.867138719561312610e-01
8.568347913682127226e-01
-2.192617098786774632e-01
6.797504355910587437e-01
2.029870730291268022e-01
1.000000000000000000e+00
6.576506758347349102e-01
-9.237647125840507956e-01
-5.591246216766881938e-01
5.111967997252989671e-01
-2.185470907034985089e-01
-1.984583744470632544e-03
9.644568623917848527e-01
2.996635116845662306e-01
-6.462761072861975542e-01
-1.603742118353308210e-01
-7.299240939888808066e-01
-6.793412352162491175e-01
2.621321429876614095e-01
-8.752648019927915524e-01
9.403221482643206453e-02
9.319807216080101819e-02
-5.241406491854867511e-01
-1.059454885359153581e-01
-9.980166167797724919e-01
-1.150531471658340493e-01
-3.827979173202899488e-01
2.291045201556771993e-01
5.425730509815186453e-01
-3.600162149415547796e-01
-7.315893495805491087e-01
-7.235717593090963407e-01
-8.439687426322544095e-01
-8.906440300693757584e-01
3.916493651355545391e-01
-8.579703739492076098e-01
5.487990359306099686e-01
-3.265936002173302488e-01
-1.784232648000611821e-01
-1.000000000000000000e+00
-5.270418788363072649e-01
-7.061595493896036801e-01
-1.290177782286325292e-01
-4.424818232440864141e-01
7.252033227813370342e-01
2.199199900671955088e-01
7.704621976231050828e-01
9.984796730056861858e-01
2.679333846163286514e-01
4.007007549528866508e-01
-8.874448875320802010e-02
5.173466835603069969e-01
3.594691224723607914e-01
-7.391203073391774403e-01
-6.227980228422360653e-01
3.525718942682188883e-01
-1.721786974391374125e-01
3.077206746962218853e-01
3.082966659048941849e-01
-3.354572646861592178e-01
6.881297737890491595e-01
-6.148022818104378340e-01
-9.738976079667902019e-02
4.740589080202944894e-01
7.117717059415805680e-01
8.564934221112812107e-01
-6.605371359653778862e-01
2.167669071830704564e-01
4.326122983338928467e-03
2.951490879993750593e-01
-7.472522559878257420e-01
2.073754712832208760e-02
3.387287642624096096e-01
-4.176220191282627170e-02
8.722704261903801992e-01
5.621408801093455976e-01
-1.846495616736362477e-01
-1.041311954907063186e-01
5.438388140671508442e-01
-5.441575710348289796e-01
3.503826823477513286e-01
6.566797676893516567e-01
1.006591484843800538e-01
5.914483701284536377e-01
1.000000000000000000e+00
-5.609129109954539283e-01
1.394765976060355073e-01
9.614006886533332796e-01
-7.379086488698430868e-01
8.322616334579577835e-01
1.000000000000000000e+00
1.145988413396568928e-01
-1.000000000000000000e+00
-3.066753160882391693e-01
8.759632084040568367e-01
9.389601708271454461e-01
9.759073640786821713e-01
5.909438661260214554e-01
-2.853761880016574826e-01
-3.980258133144593535e-01
5.853988260920264253e-01
8.415077774172186054e-01
-3.189641964032463028e-01
6.336138813946458337e-02
3.408139742894188418e-01
6.037755576711252292e-01
8.514916311556177675e-01
2.930943474290753081e-01
-3.542141888105218017e-01
1.165818927273549188e-01
-6.467176737721432866e-01
-9.239899847687955692e-01
-6.366982610141290466e-02
7.709508365598684021e-01
-9.894247963870937967e-01
3.070214021002460325e-01
4.711061988570989234e-01
-7.939310179480790763e-01
-1.990293764344739647e-01
6.234461235018438074e-01
7.644339256653810422e-01
-7.658139452071548448e-01
-6.454984337082928514e-01
-3.083097070454958732e-01
-5.275032633481760991e-01
1.058214585506205146e-01
8.633898238094025457e-01
-7.824835537762676596e-01
1.009163235033875144e-01
4.609606322122205002e-01
-6.321083898497716902e-01
-1.000000000000000000e+00
-1.466789063118643377e-01
-2.597513701587833013e-01
7.113543808436011140e-02
9.960966807480199359e-01
8.513387261491953129e-02
