3.113367183996440524e-01
1.000000000000000000e+00
8.729269031533026801e-01
-3.977731727843120124e-01
-9.877029569364677020e-01
-1.247127635354464692e-01
1.000000000000000000e+00
4.060118516234315078e-01
-1.806846885323778462e-01
-1.000000000000000000e+00
-1.000000000000000000e+00
1.000000000000000000e+00
-1.000000000000000000e+00
9.621474876452899005e-01
2.808730147413817102e-01
1.000000000000000000e+00
-5.751446048904251818e-01
-1.000000000000000000e+00
-1.000000000000000000e+00
4.655057615308260677e-01
-1.000000000000000000e+00
9.429756431521996163e-02
4.199078980449530984e-01
1.000000000000000000e+00
1.000000000000000000e+00
1.000000000000000000e+00
1.000000000000000000e+00
1.000000000000000000e+00
2.133813443729606352e-01
-1.000000000000000000e+00
1.000000000000000000e+00
6.962695247870913651e-01
-8.860658917875942064e-01
7.486576359323208196e-01
1.000000000000000000e+00
8.340682948812179198e-01
8.698183838575093141e-01
-4.719983772763569618e-01
9.602373332310405463e-01
4.080783500852880330e-02
4.653210689317449078e-01
5.735933113777272885e-01
1.199671214461245639e-01
5.226091560483567822e-01
-1.000000000000000000e+00
7.636293155684824585e-01
-1.000000000000000000e+00
6.498166918400984926e-01
8.630550236225946747e-01
8.000000000000000444e-01
4.203668088320625662e-01
6.348050337412740607e-01
-1.000000000000000000e+00
2.477121325949660502e-01
-5.148069505039623017e-01
8.219102668311477622e-01
7.426676738318788162e-03
2.877186873514248067e-01
1.000000000000000000e+00
6.246180799826329677e-01
8.783644537718823253e-01
1.000000000000000000e+00
-2.595918412996187086e-01
-1.005048872402869442e-01
-5.080765415902771531e-01
1.000000000000000000e+00
-1.000000000000000000e+00
1.000000000000000000e+00
1.000000000000000000e+00
1.000000000000000000e+00
1.000000000000000000e+00
7.532764292560099051e-01
1.000000000000000000e+00
1.000000000000000000e+00
1.000000000000000000e+00
8.191834255777630247e-03
1.000000000000000000e+00
1.000000000000000000e+00
1.000000000000000000e+00
1.000000000000000000e+00
-3.820993313982402051e-01
3.387286389597258807e-01
1.000000000000000000e+00
7.563241147764456773e-01
-1.000000000000000000e+00
5.989044978208307723e-02
-4.841184094613122380e-01
5.593395541240999691e-01
6.072901183430097216e-01
4.247073415051650924e-01
-9.736198444023754783e-01
1.000000000000000000e+00
-7.234884296865666808e-01
-6.444648820214879947e-01
2.551601157161562661e-01
-5.750108916483773758e-01
-1.000000000000000000e+00
-8.029533491141440660e-01
2.711033809100213965e-01
1.000000000000000000e+00
6.587003226932686140e-01
-4.174422454555315465e-02
1.000000000000000000e+00
-6.449162676642625769e-01
8.666107740192030562e-01
2.860280203984419956e-01
1.035199814463507173e-01
1.000000000000000000e+00
-8.982162284634198635e-01
-8.947241279545852244e-01
3.352305266560556829e-02
-1.000000000000000000e+00
1.000000000000000000e+00
1.000000000000000000e+00
-1.000000000000000000e+00
-3.447215219506161166e-01
-7.352906326784249824e-01
9.400737225177862033e-01
1.654383000471413012e-01
6.685240419790198230e-01
1.424754396924055033e-02
5.258882963457630622e-01
-1.607624072679911253e-01
7.174924622021916498e-01
6.803853882298698252e-01
-1.000000000000000000e+00
1.262920248681090318e-01
-5.744435915881409560e-01
-1.000000000000000000e+00
-7.041559625144909740e-01
1.000000000000000000e+00
-1.000000000000000000e+00
1.640879932245438155e-01
7.528986621859360406e-01
-2.186609145534138543e-01
1.000000000000000000e+00
-1.000000000000000000e+00
3.136157571302033986e-02
8.564450578666142899e-01
-2.643340683516850476e-01
-1.000000000000000000e+00
4.447353369740689732e-01
1.000000000000000000e+00
-7.034300571355789344e-04
-1.000000000000000000e+00
1.894952180002955067e-01
1.000000000000000000e+00
1.000000000000000000e+00
-1.000000000000000000e+00
1.000000000000000000e+00
-1.000000000000000000e+00
-6.626436532863383411e-01
-1.000000000000000000e+00
8.880202697570160897e-02
-1.000000000000000000e+00
-1.000000000000000000e+00
-1.000000000000000000e+00
1.000000000000000000e+00
9.377245146865231806e-01
3.395196419346457883e-01
1.000000000000000000e+00
-9.613246868985481086e-02
1.000000000000000000e+00
-4.369619921360097248e-01
-2.012065197730430466e-01
2.023260175273841610e-02
-5.528603463401482454e-01
8.522318645714692664e-01
8.076376950630637097e-02
1.000000000000000000e+00
9.583512383405772272e-01
1.000000000000000000e+00
1.000000000000000000e+00
1.000000000000000000e+00
1.000000000000000000e+00
2.660226159833352089e-01
-7.165773373206592023e-01
9.518533999862813788e-01
-1.000000000000000000e+00
-1.000000000000000000e+00
-7.013771984551619987e-01
4.210160867277856767e-02
-2.406396416796467985e-01
-6.822124636787623153e-01
1.000000000000000000e+00
8.131853682918500636e-01
-1.000000000000000000e+00
-6.384266947424219740e-01
-1.504738456822753423e-01
-5.917218638331803726e-01
-1.000000000000000000e+00
-1.000000000000000000e+00
-3.157721606789922753e-01
1.000000000000000000e+00
-8.355800213917894403e-01
-1.000000000000000000e+00
-1.000000000000000000e+00
-6.360117377672265260e-01
1.000000000000000000e+00
-1.000000000000000000e+00
4.041182002097979953e-01
4.324580168340137476e-01
8.292907475459900812e-01
1.000000000000000000e+00
-4.617289248667682533e-01
-1.000000000000000000e+00
1.000000000000000000e+00
5.360960511836186937e-01
1.000000000000000000e+00
1.000000000000000000e+00
5.496412660484834012e-02
3.903546665847477115e-01
1.000000000000000000e+00
7.661225148159601650e-01
1.000000000000000000e+00
-9.461192243515383904e-01
2.733013718592489094e-01
-3.634623979640103641e-01
8.380170489747346130e-01
-2.553053360964860352e-02
-6.291942883593493185e-02
8.000000000000000444e-01
2.535658771298944236e-01
-1.000000000000000000e+00
-1.000000000000000000e+00
-2.368976285542782056e-01
1.000000000000000000e+00
4.231470842275637523e-01
1.000000000000000000e+00
-1.000000000000000000e+00
7.229255443636923850e-01
-1.000000000000000000e+00
6.579478821944505507e-01
7.423977132288637204e-01
-1.650707399275905818e-01
4.325780119388882294e-01
-1.000000000000000000e+00
-8.903569240524599193e-01
-1.000000000000000000e+00
1.000000000000000000e+00
5.149237497224721238e-01
1.000000000000000000e+00
-3.565339464777016465e-01
5.843646119413716811e-01
9.156752799174050494e-03
4.037270947020137335e-01
1.000000000000000000e+00
-1.221871386892069422e-01
2.863406805733925697e-01
6.168622246282722266e-01
-2.148291072918673272e-01
1.000000000000000000e+00
1.170743573007672622e-01
-6.377270494652544919e-01
1.000000000000000000e+00
-1.000000000000000000e+00
1.000000000000000000e+00
1.000000000000000000e+00
6.338147483958939121e-01
4.896330885358766150e-01
1.000000000000000000e+00
-6.232974423300405853e-01
-2.490313654987164060e-01
-1.000000000000000000e+00
-7.099450595983221035e-01
