4.332628051987100909e-02
4.042550267457626911e-01
9.978645859524036821e-01
3.333055374866702447e-01
6.535014991700414111e-01
7.395703300742710873e-01
8.837263914855888469e-01
-8.726929631296407308e-01
-4.620498127270162292e-01
-8.968941112726187548e-01
-3.214357553803351419e-01
-9.251411425632768415e-01
-6.185631981454274841e-01
6.582512003127585221e-01
5.033734352961476421e-01
-1.000000000000000000e+00
-1.000000000000000000e+00
-6.230712962479953987e-01
9.799121827693340059e-01
-3.814163125360193196e-01
6.720925705086149282e-01
-1.000000000000000000e+00
9.065256611906662154e-02
5.622612146873949834e-01
2.545190177435926460e-01
2.849590015745976368e-01
7.164522721258079763e-01
1.000000000000000000e+00
-9.802152289505533522e-01
-1.000000000000000000e+00
9.348227616762427861e-01
9.383593787482179538e-01
-6.212638266255852137e-01
-8.518460707168988844e-01
1.011251247111899509e-02
-1.000000000000000000e+00
-1.960237455911831017e-01
-8.315425151986121088e-01
8.558652011679340754e-01
-7.139191678485248271e-01
5.902969810999454392e-01
-1.000000000000000000e+00
-9.909490375912746174e-01
9.389725043420981132e-01
7.219261546954412745e-02
4.427964204406158455e-01
-9.957561574758703182e-01
-9.365169192706624957e-01
-6.357829558909704470e-01
-2.394170944280648583e-01
-2.526061844916054344e-01
8.260613973252306508e-01
7.592322741724009116e-01
1.000000000000000000e+00
8.707565524851752503e-01
-7.600708908207535197e-01
6.065241641654174343e-01
-6.043480959663900809e-02
-8.911527559813486876e-01
-9.176193339743206057e-01
4.852596920502044026e-02
5.473566401771703394e-01
-4.693206925924243156e-01
1.000000000000000000e+00
-9.851022291037111467e-01
-1.460643836800539497e-01
8.216075629857141349e-01
-8.142380120679321154e-01
5.457996591861717928e-01
9.145827542860957005e-01
9.557664787773009207e-01
2.536460811867058407e-01
-9.790997603335678257e-01
3.842363297580057013e-01
-1.000000000000000000e+00
-7.337330030029740602e-01
-3.747580795285809230e-01
-9.680605260767897180e-01
1.770602211711854446e-01
3.832870100110884470e-01
-9.999955742066433118e-01
-1.000000000000000000e+00
9.368754368486540418e-01
9.342861586012991548e-01
-1.000000000000000000e+00
-1.000000000000000000e+00
8.856754194821080395e-01
2.117152366449722711e-01
9.248944397017879737e-01
-8.393759907315674340e-01
4.267736100985931869e-02
-9.459820668980714053e-01
8.089131052125800858e-01
6.027233172133419359e-01
-1.000000000000000000e+00
1.000000000000000000e+00
5.126585334555915363e-01
7.031482412115241942e-01
1.230372645071508703e-01
-9.619778246327596039e-01
-9.986211031270695315e-01
-5.314281997566092097e-02
1.000000000000000000e+00
-2.822544005421469548e-01
9.806620503835861147e-01
-9.984965886896945975e-01
9.778214354616825421e-01
8.689053790036608271e-01
6.211272445817603294e-02
-1.000000000000000000e+00
-9.989890347608159082e-01
9.780944787461447465e-01
8.320511999561754912e-01
-9.894517345552296117e-01
3.869309968565443070e-01
-6.319063165264798831e-01
-9.822521448052747850e-01
-4.632644352502137686e-01
-5.503153646021525791e-01
-7.947082357493751026e-01
7.424740778169561795e-01
-3.557926112096544968e-01
9.514008208745909911e-01
-7.749827152275367004e-01
2.817405139233560840e-01
-7.288710741159163398e-01
3.978225381096208574e-02
1.000000000000000000e+00
9.986254187852762199e-01
-3.475182810476133421e-01
-8.560276467632235153e-01
-2.826038170634017077e-01
-6.139192115062830357e-01
8.600305291325870405e-01
9.673559413419507980e-01
-2.420173348547355885e-01
9.991507643187205190e-01
-2.482116673230571474e-02
-6.521231300495662353e-01
8.098962776228531002e-01
-2.018864403598514268e-01
8.645682725097225685e-01
-6.335200653406307669e-01
9.467112018319663314e-01
-4.540045387962602930e-01
1.000000000000000000e+00
1.000000000000000000e+00
1.521912886722890101e-01
1.000000000000000000e+00
9.557657195474545953e-01
-1.787257915569375188e-01
9.744529192360290581e-01
-6.037461511226364097e-01
8.900324831048557206e-01
-7.581298871922416138e-01
6.277293781851409071e-02
-9.355364458704110708e-01
3.172219310725511443e-01
-5.083721074311253751e-01
8.019659450593589201e-01
-9.983335284955090483e-01
-3.287055576375285670e-01
-9.764659349286562984e-01
-6.698649898254159796e-01
-6.731575709180757094e-01
-7.881270214071023350e-01
5.056612032105690935e-02
8.213551514772825524e-01
4.797857390011496803e-01
-9.981124801132791324e-01
9.987593957839698833e-01
-7.244354769428970053e-01
-9.741417640536339517e-01
-1.000000000000000000e+00
8.849280399151161491e-01
8.914638214312726738e-01
9.817275897445608690e-01
7.256086179616225706e-01
-1.000000000000000000e+00
-9.066567069386697320e-01
-5.794673204435905056e-01
5.590837357910974914e-01
2.568672944676075320e-01
4.379586035111878717e-01
-8.596065452439429766e-01
-8.023617861134920703e-01
9.963432028782637229e-01
9.287099009393371407e-01
-6.663735223358655535e-01
5.754759684756993732e-01
-9.151659665957325718e-01
-5.475156403427224872e-01
-8.600425781817918613e-01
4.745238537026886250e-01
-9.433156200891874565e-01
-9.241615429309592011e-01
8.571027065358111097e-01
-9.997005590772477523e-01
9.286565370894483973e-01
-8.903833580412950921e-01
-5.096868710376504241e-01
1.568602198817521942e-01
9.448402979891359355e-01
-8.978049176317216551e-01
8.214223035370004089e-01
-9.253762855940981247e-01
-9.715037879283922040e-01
-5.645897002801886222e-01
-3.846025002013097605e-01
1.000000000000000000e+00
-3.321241812700371221e-01
4.397870314262257718e-01
8.886106445177650581e-01
8.028797165709520289e-01
-8.469725497870990161e-01
9.959134494211627775e-01
-1.136334379419035867e-01
-2.729243282191201603e-01
-6.662640820833705124e-01
-5.687088137295228663e-01
1.000000000000000000e+00
5.408777370372720439e-01
-5.611479181071519218e-01
-9.346173982541149394e-01
-1.161022932550810349e-01
7.819029452806545155e-01
-7.949147458257179721e-01
1.000000000000000000e+00
-7.637823015182676478e-02
-5.407702911162669546e-01
-9.870115616285818350e-01
1.000000000000000000e+00
-4.582251238482181188e-01
9.482301411893154786e-01
5.389623679644915955e-01
8.606260252530638644e-01
3.182687911804329972e-01
9.996524607043767441e-01
6.192633645432765732e-01
1.376495553607970102e-01
1.941069786454836521e-01
5.498742822521281992e-01
1.000000000000000000e+00
-1.000000000000000000e+00
8.249373530699989354e-01
-9.173141648421002659e-01
-7.291205637908421133e-01
-1.000000000000000000e+00
-4.036264245496752334e-01
1.000000000000000000e+00
-8.834597191525813686e-01
-1.000000000000000000e+00
2.551238742749082494e-02
9.999639297802188631e-01
-9.516510376573926733e-01
-7.847553402728807068e-03
-7.303573219823326079e-01
1.000000000000000000e+00
4.895252278787420308e-01
5.253698148915119104e-01
9.986831036384367088e-01
1.000000000000000000e+00
7.225691676407884900e-01
-7.901666620971140587e-01
5.454013212383808096e-01
