-9.084248900071146826e-01
8.844236447622222386e-03
1.315285184587957484e-02
-6.118328328200942079e-02
-2.408902966759651765e-01
8.289713984612989695e-01
5.646677649722879888e-01
-8.039619103934165789e-01
-8.742925636292369074e-01
-2.338200109505797764e-01
-4.846100002626945180e-01
-9.931661221275431273e-02
6.394145844508012377e-01
4.581181167681994126e-02
5.516100619143227135e-01
2.091942782431677542e-02
1.476458407911194481e-01
-4.321231035498726558e-01
6.075023090187586794e-01
1.253415820067600439e-01
-6.039912367066537779e-01
-3.112965579010154027e-01
-7.718680171984774185e-01
-6.866450634527396790e-01
-1.583678845951280723e-01
-8.312771575197278051e-02
-6.706520765279316842e-01
-6.274499876887721372e-01
-9.174380159570283411e-02
6.371484490450602944e-01
1.343924030223330734e-01
4.818857094119007312e-01
2.789015451200369533e-01
8.221115061005843105e-02
-5.930825636774785803e-01
7.325547778394997378e-01
-4.617066083517238351e-01
-6.202741845050292468e-01
9.575405438918804801e-01
-7.380976173268927187e-01
-4.597940361818772526e-01
-5.368965693271254835e-01
-1.000000000000000000e+00
-1.000000000000000000e+00
-1.000000000000000000e+00
7.770735421623252426e-02
-8.679614995301661307e-02
-4.159353898929379900e-02
3.533303726544528844e-01
9.757504287098649476e-01
-4.440945170316249468e-01
1.000000000000000000e+00
9.112063319030975217e-01
-3.200310413165087797e-01
-6.503531688208014083e-01
-1.058513798137372952e-01
-1.418944011474549405e-01
-3.144972252792183620e-01
-4.358315020519510363e-01
-4.090758237878539538e-01
3.126592368106773656e-01
4.367411633520414949e-01
8.158815946938904329e-01
-1.734145319012127817e-01
3.239488781304574738e-01
-7.567331108046293497e-01
-1.966650228615644536e-01
-6.583276988091701920e-01
1.422020141053297881e-01
4.432919644873934417e-01
9.777695988435572971e-01
7.192428528040065716e-01
6.238900273556959863e-01
-1.025833587706115463e-01
-3.178509762645431724e-01
8.185116283399563875e-01
7.769543475165891291e-03
4.123197565716942015e-02
2.736757810234338173e-01
-5.550801626600683214e-01
8.012388264520017289e-01
-5.250472394007097421e-01
1.300156011849455118e-01
8.560173212231254603e-01
-9.741659091700874962e-01
3.824504883257138776e-01
-6.701239828307298252e-01
-2.874645157741853585e-01
7.426077915029283272e-01
-1.000000000000000000e+00
-4.413206906300893850e-01
-1.742342333996411419e-01
8.422472342593515515e-01
3.839744084998203411e-01
9.440955006635889935e-02
2.646278106471536967e-02
-8.532396368805340581e-01
-7.254583943523852385e-01
7.947118717877496574e-04
-9.056800288111670483e-01
8.809224654602361149e-01
-6.431912962072821038e-01
-1.232208931206380809e-01
3.983994710143465290e-01
7.974814117286469495e-01
-6.006437442147052885e-02
-5.368063322690019845e-01
2.217827082651864512e-01
5.100072658486768384e-01
1.857998144583812017e-01
5.041025100677766213e-01
8.192752555891313904e-01
1.929781254283736147e-01
-9.620858211413488847e-01
5.948873429967322934e-01
-4.715261486369632937e-01
-6.002482360460951183e-01
-5.218604461749823953e-01
-2.035753294740111907e-01
-9.838455045783122133e-01
5.725023535652686846e-01
1.000000000000000000e+00
8.509321077472536965e-01
-6.409675891748871646e-01
3.481930735822976186e-01
3.499965699722377144e-01
5.818831661542622768e-01
1.305275062848653689e-01
2.008883630233185003e-01
6.493341855616370228e-01
1.000000000000000000e+00
-6.245698709538105575e-01
4.205677476979425289e-01
5.296386161770204604e-01
3.859268701319510525e-02
-9.417604066364939630e-01
-1.000000000000000000e+00
5.946714909647828895e-01
9.963136848918524580e-01
6.681699800390825672e-01
-8.975453604465694069e-01
-6.299432407623981600e-01
7.880243939089618399e-01
-3.938149078052152752e-01
-3.999023467210509608e-01
9.479625101120585651e-01
2.687614506958609928e-01
2.063485037619351981e-01
4.416121212075781455e-01
-2.757229700677042428e-01
8.512437889710326999e-01
-1.000000000000000000e+00
-1.892020924474459853e-01
7.419288077379050383e-01
4.363267448914226465e-01
-9.449871033086320038e-01
1.892076315151337007e-01
-4.961682145417227185e-01
3.189280081937774236e-01
-5.040925752299111329e-01
2.507596147962546373e-01
3.140730544595012885e-01
-1.978367678346072966e-01
9.860629620638676762e-01
8.776889190126040408e-01
-7.784457713705863480e-01
-8.514878038632687218e-01
-1.186103747265219444e-01
3.156802277496293940e-01
3.211140501813653514e-01
3.109684790180959613e-02
-1.111956195005643216e-01
6.385588735426440954e-02
4.523367395329082608e-01
-9.746051886195106206e-01
9.991393046676505518e-01
8.348078803375603707e-01
8.238743968752502145e-01
8.699567231542763013e-01
-7.546194481893424566e-01
-1.316632980005618681e-01
5.690022283599668329e-01
-1.000000000000000000e+00
7.856931614455975321e-01
9.929140569131731375e-01
-7.136181375366507096e-02
-3.663824643968867090e-01
-4.833991297138304777e-01
2.812376428019592312e-01
-5.077482125805581337e-01
-3.721441618878550406e-01
-1.000000000000000000e+00
9.749496178224013043e-01
3.151203197196235095e-01
-9.709291713342096397e-01
-1.809453349362169228e-01
-2.672054350132033185e-01
5.622764874279120167e-02
9.951774923036698084e-01
-8.388905281723417762e-01
5.183533912249521647e-01
2.908938488047193571e-01
-4.539384246420717917e-01
3.995716991663413320e-01
4.030459629338555838e-01
2.391778794761023064e-01
7.248727345969327995e-01
-9.347509947541514652e-01
5.220698094865083849e-03
5.486997112032627744e-01
-8.055403731488214314e-01
-9.767574910282051937e-01
-4.967850132502542593e-01
-8.737766221665344002e-02
-8.822764919733311340e-01
-1.000000000000000000e+00
9.365439541845990146e-01
-6.092545340635705658e-02
6.155435546968015537e-01
2.367112941455367103e-01
4.898472543143472802e-01
-3.533759383928694597e-01
-1.658408246033092059e-01
-4.661449899981147116e-01
-9.246956203251145423e-01
2.334453021265018302e-01
1.375978134933028008e-01
1.000000000000000000e+00
-3.833866394536653566e-01
5.294847021262003017e-02
3.126358882519160720e-01
-9.171834980481194943e-01
1.000000000000000000e+00
9.102683210340262177e-01
4.059021802456173056e-01
5.833685845475578002e-01
9.952060393917757652e-01
9.964684601743457604e-01
-7.585525588145368703e-01
-3.442404865199000241e-01
-8.702986288581334717e-01
-1.775851759881957315e-01
3.817747284102826141e-03
-8.449706909012068279e-02
-8.505365944778593701e-02
9.962321509821833176e-01
-3.421555749451363204e-02
-8.379498706451051770e-01
-3.200489527892698416e-02
-5.282200622288582004e-01
-1.185724597310640754e-01
-2.063382959222022639e-01
-8.179860775435745524e-01
-1.677485702235589071e-01
-9.260426457042436610e-01
-6.744070901241041582e-01
8.558614860926221368e-01
9.292601750413719275e-01
7.909205513265625820e-01
9.633224022513260376e-01
-9.941995375691694559e-01
-9.989059079208182368e-01
-9.280097001728471184e-01
-9.997048041831644305e-01
-6.396780008731882683e-01
