2.811502990229949872e-01
-1.774769222904429844e-01
5.621350403746561142e-01
-1.856060273512753420e-02
-2.145066474234648968e-01
6.373000417967467079e-01
3.416935850996523083e-01
-1.782212072938083036e-02
1.685716941549043058e-01
4.726943051825379105e-01
9.131517382180638631e-02
-2.517967211768179503e-02
1.668500822072159218e-01
4.743610620996722982e-02
5.987482201351610467e-01
5.541693241146871118e-01
-1.687716863942786139e-01
5.335021992150836001e-03
-1.215261535969610895e-01
-2.494333678805542298e-01
-7.438251960370884097e-01
-6.841542373518674225e-01
7.208620904378720828e-01
-1.153643131868010707e-01
5.961792175435076668e-01
8.729637117269616331e-01
-4.244226132088187442e-01
-4.668769979248249546e-02
3.117801760210726081e-01
4.265780693893596598e-01
-1.221404256468794913e-01
3.780644113224256031e-02
-1.124989366744897079e-01
-2.363344952465212812e-02
4.109558490754810500e-01
-6.208072922764815704e-01
-1.833213017987687377e-01
6.703622961588699969e-01
1.722453929324244126e-01
3.541064717209746471e-01
-1.364575407589467826e-01
5.740062083134899185e-01
1.270934193557976544e-01
-6.980889500625259148e-01
-1.059789864390611180e-01
1.772777873481096167e-01
-1.242690519029729518e-01
3.257650164790796277e-01
4.064901277516128064e-01
3.330849708163089451e-01
6.755952583104505305e-01
5.845609376762006884e-03
1.925507390864049095e-01
6.759343274668031532e-01
-4.489124001217656423e-01
1.132655786933313702e-01
2.736620533046612569e-01
3.859711409368497548e-01
-6.500330137566676658e-01
1.847855763713708854e-01
2.031172898669360571e-01
-5.122719604989836584e-02
2.945366544538286502e-01
4.058773562194543105e-01
3.334749868154132657e-02
5.010526488399253964e-01
-6.883581077829614703e-01
-1.874857968487377846e-01
2.095722950546017316e-01
4.435361548625500472e-01
-1.089013400198337311e-01
-6.295839324155533268e-01
-1.112828912808205839e-02
6.994263799770410461e-01
-4.166215194130254429e-01
2.365716279169812475e-01
4.942162551248325264e-01
5.350816582743742611e-01
2.338404779719061577e-01
2.623632324936150950e-02
-4.138013747967915212e-01
-4.659919743951579374e-01
-3.597118525468738781e-01
1.699703171286055525e-01
-2.885596741388327113e-02
2.701731191365708828e-01
6.451435742466803402e-01
3.338360558411324064e-01
-6.785106350062135583e-01
-7.000823348531995949e-01
-2.244851165684525474e-01
-1.818388201437487195e-01
-1.736075631896001961e-02
-4.493000425322735136e-01
-5.155411218259480233e-01
-6.970564508748886001e-02
6.785522472652181225e-01
-8.159699899095131104e-03
4.668751662583149331e-01
-3.614856800924118874e-01
-1.395897954698601118e-01
-5.029978352360138238e-01
-5.518986229579454506e-01
5.538509436404775998e-01
3.391758903729694685e-01
-2.929476348517278117e-01
2.611746637030838425e-01
2.547547004358681755e-01
7.122503704156409876e-01
-5.788302726619673488e-02
-2.228675659489245675e-01
-5.318596678275875345e-01
-4.071506636202699703e-01
9.377444791848935784e-03
-1.132426031468299898e-01
5.067455488747503178e-01
-6.790477284437612671e-02
-2.340640850981362819e-01
1.086159680168116010e-01
-2.321900876006730008e-01
-3.501068305913576650e-01
4.374900221062421601e-01
5.087149886666699761e-01
-5.426438406988345342e-01
2.558418904076604772e-01
-7.929589726156277552e-02
3.295912404238311999e-01
8.517793152526291767e-01
-2.191994929714577711e-01
4.239141271959093737e-01
-4.632442136550296019e-01
1.610248430070908843e-01
-5.473901683383197714e-01
-6.143765889320218498e-01
5.358565793057692428e-01
-8.489207466943713420e-01
-6.045601070196073845e-01
5.048776901755795965e-01
2.737432699644161138e-01
-5.585465959123453450e-01
-7.129308750719310916e-01
-3.721699405638538849e-01
-3.602779489612094321e-03
5.722664870526371628e-01
6.693831936691534423e-01
-5.633495842887812355e-01
1.759103389292402120e-01
-7.088211561514209391e-01
2.394494168500954367e-01
-4.527094111737695603e-01
5.924377533928721906e-01
-4.857095077502572855e-01
1.587378180358647028e-01
4.426986392101975865e-01
-6.187162832074014629e-01
-1.259716250122937531e-01
5.161020264031288551e-01
1.885474373374264601e-01
-6.608159128949467886e-01
-2.674242265998373891e-01
-5.659002693916784232e-02
-3.775665186648791138e-01
-5.833641757330441102e-01
-2.325004212628042632e-01
-5.515561991190238711e-01
3.823297187690335441e-01
-2.164529049577993969e-01
5.449559407181987503e-01
1.781798646521577378e-01
-8.527138766321807894e-01
4.981594232812538436e-01
5.339154011294731106e-01
3.965167729426160581e-01
-3.415424224872462000e-01
2.553371494092562810e-02
-7.205370340569910992e-02
2.759681100503045825e-01
4.457231538017280004e-01
-6.212621550942467596e-01
-1.591038801518449008e-02
-3.542787038621454387e-01
1.392702628662136899e-01
-2.086261819499593828e-01
1.520764335252529353e-02
-6.106387096402311476e-01
1.068599871159674891e-02
-6.364507752642247773e-01
6.574478296253236098e-02
2.295412882695117840e-01
1.922750795246617461e-01
-5.458322080637291185e-01
3.544676714884076318e-01
7.152181282375263960e-01
4.770892598052310918e-01
-2.574813365199460011e-02
5.629898533989629028e-01
8.337532011317931868e-01
1.353884591402643722e-01
3.211197245563302549e-01
-3.600750472561791704e-01
1.838809219880873924e-01
1.553438553292769697e-01
3.222139973594148055e-01
1.572238926109572887e-01
5.020355511609589372e-02
-7.684752011714203190e-01
-7.276781469341925268e-02
6.221125035898444899e-03
-2.238110583283977051e-01
-6.467203271182080382e-01
6.208479748867302278e-02
6.171303195494436400e-01
4.998637330989684768e-01
6.115716837247298088e-01
3.665502081765974196e-02
1.473368957102072496e-02
-5.806318539576428295e-01
7.038758007571197517e-01
-3.714270751403668802e-01
6.997602833249452203e-01
-2.873254148348561854e-01
-5.831901656858055061e-01
-1.355106152326303673e-02
-7.824624515138955960e-01
3.137797883590743853e-01
-4.196217606777786768e-01
-3.268728420056860595e-01
-3.070901670877418388e-01
-7.194196222658488793e-02
-3.453936645818166951e-01
-3.228759086983995497e-01
1.994110422418121642e-02
-3.915556230495786383e-01
-4.959406342821749969e-01
-6.935180564240452927e-01
-4.302098214379994068e-01
-7.156570942139216518e-01
-2.515531091209445569e-02
6.384355196836730695e-01
-1.891986755696558054e-01
-3.869492955247084698e-01
-1.116735466810975519e-01
-4.396827565544066396e-01
-6.784917511080712504e-01
-3.438310503529838635e-02
6.571084844367667266e-01
3.225996134593990261e-01
-2.208580365197877760e-02
4.796436603184828229e-01
-4.048097229342463299e-01
3.416932216836272018e-01
5.256550091398504154e-02
-2.285422677652223719e-02
2.403823954225892678e-01
-2.299622327744933192e-01
-1.067060877741599634e-01
-4.821398191412953338e-01
2.191560715325476527e-01
6.595848499386491870e-01
2.352670060088374315e-01
2.401685202769676952e-01
3.406770462661622423e-01
5.432227019913261623e-01
-2.309369767699007703e-01
-4.782995116629551458e-01
