-5.647984002496434508e-01
3.807565141495877770e-01
8.330982896076000177e-01
-1.000000000000000000e+00
-8.735463653983910337e-01
3.464920981293354574e-01
-7.356756252995608758e-01
1.674322624477440069e-01
-2.384299379845271627e-01
3.151713010426350214e-01
1.000000000000000000e+00
8.443669564353836199e-01
-1.000000000000000000e+00
8.395166775480731314e-01
-9.094280823910428913e-01
-1.263725216674108087e-01
4.556583610202247225e-01
-7.551175543388616296e-01
1.542426687964688625e-01
4.857446731077731672e-02
2.328939528193462172e-01
-7.292227405625257841e-01
5.185795520234504075e-01
-6.923031048319749914e-02
4.481181100752583135e-01
6.368004301313650029e-01
5.605248954282786578e-01
3.859932587970699852e-02
7.528940944531438140e-01
3.033150010418138587e-01
-9.424367574000096504e-01
-6.478241025504129225e-02
7.168166485613218786e-01
5.820111255806306172e-01
-7.715729727200457688e-01
7.224068653745925328e-01
5.315699139775194038e-01
2.066243561045802424e-01
5.689085116037460033e-01
9.208932691704890816e-01
3.560672727135721360e-01
4.869315633585422631e-01
-4.059091398880863566e-01
-2.167103272451300633e-01
1.000000000000000000e+00
-1.537371919043786228e-01
-6.054629665665185456e-01
-6.232551783809409107e-01
8.639424471837535424e-02
-2.405124235206724387e-02
5.080293484404379001e-01
-1.000000000000000000e+00
1.411595939532704902e-01
-1.000000000000000000e+00
5.747672026242403032e-01
-7.150616561866908194e-01
6.583845377798550613e-01
-4.847679785538284714e-01
-7.112653001121511664e-01
8.160673383960674598e-02
1.000000000000000000e+00
-4.037494694603549483e-01
1.637895116958096309e-01
4.410384932690946114e-01
8.155585635172539760e-01
-6.541841535114419903e-01
1.000000000000000000e+00
-1.263536704278153122e-01
-8.691347782541678502e-01
4.272061318927629359e-02
-2.806362722023969525e-01
3.835847391079218460e-01
9.058586204350445037e-01
3.882110330611707183e-01
-5.200067040595768297e-01
-3.642415604634224313e-01
7.708692898618106915e-01
-6.676225660404285778e-01
1.823409441740781456e-01
-4.673822746041318421e-01
-1.162277517196801946e-01
-9.011743844403243830e-01
-8.161722354182918693e-01
1.910080735826542586e-01
-7.433128642656780527e-02
5.187739747417147163e-01
-2.923321092173736258e-01
-3.362936904516694581e-02
-5.634316156416053351e-02
-6.705501866874818973e-01
2.492989490567111555e-01
-1.000000000000000000e+00
3.008843436537393945e-01
-7.030737740463568475e-01
3.971062499053485961e-01
1.884595457491931025e-01
1.129481266662325512e-01
1.000000000000000000e+00
-5.895770374637170352e-01
3.022021833877640562e-01
-3.556270610730542514e-01
-5.306717762498434077e-01
-2.795819908016979327e-01
3.175203543307322795e-01
-1.785989118792437047e-01
4.474945543078814314e-01
-7.138462300786000414e-01
-7.245671942388594022e-01
2.906268183887764089e-01
5.911843233127135333e-01
4.440229976566457126e-01
-4.593728212656003063e-01
3.168596897522157896e-01
-3.811679215136155041e-01
7.667334817626658694e-01
-1.000000000000000000e+00
-9.144270411717447811e-02
4.257064660878236984e-01
9.306290545209379150e-01
-9.421079338377162937e-01
7.118491365409370664e-01
-7.886780272681779280e-01
4.489982283081400127e-01
1.000000000000000000e+00
2.000216283670845918e-01
-6.069865937513361231e-01
3.972863271807620666e-01
2.847496524857745515e-01
6.836194181517589730e-01
2.712734405051231423e-01
-1.154453133337498827e-01
5.448089690719796208e-01
-3.081983256455587128e-01
1.874089477586607377e-01
-4.031247213069366619e-01
-1.652643579340767888e-02
-8.616095130394229029e-01
-5.725976346870187417e-01
1.000000000000000000e+00
3.706765901022827103e-01
-5.376956929950739150e-01
7.114499864063840162e-01
-1.726146319005298913e-01
2.573842240927128322e-01
6.197345833114921154e-01
2.828223813366468886e-01
-9.712018377233573307e-01
-3.131202920022031488e-01
4.783426739001062633e-01
-8.532565326692211904e-01
-2.897414078788865255e-01
-4.391226957480702797e-01
4.817471357421567735e-01
5.779298090680691224e-01
1.000000000000000000e+00
1.551474906238381468e-01
-9.083384874294797573e-01
3.113119959401161041e-01
-7.518094462081805762e-01
-1.588061724704344646e-01
-1.024001259600894331e-02
-6.426416923069296905e-01
3.302800624825839026e-01
1.991065543684086281e-01
-6.869312537966591747e-02
5.500184908831335928e-01
3.661619279826860973e-02
-1.000000000000000000e+00
7.372653593318851950e-01
1.335749237169177039e-01
-1.944627694088722492e-01
-1.405727294099980984e-01
-9.728649144828220852e-01
3.255186838863409760e-01
9.125575125940910137e-01
7.125432688606880838e-01
-2.354900901349737397e-01
7.046944306316110795e-01
-7.518567319921244385e-01
3.943782674390508558e-01
5.742761240355871433e-01
6.611950134099116028e-01
1.686790929063969602e-01
3.132091948937238968e-01
4.082900531566487357e-01
-1.000000000000000000e+00
-5.393286637156473606e-01
-1.000000000000000000e+00
-9.853874081462489221e-01
-7.811039864863056348e-01
7.695349214631088675e-01
-6.997565252569701855e-01
7.817496431159174364e-01
3.022447397364534938e-01
-1.505844507264742227e-01
-1.903413351538254528e-01
5.313607672541781346e-01
3.774503871425995416e-01
-1.710037855719368782e-01
-8.400769204877612806e-01
-6.237828515665595486e-01
5.858990642202290822e-01
-1.080164308403416817e-01
-3.544447435821356795e-01
-9.642159607948850297e-01
-1.012379351382103471e-01
-5.080694840925840117e-01
9.623505306498320033e-02
9.876415158960004659e-01
3.725494805954026045e-01
-9.034299719920074745e-01
-8.687961196599608416e-01
1.000000000000000000e+00
4.742958549119622447e-01
8.252614371090731815e-01
5.425537787295616754e-01
4.690294002435743126e-01
1.000000000000000000e+00
-4.355405621512122294e-01
-8.404379572726452530e-01
-6.359847094493165098e-01
3.202074878089141707e-01
-4.571924065200207998e-01
5.509169301917488104e-01
7.747278984399320612e-01
-7.503561865298072897e-01
-7.047589942295292564e-01
1.000000000000000000e+00
6.848275208873167985e-01
-7.133981010474533813e-01
2.759376648942253873e-01
6.072591958437434378e-01
7.004675651798659697e-01
1.064468504078346922e-01
7.527407175392684113e-01
-9.409418036268086816e-01
6.627649816814376038e-01
-2.964210472665479434e-01
-1.400280650827954165e-01
-2.502089501866349153e-01
-7.080584571459586085e-01
-9.648983330515715773e-01
-1.000000000000000000e+00
-1.233211467325219662e-01
-3.589967267715388211e-01
-5.962548300719546779e-01
2.925264873298998869e-01
-2.095699967307949052e-01
-2.051400367140919501e-02
6.477001661320561654e-01
4.572212105915451907e-02
-6.558123728426610288e-01
-7.075892530229831445e-01
-2.785983125608372801e-01
2.407368911405403655e-01
6.187348394246854344e-01
2.822990320748623994e-01
-2.318671486653600677e-01
1.000000000000000000e+00
4.239350379960069581e-01
-3.482669978387959997e-01
9.476295363605643507e-01
1.926502810779662234e-01
9.876161180274292128e-01
4.615732779609703629e-01
