3.353213839374222238e-02
8.214537315555352492e-01
-1.630203537083201593e-01
-2.578440214204331116e-01
-3.742841205495898993e-02
-1.877970947148111802e-01
9.601043140581029256e-01
3.160447205271963433e-01
-5.666984438236888355e-01
2.620286238244040611e-02
-5.170885120562385140e-01
-3.844673051475571146e-01
-3.104165829094804874e-01
5.308363547660200910e-01
3.040582999428632083e-01
-3.864170334478289615e-01
9.325690512945816746e-02
1.607185666954760173e-01
-1.478582592293914977e-01
2.243765928510728369e-01
-3.157788971341176087e-01
-9.996183106345904457e-02
1.006276125730863336e-01
4.123291903768734334e-01
-2.481286475404894665e-01
-4.591804851663212061e-01
-4.328538017890412593e-01
2.473096361374418350e-01
3.692734921389511649e-01
-5.246607209351974443e-01
5.855513747235558952e-01
-3.917788931645165285e-01
5.955181327019820614e-01
2.517077423409549986e-01
1.934412891595405082e-03
-5.705186981022556392e-01
6.742226069088304019e-01
-1.755050009522784449e-01
-5.395294152611557204e-02
-6.140568779595461102e-01
3.139053627782729672e-01
4.763579854197348418e-01
-4.921938130362263353e-01
3.385808354704565315e-01
9.202686360404485622e-02
-4.780346756983432088e-02
-1.702808980607924405e-01
-3.316248425415833090e-01
4.205170679577887038e-01
3.149344008871669542e-01
-1.369494499770411711e-01
1.737189836629920436e-01
1.934786275875326755e-01
-2.300831911742674818e-02
1.000000000000000000e+00
6.679399389979945312e-02
-4.075594390149505086e-01
2.460874909092439500e-01
1.684509597751246424e-01
2.268936633871380115e-01
-3.621221771698986958e-01
4.512590115769384846e-01
1.722795066110368589e-01
-1.425665396330307311e-01
2.079949727158710848e-01
-9.258926762711944258e-01
-6.393679997158454587e-01
-8.973964166131576103e-02
3.139187753689302030e-01
1.720653713813850572e-01
-1.172748198224058125e-01
2.818816509464459608e-01
-6.178899606634082886e-01
-2.484265886772666909e-01
-1.197459648810445809e-01
8.637511903663993573e-01
-2.276702409860014431e-01
3.783789196308695590e-01
-9.001326047100886019e-01
-3.035897133866375941e-01
5.420745076799053930e-01
4.493593354887647218e-01
-3.731143645972179179e-01
-4.426884794193031158e-01
-8.330004251261383108e-02
2.900905776799099778e-01
-1.000000000000000000e+00
6.149945185075745835e-01
-2.085917774095388810e-01
1.238183506586378879e-01
-7.535968766893455517e-03
-5.208697266224255468e-02
6.350789710557049883e-01
4.916282868415632890e-01
-2.717370815013249175e-01
-6.097892725168787553e-01
6.969282531712964190e-02
-5.376811553195849358e-01
1.076186744195665734e-01
-1.955279304572127563e-01
5.356314560014867610e-01
3.620526472707501497e-01
4.822334526269977939e-01
-5.540791869671669589e-01
-1.364386339018247296e-01
3.437068024982702363e-01
3.686066826391542484e-01
-1.928307032888651740e-01
3.355970182050722617e-01
3.482625251818226575e-01
1.370140216214703055e-01
-4.851458772949949760e-01
-3.559688527689960358e-01
2.875569231065987497e-01
4.485263243768539132e-01
-5.586789297733585347e-01
-1.040202243795415871e-01
-8.637322927259959426e-01
3.662147372029020409e-01
6.604747067626455248e-01
-6.664499434818070833e-01
-6.270357544541679262e-01
-1.000000000000000000e+00
6.064195208509171042e-02
1.000000000000000000e+00
8.159845918623103572e-03
1.000000000000000000e+00
8.839383904046193008e-01
5.745157107860193735e-02
4.429493581832872895e-01
-2.305776366540348288e-01
-7.568694743603386899e-01
1.186852329564633546e-01
6.200662705801829322e-01
1.765446750618142879e-01
-3.887091458936887123e-01
4.047409793173221138e-01
2.934103139799457138e-01
1.271094204811411832e-01
2.885678125497475599e-01
-9.927963635821729360e-02
4.350077042713854092e-01
8.120053790418330086e-01
-1.332552839593873495e-01
-7.725770802169247553e-03
-8.473024369426946922e-01
3.615146464092940104e-02
1.570859392259019160e-01
6.254890258689425053e-01
1.904602969406070656e-01
-2.023922709057013603e-01
-6.037891523021450269e-01
-5.483978426477871260e-01
3.841916545194601351e-01
-3.892730424591364091e-01
8.401261366093723537e-02
-2.494964001876480153e-01
-8.244070520588907547e-01
-3.140426042415108698e-01
8.791102660039713801e-02
3.599471065692029237e-01
-1.465190916222104955e-01
-6.335151824984246449e-01
-3.257750552205012085e-01
-6.063367456731159205e-02
6.173468247603322023e-01
5.379625275284068975e-01
5.949723534467086239e-01
-6.571523741186191536e-01
1.957080490047755084e-01
-2.435234579886664807e-01
-3.943652833407373937e-02
-1.550117578839083909e-01
-4.108469422566294466e-02
2.989769847325261798e-02
3.590724135394046113e-01
7.081511287542610056e-01
4.206888476100792418e-02
-2.309907386522431771e-01
-3.298734910557719058e-01
-2.099939424832085177e-01
6.967543359845489448e-01
-4.520802269662641537e-01
5.651381576229350667e-01
3.244342530415667003e-01
4.056525761178841893e-01
-8.777585313231079933e-01
-2.697499095386688417e-01
7.914566996518680453e-01
2.482456390008195291e-01
5.785382298375301158e-01
1.146998918978356652e-01
2.156448721647258315e-01
-3.735521328702688382e-01
-8.443327814859709068e-01
-6.246957123176506421e-01
6.523845736245331706e-02
-3.449934255497174029e-01
-1.000000000000000000e+00
-2.439415827258207270e-01
-1.188335573089951691e-01
-8.960843683403120208e-01
-1.000000000000000000e+00
-5.670427753029976259e-01
-1.572287897471081886e-01
1.461079012510729247e-01
-4.273896672140676395e-02
-8.451866596959983768e-03
2.952571511626553291e-01
-4.635059572427638330e-01
-2.007932210792540140e-01
1.763224958631074701e-01
3.915347167198111045e-01
1.114154007617858266e-02
3.612992260643736048e-02
-3.864353556385178856e-01
-7.002760552401690597e-03
6.163047005239906673e-01
3.238669841626160006e-02
7.993001165851378875e-01
-6.980744532309740569e-01
6.559004029728601193e-01
-6.302992117777739267e-01
3.282635536529221465e-01
9.194054829749298552e-02
-4.102565454369344056e-01
-3.856944036349809202e-01
-3.569319972437492439e-01
2.276360671046100681e-01
-2.944810481593250207e-01
2.475596467837161141e-01
-3.449462841371809252e-01
2.406502091105063024e-01
7.951889557706317557e-01
6.164342094061370236e-01
5.795624168244271068e-01
-2.947330826745346855e-01
-2.513351303998168085e-01
9.058603664510948006e-01
-6.833328355096488504e-01
2.422371632420721177e-01
-7.802191184925588718e-01
2.252598480215896037e-01
-2.079149188842314144e-01
3.643690872014926363e-02
-8.287230651996377873e-01
7.831483359228434971e-01
2.040135422888472161e-01
3.648665709303896554e-01
1.495979049329114741e-01
-1.101461367995555662e-01
-1.123740042254373905e-01
-1.000000000000000000e+00
-1.548202801201218060e-01
-6.047346828449182699e-01
-1.412443127823060640e-01
8.636152038992140900e-01
-3.003369552600050341e-01
1.734115303507295924e-01
-6.005056716616901102e-01
-8.194170849002406776e-01
8.577010605584013403e-01
6.449340730271982958e-01
-8.147631538054447287e-01
3.759336318302555213e-01
