-6.667883909700679235e-01
-7.280750383737558118e-02
-5.942152740465153071e-01
5.825846251195097025e-01
4.246695795529333850e-01
2.584554261570203848e-01
-4.271558156498339587e-01
2.796194396105403657e-01
2.571354910064141408e-01
-2.976962178703460582e-01
-2.582923026981265302e-03
-9.085131345020289184e-02
3.827252277820732407e-01
-3.179309709815383300e-01
6.995363606552873481e-01
3.225042405173340621e-01
7.040416363533053001e-01
5.172318261973326559e-01
-1.973084255657829300e-01
-6.122695478226348742e-01
-4.950322686112719195e-01
-1.705098082996926445e-01
1.830143005600393669e-01
3.585452215199918524e-01
5.063157931018573699e-01
5.896772656818309866e-01
4.283657323643354498e-01
3.475982543045082196e-02
9.388402708947743425e-02
7.430851989260790491e-01
1.619576818701815857e-01
-3.073056797525625106e-01
-1.729207914425193865e-02
-6.074866841983281862e-01
3.891561991731525838e-01
-9.693249016388894024e-02
-9.945717971408596370e-02
6.793989497018424473e-01
9.027538073523253548e-01
3.303176190812771584e-01
-1.573385632465922335e-01
1.083949127882713886e-01
-1.785584802031595641e-01
-2.826666310811469240e-01
1.938729665112208234e-01
-2.549589279536077502e-01
3.191489919053985269e-01
-1.848540802582943066e-02
1.167918632440664850e-01
-9.165350669875909073e-01
-9.942825307103652088e-01
1.266352486267904864e-01
-6.196101974689700587e-01
2.025548130882119935e-01
4.974461651844965804e-01
4.922243791206831198e-01
-1.084041498152034100e-01
9.692619107277311574e-03
-1.030695699201835125e-01
5.029884416521968049e-04
-3.632282250791923905e-01
-2.718592417207442713e-01
-4.986939997811686009e-02
-4.856583934557455740e-01
-1.184055527592275253e-01
-7.098161442927819476e-01
2.235900435414064358e-01
-7.520924013988443679e-01
7.664127903763975347e-01
-5.294420563735587892e-01
3.456560988275357571e-02
-2.385931966149453243e-01
4.846716053606713037e-02
-4.399848115771415324e-02
-8.304157566873274776e-01
1.616939562927905416e-01
-2.105091546908944844e-01
-2.051558536388697063e-01
-6.379950938493845758e-01
-6.032270376680263224e-01
4.445398819237627586e-01
3.156103376163556518e-01
6.246538699498976888e-01
-2.607119479259287775e-01
1.394310290166876354e-01
3.261130537785761341e-03
9.629107857454435176e-03
1.976444202344941059e-01
3.724100254037379099e-01
-7.681289232824717317e-01
-3.348727459409908125e-01
3.002684719579952199e-01
5.086675725645846136e-01
7.933351047608255824e-01
1.974860621488128687e-01
-6.518303242179557255e-03
-4.044164748298542111e-01
-3.805448029959224154e-01
8.295202780213155325e-02
1.252749121904243867e-01
-9.089802237657368389e-02
4.855755431782038389e-01
1.968572111237096023e-01
-2.096735826264541636e-01
-4.510695022782716945e-01
3.507014250585434589e-01
8.855491799219481486e-01
-8.558230243700667428e-01
-3.650813852626195177e-01
3.407354452543479018e-01
1.683553735902615367e-01
1.720268974092372116e-01
-6.497203906475341739e-01
-1.179057002224295769e-01
-2.158686161922247493e-01
-9.919906518811485996e-03
6.583710196195782238e-01
-8.276291198408515237e-01
4.534043628911689772e-01
-5.438036230401355198e-01
-2.492948603390406359e-01
4.050390150123173161e-01
-5.466401267063339953e-01
-7.242783948955299200e-01
-8.698383060828066005e-02
6.566017928268755854e-01
-2.750854450769284892e-02
-3.744638591423478657e-01
1.287090786017625610e-01
-7.848009415142644940e-01
-4.259007918068552501e-01
1.705716125880026857e-01
-6.443597670593621540e-01
6.674449545436134112e-02
4.388151764669445676e-03
-3.719504648552073300e-01
6.592213127266091099e-01
4.521625295724355786e-01
8.593229823436714376e-01
1.248650487972852163e-01
-8.936781798298848445e-01
-2.243647925407382948e-01
1.421540338493589850e-01
-9.140817124349763789e-01
7.240052667634941930e-01
-3.086681845886837250e-01
-5.146532714939658359e-02
3.784715745024463396e-01
3.409966880344326712e-01
-8.241129026369997668e-02
1.540126149564231550e-01
-1.784026955877586196e-01
-5.321911811397300740e-02
-4.795972652016891047e-01
3.764034685705336947e-01
-6.110962817025924476e-01
-6.021722933660996757e-01
1.136606463469256867e-01
-9.652555777618787580e-02
8.017986260096264806e-01
-1.410699462760309775e-01
-2.311938931658049645e-01
7.695408349386960722e-01
1.147946827287573551e-02
9.290610043935160212e-02
1.985822358023968115e-01
7.397016817938402156e-01
5.607354508186056241e-02
1.539349117023670332e-01
4.755213322534514453e-01
8.703377305468856795e-03
3.171401316068452880e-01
2.469218441530948716e-02
2.116203030925668527e-01
6.121321034627040802e-01
-3.669400973387459963e-01
8.279247126342936802e-02
-8.762184841162725668e-01
-2.272428006951071611e-02
-6.817235169241686599e-01
-2.376120170375409929e-02
3.414370034738797299e-01
-1.234656407790824528e-01
3.763428928293096609e-01
4.551079017537561500e-01
1.272679779672668265e-01
-4.443419244942787838e-01
-4.821917742836706600e-01
-2.011224753311213198e-01
8.761420676541905594e-01
4.389437943611619874e-01
-2.022125759424236169e-01
7.106490756960345268e-01
6.504560921742690294e-01
-7.206143522369914400e-01
-1.053697261080545344e-01
-1.934161610650630969e-01
1.062924839856824455e-01
-3.549142105863234975e-01
3.635878847142612336e-01
-6.621076868536750482e-01
7.941178540096957561e-02
-6.239782255142827250e-01
1.899517700024910827e-01
2.734561565972726260e-01
-4.668586514403060272e-01
8.218838208543350898e-01
8.568454425661347074e-01
5.319810890460783259e-01
-1.513018948847543177e-01
-6.773033349958786919e-01
6.584149630859978397e-02
5.635614685319858541e-01
2.516860868406154972e-01
-5.786147707003739260e-01
6.045619118913847512e-01
-1.493201654426613567e-01
1.477904923148734284e-01
-6.840442778102052701e-01
-2.534256937610667726e-01
2.822537188773495131e-01
-2.504307698761261691e-01
-2.385648423527788331e-01
1.370583254252160377e-01
9.596615588244873374e-01
7.558974015546124359e-02
6.208166528411238616e-01
1.110034870120283901e-01
-8.503334136222678863e-02
3.178013366248538807e-03
-6.986154681289125090e-01
-3.335223134642421594e-01
3.887596616134483818e-01
2.226614918837582224e-01
-2.957224742050247324e-01
-9.849782326204111760e-01
-3.316571223317282824e-01
8.496317264047846818e-01
3.126317142837679031e-01
-2.948781903649370095e-01
6.728535539118587483e-01
-2.248521791091891153e-01
-1.002339236848229509e-01
7.295987081533232832e-01
-2.582064213756917193e-01
-4.209261420312554458e-01
7.315471904771509992e-01
-1.470335088680128077e-01
-3.327935526697055613e-01
4.219442957910492509e-01
-1.448009951791754540e-02
-2.350999762520374348e-01
-5.339669420405237371e-02
4.434330629127917200e-01
5.112623589141351843e-01
-5.120895140886967400e-01
-9.785445431764681068e-01
7.686989220379498722e-01
2.453710668591700117e-01
3.659465155990421215e-02
-6.417681589060141023e-02
7.953902219160069453e-02
3.778426951767454023e-01
-8.178625502443588324e-01
-4.919387725624139174e-01
