7.212294610891403224e-01
6.753912650371736159e-01
-8.315517195334645173e-01
3.661265843332153214e-01
-3.312542235038682392e-01
1.317196844961252000e-01
-9.709518420860645538e-01
-6.647725897499292547e-01
3.006111560192351040e-01
1.282447502766239644e-01
-2.913289989369799438e-01
-7.512383919348462058e-01
1.747862472559827962e-01
8.633370682298756593e-01
1.653622586897281477e-01
5.142788172908520083e-01
5.147249764100703118e-02
3.860678420729610760e-01
5.639522836510337811e-01
1.100077633442445024e-01
-5.559974805511388452e-01
-3.220573069909038466e-02
5.971479055083750431e-01
4.738259636860628898e-01
2.158059955380889350e-03
1.616956826282304749e-01
1.947418269348165087e-01
-3.698202891885238319e-02
1.364555543389420478e-01
-4.990737436029657470e-01
-7.974504339827435118e-01
-5.251554320003017917e-01
-3.691811672054947646e-01
1.922176317908721455e-01
5.547240207443253635e-01
-1.742195708695754020e-01
-3.193089911930634822e-02
7.473148424118892796e-01
6.967765099002909412e-01
9.018695372197429450e-01
5.489446420419847872e-01
-5.903206294560608969e-02
1.059027107683094826e-01
2.615850266827464132e-01
6.997558983675036259e-01
1.017833459882555580e-01
3.610859201292564435e-01
9.578092931610502347e-01
3.364129195477466028e-01
-9.663208721078146990e-01
5.661191225470707522e-01
-4.453374866610975147e-01
6.770327691872091158e-01
8.231829396085402206e-02
-7.801989952849555099e-01
4.850196480327733095e-01
6.191869470171147416e-01
-4.661342316569712096e-01
1.346445517469472275e-01
3.733447209374238240e-01
5.656435584341690248e-01
-8.936213420563153542e-02
-5.452231030407694856e-01
8.344426529274930893e-01
-4.873691714966621458e-02
1.053882828074512723e-01
5.623998060115267261e-01
3.578304729001476892e-01
7.800076799310957654e-01
8.425657061764083022e-03
3.946370693096115101e-01
-5.636126987507873443e-01
-6.402653091696264287e-01
1.551696763741025054e-01
-3.069241962745811181e-01
3.590572044929376538e-01
-7.780796615229226276e-01
-2.214004251420310376e-01
-8.378085954052494344e-02
4.155606606786413360e-02
2.706205716863741007e-01
-4.145111717300993259e-01
4.621387433642709652e-03
4.131926645800765296e-01
-1.214101052543159476e-01
-3.012990200062215518e-02
-1.047016314954348493e-01
1.102039784784507592e-01
1.095362996658479360e-01
-4.742179654787888332e-02
4.074596573827456991e-01
6.986627008720092125e-01
1.000000000000000000e+00
9.498794251751108142e-02
-8.827630716778442910e-01
-5.594119553983218918e-01
-3.047790680710447120e-01
4.216735254515828757e-01
8.016641704682556657e-01
6.819479163498338714e-01
8.622356176254645233e-01
-5.280456159849625797e-01
4.796380411956571166e-01
-6.326873715451681868e-01
-8.231371705077440426e-01
-1.041328618707639819e-01
4.565382749847288757e-01
-6.381279446336414196e-01
4.882273667478500556e-01
8.115111594384998295e-01
8.511668763388697823e-01
9.400883636529364096e-02
-1.862934290596126585e-01
-1.545216507530289274e-02
7.801823833488230608e-01
1.000000000000000000e+00
-2.973733932456740225e-01
6.065683513043948483e-02
-7.716715626335062250e-01
4.996088328162178183e-01
-4.706236093949744959e-01
-9.753407856267333198e-01
-4.998736347937243196e-01
4.173971097865076807e-01
-8.633748058816351212e-02
-4.819977243063064964e-01
8.845370403158779871e-01
2.915441249603719087e-01
1.756859089100970550e-02
3.994367772184610477e-01
5.287661775216179194e-02
-1.468683602815010758e-01
1.529693418890958334e-01
-9.599567224140233002e-01
4.365053178473384810e-01
2.248836933335156552e-01
6.124006190389963411e-02
5.161344693311338272e-01
-2.531727156810632540e-01
3.250890245849791249e-01
2.229147458605645338e-01
6.751012436161546448e-02
2.867154083816769172e-01
-8.111043932891179864e-01
-3.075928775816196836e-01
-1.486081873668596565e-01
8.745223380333804197e-01
1.149855902089240434e-01
-2.729812839753648079e-01
8.467800883245746313e-01
1.000000000000000000e+00
-5.531663626754468321e-01
1.110479795239731615e-01
6.714110522221328203e-01
-1.595737312783729600e-01
6.806869559518036183e-01
3.667069740467859829e-01
-2.729287616107889392e-01
-8.462081208617583394e-01
-3.957372298815330924e-01
2.875452898434143201e-01
6.995275434300103345e-01
3.952321250209041015e-01
-3.135125119384396530e-01
6.307821712855427032e-01
-2.089052454735214059e-01
-8.171286673709992066e-01
-3.800964061565789143e-01
7.255354220738652327e-01
-8.713918357061217757e-02
-3.353750062795634035e-01
-5.840296614284183896e-01
-7.342110648165369735e-01
-5.259826426396116972e-01
-5.143300119318210406e-01
-3.743821818426062986e-01
-3.615371815127854660e-02
-1.205680467172280945e-01
8.586907434706045894e-01
5.190050799204848353e-02
7.206667506271696721e-02
-5.751149351446858127e-01
5.966530973288065587e-01
5.873875596978590519e-01
6.385296698698930129e-01
9.243079804729865678e-01
2.964683901426514723e-01
-2.716390153968727406e-01
6.407720916838242076e-01
8.866385375143848169e-01
2.211575398842241524e-01
-3.906514522862507000e-01
5.047007962123679636e-01
3.539342409005046264e-01
-1.009676142111698427e-01
-1.137179029768919936e-01
-1.506602671562529139e-02
6.398351298819755506e-01
-7.409888899342162993e-01
2.850472506871977174e-01
5.514556491084146028e-01
1.000000000000000000e+00
1.242002325121076001e-01
-7.168198352260228834e-01
-8.903693021395477913e-01
-4.801578767199718434e-02
-7.295384337161914257e-01
2.840467744324632893e-01
8.210150005531543504e-01
-5.075406337448014060e-01
-4.193278138530083243e-01
2.972785114798834893e-01
1.000000000000000000e+00
-7.411126205684359647e-02
-2.618335879769900232e-01
2.929300359375885954e-02
1.000000000000000000e+00
7.630034684585131899e-01
-5.725596559166001853e-02
-7.215775916720092997e-01
-9.504387037070805011e-01
8.961976470801686911e-01
8.039042253404182770e-01
3.354232953173651444e-01
-3.817863481259981540e-01
6.989255902933128040e-01
-4.843752149923071793e-01
3.884050392335312019e-01
7.831563026184495957e-01
5.295476368257461264e-01
-6.055976465023260591e-01
-6.053281655783612214e-01
4.631128579728960304e-02
-4.628545110289898346e-01
1.953476142119622283e-01
9.629412238029697590e-01
4.366338200793314916e-01
1.934717896228430600e-01
-5.046697347164965652e-01
4.404844720618710241e-01
-8.921337395724973085e-01
-5.262809949984211810e-01
5.719221638133971108e-01
4.014134419840070800e-02
-2.495500650688531330e-02
2.462727197634638765e-01
1.707562390966771426e-01
2.430473698616764100e-01
2.586237852967623319e-01
3.173444424781315387e-01
-2.954545048186874023e-01
-2.208486941496110856e-01
9.162705523108836125e-01
-1.370393011608028733e-01
6.143530598389472797e-01
-5.064070801719773307e-01
-5.350928753673829252e-01
8.023880036889931011e-01
5.662179362786123882e-02
-5.630882772948929693e-01
4.474360331731321860e-01
-8.534996884212524559e-01
-6.661987186074236345e-01
-1.634031193085038192e-01
2.378711974201069834e-01
