-3.836797556104780127e-01
9.294877780711578719e-02
-5.369299780182887338e-02
-1.476189744966301953e-01
1.895284934806063526e-01
-6.546778514784045155e-01
3.102270396472827096e-01
6.087306632311010324e-01
1.017085369888271473e-01
-8.648431667482938678e-01
2.475882621125087557e-01
-3.936156671475637414e-01
-7.600762891090240281e-03
-6.279760237919801424e-02
-8.038500026874952908e-01
7.962447217342089045e-02
-6.382175057841779076e-01
4.689601596469404887e-01
7.480440196003628195e-01
-2.627172989066698383e-01
-5.420946727034692270e-01
-5.606812587547127524e-01
3.780224304291923687e-01
-9.450691916442628682e-02
5.890893178517495610e-01
-2.999788491908315091e-01
-2.667148840772521345e-01
7.985549158556446425e-01
9.647825236210140210e-01
1.587444878995399322e-01
3.891881534299138079e-01
-5.030782999250013043e-01
-3.028814464058144362e-01
-5.872234857716318590e-02
-4.253546045942189768e-01
8.384355995472012046e-02
-1.061889373651077606e-01
3.936416823326577274e-01
-3.860454460148420308e-01
-4.286298996908640691e-01
1.846276636964927498e-01
1.041031452798191204e-02
1.073154935640504709e-01
-7.009166967458806408e-01
2.730033014192489449e-01
-6.577657875976070101e-02
-3.068108407439494867e-01
2.052185837957540837e-01
6.185841360207624540e-01
5.834347940578398228e-01
4.970583274378695959e-01
1.045642551970833445e-01
-8.340423094489083367e-01
-6.740122278582083570e-02
-7.916671650789032233e-01
6.799424786648675667e-01
-2.298676599982566460e-01
4.515989561514468509e-01
1.741875292338432302e-01
-1.637850153841323708e-01
1.947880578003085006e-01
2.974368574106889263e-01
-2.698380801647207172e-01
-2.216557808290742781e-01
3.206794566729664897e-01
4.168020565384794596e-02
7.506010264969592560e-02
-7.312570753712129834e-01
6.522185890704061961e-01
-6.664898846913882569e-01
-1.030133564528438739e-01
-4.619178369359474567e-01
-1.921844848586587440e-01
-8.557507674348187043e-01
-1.215316951292388925e-02
4.752755698690828701e-01
3.309979848297922578e-03
6.070985125661709780e-01
-2.123385157228913078e-02
1.036862215018550110e-01
-6.532642808155186831e-01
-1.126513542421264669e-02
-3.749053480292554585e-01
-4.703163148552580441e-02
9.828699860317346992e-02
-5.194573730447527016e-02
3.574142375804872929e-02
-5.397095665760591743e-01
5.660844443759529554e-01
-8.740261066937203560e-02
6.691260486038188571e-01
4.747552291833743721e-01
-3.079200896514492358e-01
4.062257921126039006e-02
-5.810799669818202118e-02
5.707840678499060960e-01
-9.403690539494968803e-01
-2.884894159108502554e-01
4.372204516144198583e-01
-4.400526791925211678e-01
-6.903444523950859057e-01
-8.162214099654632737e-02
-3.926338674031860654e-01
-7.518012482321365098e-02
-1.928329960218513051e-01
-5.764758338010957939e-01
7.295869059221107289e-01
-7.148289171277226739e-01
1.784030247393435242e-01
-9.487748062014472739e-01
-4.045244832514068856e-01
4.203361180590294843e-01
-2.056119848312796261e-01
9.065889783536322799e-01
1.625331547477612548e-02
-6.362650243849229392e-01
2.919481200800382870e-01
-6.252929825632819183e-02
-4.872265464210490116e-01
3.189091750748096477e-02
1.720911480750382805e-01
3.982507141380151050e-02
1.444622543909422629e-01
5.556721039809539020e-01
-1.157342010861500126e-01
-6.989702295055441050e-01
4.607040882486942435e-01
-7.749493953619984721e-01
-1.075920679235453647e-01
-4.404681922474482092e-01
1.661544727566637847e-01
-1.194845646365770286e-01
-7.643507919140646312e-02
-7.119206462506700861e-01
-1.062097958408519949e-02
-6.295404376394452273e-01
3.767155070999343991e-01
-2.418831016508053433e-01
-3.933014441341650125e-01
-4.497388024011974572e-01
7.970581972917968605e-02
8.949825210373566486e-01
-1.763329606750376755e-01
-6.804754049966170726e-01
3.215240061545595052e-01
8.389330523792094541e-01
4.903219292257657846e-01
5.073123157205636780e-01
-6.017817707177888220e-01
-2.805101848306639223e-01
-2.742440893630381793e-01
3.215684875682256472e-01
3.156704649928407935e-01
-5.573803384803782679e-02
-9.179818425471493182e-01
5.611898588453779757e-01
-4.865946344649778599e-01
-1.866437457764162366e-01
3.667064882699818673e-01
1.689527299713239339e-01
2.189481599851179350e-01
9.278515183290524382e-01
-1.534012006352472035e-01
5.298455315717306435e-01
-1.414315917179763682e-01
-8.788709988941457718e-01
5.106364037792893162e-01
-6.838803738762861961e-01
6.762178669067228642e-02
-8.275951218840333912e-01
-6.030445179404055889e-01
6.526380544272328832e-01
7.276019179946249804e-02
4.157317308748291196e-01
-1.602613807447837990e-01
6.221966406147780848e-01
-1.312875269244656029e-01
-7.037823369826166076e-01
-3.845343763370583923e-01
3.898101541042137685e-01
7.717218790538533935e-02
4.791721198188280129e-01
-1.202986211733593214e-01
9.919797619238421849e-01
1.511791248359943829e-01
4.622230390779698550e-01
-1.656186596185210136e-01
5.750944436387149805e-01
-2.775472809823030795e-01
3.000457879714472642e-01
2.552830962641235990e-01
1.815749172214447538e-01
5.189115485190264332e-01
5.895221697560754093e-01
3.977978836775879490e-01
-4.705365092601437871e-01
-4.911625291870336252e-02
8.740035029636636366e-02
1.193757143518150432e-01
-5.952223184892291297e-01
4.972932506765158633e-01
-5.952142672457506889e-02
-7.909141983276376520e-01
-7.686128512325494100e-01
-4.519384474235071392e-01
-4.196793267245085834e-01
1.269133687886552231e-01
5.253039251144850930e-01
-4.552076210214892754e-02
1.324782632116718040e-01
-5.785781067151455348e-01
-1.651553946816060603e-01
-1.548295369091316764e-01
-6.583297122512721256e-02
-3.486108606846285429e-01
-8.591013851232284226e-01
-2.205480801442944727e-01
-8.701054188573725812e-02
5.646043457697708101e-01
1.670118333287484713e-02
6.148903132772326474e-02
3.918413223342961937e-02
-1.538637852641188686e-01
-2.781045177474705810e-01
-3.432085800135059594e-01
2.396421508809987166e-01
-5.022324227075880554e-01
-3.918786571736345148e-01
2.793358501537945848e-03
4.123918801003493423e-02
7.647809090203799842e-02
-2.457354589951835089e-01
5.975221412020451095e-02
-4.566457443387332282e-01
4.036371999156946333e-01
-1.426554562612514232e-02
-5.513841337815175159e-01
-3.246604744941794518e-01
4.721792880723233998e-01
-4.606807796983768966e-01
3.030596790320975176e-01
-3.490800922634887393e-01
-8.067269555984339924e-01
1.749843305750739264e-01
-2.814007442122408165e-01
-5.474439865911545633e-01
-1.640030547901681623e-01
-7.171549487509611964e-01
3.964147689488899395e-01
1.712071538788501046e-01
1.706736770422083160e-01
-6.449301921336442200e-01
6.859388634997674039e-01
1.452871005974276097e-01
2.093479192684002399e-01
1.310471445743896235e-01
-7.170083211634212805e-01
1.000000000000000000e+00
5.171126630809878000e-01
-2.394557030881292181e-01
8.748136679558226048e-01
3.249586177575795043e-01
1.983102860199629225e-01
-4.323154466633623016e-01
-6.815324095058303833e-01
