8.338326279334946634e-01
-5.362827246357819710e-01
9.013796795252395633e-01
3.134508697108300268e-01
-9.999963281138203319e-01
-3.447567004991232593e-03
-6.364772594652553517e-01
-8.645809689669833320e-01
1.915644630891729858e-02
4.495339086230773495e-01
-2.930363386570972173e-01
5.430171007590213206e-01
6.296748641874667651e-01
-1.667001126835020997e-01
-1.752842704685293462e-01
-9.346004297723806142e-02
-9.983595738951337450e-01
-9.196059880680638177e-01
1.000000000000000000e+00
-9.990757792433679896e-01
-9.201184446955087415e-01
-4.415169040705347325e-01
-6.543131723000663591e-01
-8.569286299040073107e-01
9.318394747857849936e-01
9.329974843549930785e-01
9.128667501777107951e-01
-5.143721151543441117e-01
-1.831291041998655278e-01
-1.000000000000000000e+00
-9.998561031878648864e-01
9.291571718286995019e-01
-8.798190511014378767e-01
-9.844567628834698381e-01
8.911590800915498711e-01
9.998037351603958900e-01
-6.207921984139762595e-01
-8.207366828995371622e-01
7.090046633385186370e-01
1.000000000000000000e+00
9.992929192586245124e-01
9.836364626887831308e-01
-9.334661081281409034e-01
-9.886938954172422855e-01
7.923755931331007973e-01
8.970960953905695590e-01
9.273094876051335422e-01
-7.665808452306103193e-01
9.737744829739566343e-01
5.134415086914807524e-01
4.327394782201320900e-01
-9.192673117071371580e-01
8.882193107400678800e-01
-8.068783561043706420e-01
7.580324748805152835e-01
8.357865067465501951e-01
1.196197760043873765e-01
9.999990918472626555e-01
-1.000000000000000000e+00
1.000000000000000000e+00
4.643354072436191027e-01
4.847493054135786766e-02
4.124200258300140809e-01
-5.755600140359472539e-01
-9.764030813263598896e-01
8.640384128918153772e-01
4.323188258044560750e-01
-6.933714091859295436e-01
1.122477076796343648e-01
-2.514990843094040973e-01
-2.567719088960997431e-01
2.578496177710781767e-02
-5.621399255942748779e-02
2.072208014804843013e-01
6.411301462275096341e-01
9.745065644069564881e-01
-2.138332130560905153e-01
-3.236452584272064281e-01
-1.000000000000000000e+00
5.388545897027670062e-01
1.000000000000000000e+00
9.325786932099643378e-01
-1.000000000000000000e+00
-9.968448416673325596e-01
-3.525316058907512207e-01
-1.617363693947200531e-01
-3.202613521724154144e-01
3.038904468061321973e-01
-9.957291100930636407e-01
-7.673559798827545020e-01
-8.902876371492172147e-01
6.560021449138886407e-02
-1.000000000000000000e+00
3.316552966896876148e-02
-9.998928807432513333e-01
-9.762226791817751881e-01
-8.824521745456429533e-01
1.000000000000000000e+00
6.346216954052186221e-01
-9.959173500931338685e-01
-9.334798678491905699e-01
-3.329985282052243534e-01
-9.997593956797901082e-01
9.735064524487206938e-01
9.634293821746857667e-01
-6.534497002515078368e-01
5.254059985455182824e-01
9.410765305758400645e-01
6.552598342031110690e-01
-8.959320168122308914e-01
5.939286137672410426e-01
1.459737675259643597e-01
1.000000000000000000e+00
3.284331712082879662e-01
-4.126313513210097539e-01
-9.437599716009457129e-01
-4.202587972212762368e-01
-5.097274674151452967e-01
-3.572333641552363215e-01
6.940259814644411662e-01
-1.000000000000000000e+00
-6.590704891279198785e-01
-4.598302138797883964e-01
-1.591613497959820933e-01
9.995571440325695667e-01
-1.770699537603958595e-01
-7.487130298996020894e-01
-9.967330627247719121e-01
8.090927506374115952e-01
9.689735598871920264e-01
1.154673041714189274e-01
9.724410143551391883e-01
2.478955181022629850e-01
-8.523815143938517913e-01
1.000000000000000000e+00
1.940479854163583151e-01
-6.179727769524682168e-01
-2.025267557967806165e-01
-6.251317979113391043e-01
7.721900589899650669e-01
6.677431138288596468e-01
6.636848381123543472e-01
-3.784690408167903919e-01
-9.148305599395092358e-01
-9.517391116488695957e-01
1.000000000000000000e+00
9.988472727090251801e-01
-6.542014208508876161e-01
8.673898436589470851e-02
-4.508897564916910516e-01
-9.628661346187382675e-01
-9.999779025401637211e-01
-6.124633023041375912e-01
2.853283372182275901e-01
-9.702068900576490407e-01
-9.999233144817499808e-01
1.312995804611062911e-01
-1.000000000000000000e+00
-8.253494353534259753e-01
-8.240364444114042231e-01
-6.614583256005901468e-01
3.155345035680359178e-01
-9.387966325209724516e-01
-5.122708233481476636e-01
1.400448253216819150e-01
9.036371117867568747e-01
-9.776162221473277958e-01
3.262302063325901447e-01
1.027754071224457472e-01
-6.907050266470167177e-01
8.603204691537195137e-01
-7.606985841585037766e-01
-7.202917545807281385e-01
-7.631115158830123479e-02
8.550757302285616479e-01
9.773848848479510520e-01
9.333422583787964744e-01
5.631420401276212573e-01
-9.519139412295146707e-01
-3.836635223605930345e-02
-8.647850923276316770e-01
1.213475115061642129e-01
-6.507511206461059627e-01
2.705185336348747138e-01
-4.965914246689479561e-01
3.307102212036102662e-01
-5.772572844741575837e-01
6.303596273118674542e-01
-7.823608431181795497e-01
6.334423958560476686e-01
9.530708251829714817e-01
1.000000000000000000e+00
8.939596980674642257e-01
-4.796064006492432585e-01
-6.801593919361659246e-01
-4.775416571258151444e-01
1.000000000000000000e+00
1.702441242034868213e-02
-3.812187815875849317e-01
-8.251074420628641271e-01
8.345852289556170422e-01
-1.032565607130173646e-01
-9.960974477909356750e-01
-9.577436749176828634e-01
7.343707861279563653e-01
-5.994007743403916288e-01
9.609220487705865121e-01
-5.573986862695959887e-01
9.870517293807926640e-01
-1.073731810088561084e-01
-1.000000000000000000e+00
-1.000000000000000000e+00
2.664236702812888269e-01
-4.047998769702434996e-01
3.081092080823711887e-01
3.358474642060598203e-01
-3.574661720843199664e-01
4.447495445728458785e-01
9.928153368530890921e-01
2.337761977251056333e-01
5.073016134161927315e-01
4.838954986989936757e-01
9.908710082442268030e-01
8.868176239276343020e-01
5.675686500722337824e-01
6.404838474517922098e-01
-9.875013272507973117e-01
-3.594036275460130159e-01
8.202589151422822189e-01
8.623572069412539509e-01
4.813560256906158075e-01
-4.575883555616304110e-01
7.837616439732749685e-01
6.741352783244297653e-01
1.000000000000000000e+00
-7.896019128268121356e-01
9.999562461225621757e-01
8.853851061993687210e-01
1.000000000000000000e+00
6.581652636373478416e-01
4.914722800840437000e-01
6.802510022848712312e-01
9.994074952509834908e-01
2.600658408234999830e-01
3.239302248352503577e-01
-7.463436160820444698e-01
-6.831194563798731467e-02
2.236789332634983585e-01
9.831817939818725538e-01
-9.970900261585200486e-01
1.000000000000000000e+00
-2.111070139473684715e-01
4.083888847036616365e-01
-4.195724549519188606e-01
9.572140093217089696e-01
-2.182227051620211355e-01
-4.262382897674985016e-01
1.000000000000000000e+00
8.801022023598166211e-01
-2.461812663287595571e-01
-2.094352615657333813e-02
-9.898607698158544688e-01
4.488329019534698094e-01
8.622177909492934056e-01
-7.269800002413224771e-01
