9.841797043324682637e-01
-1.000000000000000000e+00
1.000000000000000000e+00
-9.997013785364097238e-01
1.708246922323607420e-01
7.303270998354466359e-01
5.412380569938930464e-01
-8.522070099012885036e-01
-9.999644224073858112e-01
-9.585429864257130061e-01
9.558979074264810638e-01
-2.016863889373123331e-01
-9.981740681402596627e-01
-9.996702878304346562e-01
-7.622673889949871384e-01
7.199017685145445711e-01
9.961699237383415673e-01
-5.602435390687650063e-01
1.000000000000000000e+00
9.931150975738042286e-01
-9.889142464802647137e-01
-1.000000000000000000e+00
4.015491982857675723e-01
1.367623243013708634e-01
-4.050129926127280511e-01
-1.202368364275326618e-01
9.727984711355778247e-01
-9.974545298300963037e-01
-9.989616881802794168e-01
-9.875064722720624522e-01
-9.467809961501357785e-01
-9.998081250621704275e-01
4.296662619979639275e-01
-5.992355501468982215e-01
9.929833913290380121e-01
9.911217258618820747e-01
-3.069000494808895030e-01
-1.000000000000000000e+00
9.976261078419963457e-01
1.000000000000000000e+00
2.764192894899040187e-01
-9.994692252361430107e-01
1.159765975072812871e-01
-9.949234555015811221e-01
1.000000000000000000e+00
-9.698184177898715452e-01
5.478793405344591916e-01
4.997020571743466255e-01
-9.916090338188224829e-01
9.590370623911529391e-01
-1.754208209042985578e-01
-7.314453760512041880e-01
6.205547483997917446e-01
-9.967583267008917058e-01
-9.847032819035460571e-01
-9.034175495739428241e-01
9.864422526451996909e-01
-2.283580314212497464e-01
9.663341865367276462e-01
-9.999840217841019507e-01
-9.920167550191898442e-01
1.000000000000000000e+00
-3.470811270629600154e-01
-1.555311219634315512e-01
-3.970803870381174328e-01
9.931689531816377814e-01
-3.057368259281049716e-01
-1.490036527756556373e-01
1.000000000000000000e+00
-3.060877213446363057e-03
-9.009133115177467843e-01
-9.949493978628913826e-01
9.981635947910396656e-01
9.925406679124826326e-01
6.749908820003350796e-01
-8.727222938377505734e-01
4.912363877520236621e-01
8.353675288202355720e-01
1.000000000000000000e+00
-9.643501629168117484e-01
-1.000000000000000000e+00
-9.985822761797576996e-01
9.998739169463057852e-01
6.971804133656956948e-01
-4.331859123944547529e-01
-6.708969289957293913e-01
9.999698532732588241e-01
4.436944899645510754e-01
-6.624487501628870678e-01
-1.000000000000000000e+00
9.864480030249408449e-01
9.911106033589148767e-01
-5.615749062750080567e-01
-3.753503812067147116e-01
-1.050449457623104654e-01
-9.999835610796531382e-01
2.112936043123259666e-01
3.493788733029778437e-01
1.000000000000000000e+00
-9.887844347600185380e-01
2.075212068226133522e-01
9.979148671392636949e-01
-9.553638339280862146e-01
6.630662329269974009e-01
9.913915352746182075e-01
2.212606571170883385e-01
9.614698817617072235e-01
3.681546933640408859e-01
-9.901267698811041518e-01
3.681223321693151140e-01
-8.602499575935111942e-01
8.106073206925820118e-01
-2.665740633885966271e-01
-9.617793696015646265e-01
2.458712979575967683e-01
9.526904809516183459e-01
-1.133269567595058258e-01
-5.791577759428355732e-01
8.283347007733440348e-01
-1.013681033735636811e-02
4.407007201743671221e-01
-9.634923375714504745e-01
-9.740757466380387530e-01
-3.485456658769572891e-01
1.778842013762805541e-01
5.964547566084147379e-01
-1.000000000000000000e+00
-4.056218114384011475e-01
9.982570021864134446e-01
-9.959509028900785932e-01
2.922266588325285186e-01
9.950525689886211556e-01
-8.704938837075359981e-01
8.731840642372525885e-01
-9.928025269271832931e-01
5.576503871062589157e-01
-1.000000000000000000e+00
9.943999999999999506e-01
-9.897216963391547440e-01
6.821622341205801909e-02
-1.722026828566474432e-01
7.399565812098406470e-01
1.000000000000000000e+00
3.103102377815516455e-01
-9.978248544605401449e-01
9.994672257358131473e-01
1.073349814194368701e-02
1.000000000000000000e+00
4.981160984340312486e-02
6.315246577739489497e-01
7.135119238367937378e-01
9.996523267280834624e-01
-9.964241893927544558e-01
-3.060695233323287301e-01
2.847622209797861514e-01
7.073214057099639351e-01
8.919106452130283191e-01
-1.000000000000000000e+00
8.365052902998957318e-01
-2.450956777426457345e-01
8.981691204402234563e-01
8.134118489376025718e-02
4.893130975647230763e-01
-1.105688057911121680e-01
6.590663336634385860e-01
1.106114667258767531e-01
-8.247891760780701187e-01
9.990979073814270084e-01
1.105578457624198374e-01
-9.996913641681802742e-01
-2.829221870733484301e-01
-2.709218740605420228e-01
-3.958862493817376649e-01
9.999611757562946179e-01
9.984979344813171842e-01
-9.966008407021499371e-01
-3.920984614081131081e-01
-4.687572892865369406e-02
-3.400646317856155509e-02
3.217553777959097916e-01
-1.296640342049957401e-02
-1.119143235318211110e-01
-9.998823405423722388e-01
7.392893104738479382e-01
-1.000000000000000000e+00
-9.904454972532372725e-01
9.760845464126242099e-01
-9.996819557883118712e-01
2.195965830791877238e-01
9.950764849523487943e-01
-9.993753099103414028e-01
-6.330891317943521113e-01
9.364968968727872545e-01
9.999347029717147173e-01
9.936737189216900967e-01
-1.000000000000000000e+00
-9.921021850681071008e-01
-9.953141046941059722e-01
-1.000000000000000000e+00
-9.060807147853832122e-01
9.813909050572141579e-01
-1.000000000000000000e+00
9.845296029939251126e-01
9.985811362171250760e-01
-1.000000000000000000e+00
-9.950386662221798462e-01
-9.999551893038930439e-01
-5.428153708598003613e-01
-4.600516838904331052e-01
6.521312733680770801e-01
1.000000000000000000e+00
-9.946067733351706686e-01
6.997535049915073468e-01
1.000000000000000000e+00
-9.946745545973030289e-01
1.000000000000000000e+00
2.335435444126505444e-01
-9.723990532171371548e-01
-9.926515793648555963e-01
-9.988636780209416699e-01
-7.026214447342532532e-01
-5.576743135309335520e-01
9.846621534270424414e-01
-7.214467248567750790e-01
8.880728692120476442e-01
-5.195897479098806615e-01
9.925416360151763095e-01
-2.680676614653732526e-01
9.948510415993803147e-01
-7.943597972502850491e-01
-8.359651636368742311e-01
-1.000000000000000000e+00
4.252395692136658467e-01
7.806517693273050673e-01
8.423157682711488459e-01
-3.227184271925400694e-01
-4.438599098530929821e-01
-9.974091976552262873e-01
4.952809828790438740e-01
9.999270361579795097e-01
9.759837422212168379e-02
1.000000000000000000e+00
-8.617034366604787998e-02
9.995850589420663956e-01
9.076525060117700550e-01
-9.978764078267357007e-01
4.283199710118230918e-02
9.949376199102563101e-01
9.502952070192024481e-01
9.994386307702171068e-01
9.619634489941705224e-01
9.720133667518641163e-01
-3.193196167074699443e-02
1.000000000000000000e+00
9.999887762544691361e-01
-7.981525019494938311e-01
9.744882692579382999e-01
9.413374203480400215e-01
8.041075727285428298e-01
-9.993705477190701902e-01
9.999648875840224660e-01
-7.293476596879000518e-01
3.444917787083409677e-01
-6.654465666215531039e-01
8.342501202998643395e-01
