-5.907471643804345085e-01
-2.927864471061212281e-01
-1.732576290766335847e-01
2.985598326211990061e-01
4.270214333899686743e-01
2.596229476961763871e-01
-4.106791177969525142e-02
3.006847904526265824e-01
-2.121743549799812167e-01
-1.644982628597761731e-01
-3.017409274798154017e-01
3.351268957986452413e-01
-3.290256309753137876e-01
1.493846874913087527e-02
1.848680066845961867e-01
1.523865107495246674e-01
-1.221218864514616309e-01
3.976506236669000716e-01
-5.419765046619242632e-01
-4.048957646152510081e-01
3.911137033705066601e-01
7.217740830708206656e-02
-1.303406446770413729e-01
4.480382766436238895e-01
-3.178604813679282715e-01
2.113883775193699244e-01
1.235831933986212827e-01
-1.572456747488622242e-01
-4.962635146891894444e-01
-1.863384751569194531e-01
5.271421720958711227e-02
4.092172174815966040e-02
3.306741950869055424e-01
1.998964099688606555e-01
-8.603976051894959842e-02
-2.991554506872530772e-01
-4.545321376153619308e-01
4.872232775087569079e-02
4.416969053510209631e-01
2.953932230065561826e-01
9.490517865561648447e-02
-1.488545509671018729e-01
-2.547578907449716823e-01
3.674922017997154788e-01
1.332137295233819241e-01
-1.409697988367829558e-01
-2.325196454239434329e-01
1.723688952582575484e-01
3.203631651740330155e-01
-1.069512023936500592e-02
5.544377273889133234e-02
2.389144910298433289e-01
2.732345147177193262e-02
2.742044816793604567e-01
-7.521232549346316965e-02
2.579721066465378576e-01
2.890481126027205083e-01
-5.583156935783307739e-01
-1.071526966004478360e-01
3.666398233917602667e-01
1.458328265710225335e-01
-2.356278074144261270e-01
-2.104269941464714799e-01
6.314190433177964412e-02
-5.609455253682829046e-01
6.609369975178028961e-03
2.851087672412923602e-01
4.815031399799716283e-01
-3.666281476888321178e-01
3.528884851046051874e-02
3.353722525802639576e-02
3.149214286014963976e-02
-8.723481942911615050e-02
2.182391960943473874e-01
4.500901419388934066e-01
-3.100481882874882994e-02
-4.988595416629324625e-02
-2.687178180666024430e-01
-1.351817130311716020e-01
1.186860564058589140e-01
6.026051630469177883e-03
-1.486743862232505209e-01
-3.225050591014988477e-01
4.697596987564500726e-01
3.981293693782868015e-01
-1.207246865925895307e-01
1.488282110688667892e-01
-3.787106020406888485e-01
-2.029309905180416984e-01
4.429393391656118867e-02
-1.399944902978242922e-01
-1.173586270127929404e-01
-3.402819573828301802e-01
-3.021867857117224165e-01
8.873806301459261081e-02
-1.190786889294227907e-01
-3.748103249225119837e-01
-2.880770514256171255e-01
-4.203466885469631098e-01
-8.768039907263727728e-02
-4.232632960796191002e-01
-9.209583336345487925e-02
-3.346136486988738890e-01
-1.375208619218423189e-01
4.219344027637204064e-01
-4.676008505857723874e-01
-4.294009952998105450e-03
2.003409738969826326e-01
3.851987054184802806e-01
-1.775025961623027948e-02
-6.060321512542747868e-01
3.464397809206481993e-01
2.775597823372353834e-01
3.710334227100706705e-01
-2.169020452118106124e-01
4.891516781782853651e-01
1.449534329430407220e-01
2.427647220090733624e-02
4.610260934831882373e-01
4.065837372116021253e-02
4.913156491112756208e-01
1.857665598074126345e-01
4.123590956476490960e-02
-3.593041925609521403e-01
2.185173656285520905e-01
5.359716392984652245e-03
1.508262448704635050e-01
2.541166548938309511e-01
-5.251199757761081111e-02
-2.101144406255013586e-01
1.619369527099379091e-01
-3.341108255753622580e-01
8.498430650527054320e-02
1.732035637066203504e-01
1.358627360621466121e-02
1.911306899307795293e-01
-4.159543257252028559e-01
-1.015505060950176591e-01
-1.549054474752529220e-01
2.734584633290356587e-02
1.104124682332084384e-01
5.817261726202755528e-02
-4.407631979888762541e-01
-3.463459416772312061e-01
-1.676414881228178999e-01
2.599109999551038608e-01
-1.195997006161763146e-02
3.165831909470764871e-01
-8.427407025984957889e-02
-2.492132424533193558e-01
-5.113618110650365312e-01
-3.252286507689857581e-02
-1.533164211041183056e-01
3.376694218974247708e-01
3.537180313751297489e-01
2.378803264575074239e-01
2.281069208039692708e-01
2.003379013687516808e-01
-4.090253471210372749e-02
1.625636732744716317e-01
-1.082586117537553266e-02
-4.064178603973706005e-01
1.190260325724310231e-01
4.604079211303206409e-01
3.386664969673949810e-02
-1.431517450201564845e-01
-3.662119961415186836e-02
-2.320610081320402529e-01
-1.456899964713893048e-01
5.084900263225389239e-01
1.235660550021299986e-01
-3.443630895691192628e-01
-3.226605480131861103e-01
-1.788005284033850409e-02
-8.874587273846136493e-02
4.193403914839372026e-01
-1.771757252915071579e-01
5.486949926489983337e-02
-2.126523514406904736e-01
1.417384024996049818e-01
1.118516365056727857e-02
6.608132923307684370e-02
-1.232316544820626220e-01
-2.388185856892263703e-01
9.643204956313353171e-02
-3.020169629089298757e-01
4.173317581993101211e-01
6.677768459918093091e-01
4.178739536488067230e-02
-2.731872374285939653e-01
-1.934747577195591872e-01
4.754071537793641555e-01
2.563139846387910703e-01
-4.182323021174559341e-01
3.361009519284498953e-03
1.706403937538854831e-01
1.906979589727310354e-01
9.857300000092114600e-02
-2.230665744970390940e-01
-2.789424913233854442e-01
-1.310647021235301080e-01
2.095695858356675378e-01
5.903136373788183677e-01
-1.067622602589417963e-01
1.412650392888739892e-01
1.253558073594278344e-01
2.104549854902906525e-01
-9.280372954159267496e-02
1.489279198522575343e-01
-5.784846517998808446e-01
-1.143643696563150514e-01
1.709152861122515410e-01
3.665539014556072339e-01
6.416073732294823306e-02
-3.387443282710712600e-01
-2.128273913994376820e-01
-3.501711888590104075e-03
3.617578328570684176e-01
-1.132417196541305876e-01
-1.556967995305947039e-01
-4.874952506367072336e-01
4.495258783407636294e-01
-1.984053598140757269e-01
-3.105588477791184077e-01
-4.067406274399869293e-02
-1.224627521617613624e-01
1.038391904146667225e-02
-1.164809886569551922e-01
1.250303963629042225e-01
-1.620651857395292994e-01
-2.695384156464679659e-01
-4.421444780467350122e-01
1.877865854384177524e-01
7.573450544022253261e-02
1.106629902153470485e-01
3.245254965752156912e-02
-1.740568093473251754e-01
-4.545859734814368114e-01
2.099028109677211207e-01
-1.262444866743062666e-01
-2.850863537983314711e-01
-4.023416325939273286e-02
-7.624918653325632456e-02
-1.083346581103701439e-01
-4.228154341317923864e-02
4.193512045976853786e-01
-6.731330681353791742e-03
4.727338081554993132e-01
3.973468136810812679e-01
8.791184067628086962e-02
-1.430247000192796658e-01
-1.478943980967403482e-01
1.827089698034952969e-01
3.866050848013100755e-02
4.814288403761455837e-01
-1.299244405501451816e-01
3.806817715820484671e-01
-1.664335753795616601e-01
-5.494634489272332001e-01
2.963049590306321424e-02
3.415480498396827880e-01
-1.308247906810891814e-01
1.399471900437890617e-02
-1.269288635239696206e-01
1.735627691094887293e-01
