3.134574431521455207e-01
3.644777426504002271e-01
-2.050308300070762257e-01
7.138426644293098811e-01
6.223119908339626027e-01
3.738904725142108143e-01
2.095908162073865100e-01
-1.339207831776290103e-01
8.450690644446618993e-01
-3.343110781625698302e-01
5.372667417074006302e-02
-1.312638217337380730e-02
4.114343710454782532e-01
-2.842225705331786201e-01
-4.893901778155534954e-02
-4.294926918021356732e-01
-1.583300036586097193e-01
4.464431041868471839e-01
-9.110625020387466133e-01
-4.572587978057998104e-01
-2.119690770946992264e-01
6.063878217090010736e-01
-4.326139239143165227e-01
-2.229524954818745131e-01
6.280358376366730333e-01
6.511301758966246966e-01
-7.812003076964637582e-01
4.097811174763275194e-02
-6.577667184199337269e-01
1.331805493715951805e-01
-1.769397907516014889e-01
-4.911751747566150961e-02
-1.396559936736973540e-01
-6.161784892225978805e-01
7.618683355429256565e-01
-8.976820861318235423e-01
-5.769336540250926681e-01
1.675137808683721807e-01
3.764237287320443270e-01
-1.528613380164961233e-01
7.361469703410405963e-02
-2.835454256421096053e-01
-1.270328730826648655e-01
-8.790074989443181774e-01
4.674661655430119023e-01
-5.878180024937914583e-01
-3.594803936995805138e-01
9.651626528492298629e-01
1.000000000000000000e+00
5.083191294028978069e-01
-1.578110179763514420e-01
-2.510530619695008347e-01
4.277015796840757389e-01
-6.025030643447384371e-01
-2.303121020231084781e-01
-9.326769306146243110e-01
-9.838959675196634613e-01
9.015659328060565691e-02
-9.251353652034266517e-02
-7.438141556380414854e-02
1.171607536364302482e-01
-7.395194604326954524e-01
5.035406614827440119e-01
-1.642957746847123479e-01
-8.462170078057679179e-01
-5.863872574764328327e-01
-1.160395261951940871e-02
-1.974131807288120044e-01
-4.978243917548035302e-01
-1.000000000000000000e+00
-6.480827660560335435e-01
-2.256205249100285415e-01
3.904767922949234915e-01
3.646539856815805836e-02
-8.834579346537845268e-01
-4.109038196999552084e-01
-5.419768884156672684e-01
4.808624258397141693e-01
8.920898693230239207e-01
5.359391846706282880e-01
4.783330808555394942e-01
5.904784565355856163e-01
-6.344540084538605740e-01
-7.798268652413993252e-01
8.072688077658549122e-02
1.446678508563019883e-01
-1.765285240925169585e-01
7.262012606073466880e-01
-5.780987178994078102e-01
-1.969859144133172257e-01
8.671894793455764416e-01
-4.714780617477805635e-01
-8.809907239218321973e-01
4.525138448575121153e-01
-2.669931024278568987e-01
-1.705853669081548729e-01
-4.714096467890269704e-01
8.160253290162190476e-01
-9.975601061980406969e-01
7.246118258085100516e-02
-4.209337340281678053e-01
5.387228415487298472e-01
-4.988182350351649808e-02
3.555647425415426333e-01
-3.598898411178733658e-01
-8.054955143643427462e-01
3.913737247517962703e-01
-4.014711636042150311e-01
-1.488133897391329952e-01
7.602745283909335683e-01
-1.238743417280680770e-01
-3.555617515625501546e-01
-4.966169107439317720e-01
-3.552282232684405017e-01
-1.013543878317357816e-01
-3.794427956124385992e-01
6.231046380895175485e-01
-1.572908234014100959e-01
-7.808253294836602354e-01
-1.000000000000000000e+00
-2.294103416559024056e-01
-1.000000000000000000e+00
6.100366717317562415e-02
2.627570661733912849e-01
2.631120632178420293e-01
-2.879123202600972209e-02
4.387289746720368644e-01
3.205968966342280790e-01
-2.557705380254270411e-01
-9.495281728006867983e-01
4.306078971424198709e-02
7.539874740655253538e-01
-8.372767272929004800e-02
-9.884242155860729628e-01
4.454835332488812361e-01
-5.465653844829994057e-01
-5.488244773092987305e-01
6.063484431557522036e-01
-4.713644384788903130e-01
-4.419153370882705767e-01
5.938442617772594634e-01
-5.240974729715799363e-01
-3.057797925893623869e-02
-1.378651246177741152e-01
7.568801473367565702e-01
-1.230014893260504283e-01
-1.775997789237027114e-01
-4.617606511910242739e-01
5.146628570184512697e-01
-7.856967034095028168e-01
3.922532717684901193e-02
1.205180006779366653e-01
-8.950861318880628525e-01
3.714425119306112300e-01
5.125431652495754387e-02
8.682430713873492412e-01
5.922321676147288549e-01
-2.715837872915596307e-01
4.897227432116069146e-03
-5.136700217969849547e-01
7.303730813434512470e-01
5.447083721962187042e-01
-1.826373952232232811e-01
3.315925993785500681e-01
-1.541104982781328347e-01
5.809633597984609210e-01
9.786944510809637565e-01
-5.220382840044142103e-01
4.446486847008447318e-01
1.323728936386805999e-01
-5.969203035308240368e-01
2.561540668818650945e-01
2.449625384144630269e-01
-6.762595792358683244e-02
-3.493931351603547508e-01
-5.762296345399218200e-01
-6.228711116694566341e-01
-1.061366661409531842e-01
-2.822305724431487528e-01
-4.812429136011504571e-01
1.151623722612761525e-01
-2.802094388797362612e-01
2.230546696872342527e-01
3.113129935304148610e-02
4.074867224741431926e-01
2.037492296056323537e-01
-7.245169951138155096e-01
6.557785074431969896e-01
2.365584085985216467e-01
-4.670625903322689343e-01
4.422049230108010542e-01
-3.449819893526424597e-01
2.721004067628201017e-01
-1.309718463830928936e-01
-6.520416433137943280e-01
-3.410506309116780876e-01
5.190607867738519232e-01
1.000000000000000000e+00
-6.406398337900176543e-02
3.855363244417164825e-01
-3.783878691660667037e-01
1.000000000000000000e+00
6.880578264446413073e-02
2.391033403660389745e-01
4.147229755505258408e-01
3.489246317153844590e-01
-9.560466125010330662e-01
-2.763793193999364295e-01
9.122371457220503910e-01
2.719552708964660948e-01
-5.935007142921289169e-01
-7.874514494655111552e-01
-2.211979828752934640e-01
-1.475519495704369355e-01
9.275126550925938407e-03
-7.729589834212530208e-01
9.903420731968384239e-01
3.344492592269454612e-02
9.429001345376719634e-01
1.675918594265438100e-01
-4.642582572417930931e-01
7.142739368951189771e-01
-2.920769704509907361e-01
5.924089290387710705e-01
-8.234621179218535314e-01
-5.331397930920181993e-01
6.491921823732094143e-01
-8.240549373825062363e-01
-5.133806202770892918e-02
5.915107121010962921e-01
8.934113253012743172e-02
3.502875966411869157e-01
-6.209258110972188938e-01
4.141503838373020163e-02
-2.966380066653262482e-01
-9.429771714433536900e-01
-7.025042753316756983e-01
6.960034380222750450e-01
1.129781652069414832e-01
7.361343979854264585e-01
-2.576359987877991919e-01
-8.054900542473765190e-01
8.383319969266718186e-01
-2.034784778207761602e-01
-4.134733854829930610e-03
-8.038246493454379582e-01
1.913839548351289610e-01
-1.304077963222741166e-02
-7.200107978771108641e-02
-3.877885341778022354e-01
-6.925500733203979742e-01
7.351096883942009885e-02
6.181439649959676874e-01
-5.691491699049040509e-01
-3.121031976885080828e-01
-2.026178011706817050e-01
-1.848837994115932748e-01
-2.418008394202758038e-01
9.244582591890031509e-01
-4.497109623708597792e-03
-5.642672114049266385e-01
-8.037662297776395626e-01
-1.088644276502902242e-02
-1.456869086446428430e-01
5.817138436848092731e-01
