-1.000000000000000000e+00
5.494893118299434276e-01
8.067020100037711750e-01
-2.836288552987836775e-01
6.937995577893047994e-01
-4.807102970758193594e-01
-1.374407665428838965e-01
4.107546691979406250e-01
8.563138749775007774e-01
-1.000000000000000000e+00
-1.434880442839020775e-01
-7.607606066433836300e-01
1.000000000000000000e+00
2.512919140843469790e-02
8.325350224203108551e-01
-3.716635474970247932e-01
-1.000000000000000000e+00
1.000000000000000000e+00
-9.464242605614625603e-02
1.375729057266643629e-01
6.136075790150317122e-01
5.149371301337435369e-02
-1.000000000000000000e+00
-1.000000000000000000e+00
7.917477991039999496e-01
-6.355322429662051409e-01
-3.357831179285964973e-01
6.948112371978545365e-01
1.000000000000000000e+00
2.572645600524698928e-01
9.270658269249398842e-01
6.645099847755782108e-01
1.169469120395828510e-01
-2.546056550620675596e-01
-1.000000000000000000e+00
9.437132226214339781e-01
-1.000000000000000000e+00
5.461433464364432444e-01
5.845649836920094877e-01
-1.000000000000000000e+00
-4.272197713391439056e-01
-6.629421471297776147e-01
-8.416736009196337243e-01
-8.703831071624298366e-01
-2.417408390719284483e-01
-3.960938293196657467e-01
1.000000000000000000e+00
-1.000000000000000000e+00
-6.599749903056587597e-01
-9.410189820200408617e-01
-7.445535068000561640e-01
6.080372502542952251e-01
-7.559895539817668153e-02
-3.148169908563756558e-01
1.220881339622675865e-01
1.000000000000000000e+00
4.604028789624356466e-01
8.751698702737912283e-01
-9.478496773013445065e-01
-6.916380656594542931e-01
-1.000000000000000000e+00
1.000000000000000000e+00
2.211521831480619538e-01
-4.090610203343767459e-01
3.075841647649760757e-01
1.331308967907989804e-01
-6.257446139388778139e-01
-6.079791130243559216e-01
-2.753563346491495478e-01
-7.213985607695631019e-01
8.331636882167626768e-01
-2.407901930102882837e-01
-1.000000000000000000e+00
1.000000000000000000e+00
1.000000000000000000e+00
-1.616731563297700014e-01
1.000000000000000000e+00
-2.688328012884738660e-01
-2.780712886757923941e-01
-2.704283550197478236e-01
-9.306082289419883580e-01
-3.931013773447197823e-02
6.721626582380998416e-01
-3.592907720090029455e-01
2.492521653675400239e-01
2.718904071913488818e-02
-1.000000000000000000e+00
1.000000000000000000e+00
2.997158054411931949e-01
6.144220371344386589e-01
-7.780272848680742648e-01
1.000000000000000000e+00
1.000000000000000000e+00
-5.096213875062688414e-02
6.759596558783456111e-01
-7.929721689695568010e-01
1.486122453585625447e-02
1.000000000000000000e+00
2.411745866687665385e-01
-5.388491244685966741e-01
-7.232115297774706075e-01
-1.000000000000000000e+00
-2.329552688956076922e-02
8.661887795484920494e-01
-1.000000000000000000e+00
6.697940684182686066e-01
-1.000000000000000000e+00
3.913774470132311833e-01
8.467074376071378472e-01
1.000000000000000000e+00
-9.724646088946571343e-01
-8.696241578855354870e-01
7.229500795487253662e-01
-8.024177271399303146e-01
1.000000000000000000e+00
7.019711955327461173e-01
-1.768292957399716925e-01
-3.926457612255721541e-01
1.722312511556833847e-01
3.661308355444536922e-02
-1.515132220905585081e-01
4.180871071264791183e-01
3.750845291619164246e-01
-2.470812414220885378e-02
-1.000000000000000000e+00
8.247899652262045134e-01
-5.481610894025924080e-03
1.000000000000000000e+00
-1.036830766124564596e-01
6.246154890047584951e-01
9.559570408042485923e-01
8.816072403670540680e-01
4.094108407437948571e-01
-9.732751576830268592e-01
-1.000000000000000000e+00
-7.418715620375969655e-01
1.000000000000000000e+00
-7.247962136488592666e-01
3.405082899020956400e-01
6.856222815034254126e-01
6.385317041586341391e-01
-9.248761137761890572e-02
1.000000000000000000e+00
1.947113175131579554e-01
-9.264180066868002994e-01
-8.788586718283161181e-01
-5.019136469179077409e-01
-1.000000000000000000e+00
-1.000000000000000000e+00
-8.432835363994447553e-01
-1.902073465885869563e-01
-3.262239523559440357e-01
3.073263110215289640e-01
-1.000000000000000000e+00
1.000000000000000000e+00
1.787943858142074238e-02
-1.000000000000000000e+00
-5.743133735005572227e-01
1.400351394771922053e-01
7.074745279405574294e-01
9.780255923507967797e-01
9.457848055590090119e-01
-1.000000000000000000e+00
2.721591605880427922e-01
-1.000000000000000000e+00
-1.000000000000000000e+00
8.817869450664300723e-01
-6.061240493865226453e-01
-7.105449046785903278e-01
7.212025742241695569e-01
9.804042853933028212e-01
-8.418121068122589312e-01
8.462764470426110686e-01
-1.951024070351998763e-01
1.081199937256163701e-01
3.191414040521202145e-01
-1.000000000000000000e+00
1.000000000000000000e+00
-1.000000000000000000e+00
2.270360787170366823e-01
-1.000000000000000000e+00
1.000000000000000000e+00
-1.000000000000000000e+00
-1.000000000000000000e+00
-2.193152667030394132e-01
1.000000000000000000e+00
-8.837373419565112131e-01
8.085407850493038506e-02
3.767363839854482865e-01
1.000000000000000000e+00
1.000000000000000000e+00
-1.000000000000000000e+00
-1.000000000000000000e+00
-9.809663043706913221e-01
-1.000000000000000000e+00
-1.000000000000000000e+00
-1.000000000000000000e+00
-1.621092972188777903e-01
5.673442195695403978e-01
1.000000000000000000e+00
-7.996429454777850276e-01
1.000000000000000000e+00
-1.000000000000000000e+00
1.000000000000000000e+00
-4.732094874074349589e-01
-4.909600672131642085e-04
-3.703855864037405299e-01
3.644785716569744205e-02
-5.242690125455300443e-01
4.480365358769361483e-01
-6.841970131071506422e-01
-7.912862696530148510e-02
1.000000000000000000e+00
9.963008740761827298e-01
-7.237604456423247790e-01
8.888315995547962922e-01
-1.000000000000000000e+00
6.943229825855069537e-01
1.000000000000000000e+00
5.696869626816303267e-01
1.841187922084261963e-01
9.678775855511047299e-02
2.371446096073152043e-01
-3.477110438752776256e-01
-1.000000000000000000e+00
5.974390571057536237e-01
4.087837503145612672e-01
5.181139013131600413e-01
-7.978507714520055583e-01
7.517455198414799700e-01
1.000000000000000000e+00
-9.776492644172848356e-01
-9.614449125134101326e-01
6.345529855034501843e-01
8.847554354999870307e-01
-6.762228656907652569e-02
6.004449207906163988e-01
-6.795278218845939300e-01
1.000000000000000000e+00
-9.424461278651801166e-01
-4.987374359633520160e-01
7.207533136088697390e-01
-3.300283440824546277e-01
2.212289872746821956e-03
1.000000000000000000e+00
4.457872036287413020e-01
-9.329668000301636344e-01
8.677216376212668614e-01
-1.000000000000000000e+00
-6.657126999197924277e-01
-1.000000000000000000e+00
-1.000000000000000000e+00
-9.818615926414567818e-01
7.783066663614052194e-01
1.294165935333028705e-01
6.755494418692853387e-01
1.999393460059626371e-01
8.630794812717444975e-01
4.353158662381316490e-02
-2.201295971512149396e-01
-1.000000000000000000e+00
-1.000000000000000000e+00
-6.019537212771391976e-01
1.114735636925688750e-01
1.000000000000000000e+00
