7.424122389900881247e-01
-8.652544908859131079e-01
3.003373066969558525e-01
9.320898079477977216e-01
8.208200053762441106e-01
-2.492464886424964887e-01
-9.589783973572837406e-01
4.374352173405688382e-01
3.393958756969945867e-01
-7.991676944359177304e-02
4.184771138694710624e-01
5.700887886696175411e-01
-5.470355885326596557e-01
1.180689271325559841e-01
6.986170982750542491e-01
-8.446111224349369673e-01
-1.704385235529552733e-01
8.913847101726545263e-01
-4.618419773576009080e-01
-9.742864312765118218e-01
-2.542351014718879226e-02
-5.632282689391806541e-01
8.997479331726276897e-01
8.659013321375376160e-01
-3.762962704139078962e-01
5.228863465193843707e-01
-9.532702501857255317e-01
1.135435080405988728e-01
-4.867139705791362347e-01
-3.614631870115819212e-01
2.483627963812790607e-01
4.728557956906564441e-01
9.586487220369643847e-01
-2.031632366656645483e-01
-5.156644068535899406e-01
-7.355126780703660216e-01
3.103015284368736415e-01
5.735675771720641913e-01
-1.000000000000000000e+00
-3.919109998301945619e-01
2.409248357507172700e-01
-1.333952013444533735e-01
-8.085798572276775564e-01
6.303295426217110642e-02
9.765972605168647958e-01
-9.380792543946814277e-01
-3.471843484882335407e-01
2.749209534768215502e-01
-4.851242522145550184e-01
-5.538898636931895991e-01
-6.674818927220529385e-01
9.992188518144660136e-01
-2.154043645223171211e-01
-7.553910366837061074e-01
-4.491646463244406973e-01
-8.098263048262990260e-01
2.733265231332830392e-01
9.726881409408542067e-01
1.637561778439841076e-01
9.489858010855487525e-01
1.000000000000000000e+00
-5.099256904148021796e-01
-8.438331780230499124e-01
5.235431557311900214e-02
-6.404943004297733999e-01
4.141426829706463808e-01
1.663582886665221361e-01
-1.000000000000000000e+00
8.850987435796586755e-01
6.895938935949852411e-01
-5.880305810533961175e-01
6.530034608833304444e-02
9.715375650876751923e-01
-1.437940645902184289e-01
9.469502147113821877e-01
8.759188253496579257e-01
-4.018893461037804649e-01
-9.931517354854190183e-01
4.428886540320767784e-01
-8.581987334824642266e-01
5.578488670244404757e-01
-1.357014310086194220e-01
2.578029618301487247e-01
-7.520246283746409022e-01
2.259870282752060866e-01
-8.958885649511755256e-01
9.754268065804316823e-01
-8.722269612045139286e-01
-7.774159074238833345e-01
-3.537083199281091939e-01
2.268931609450369202e-01
1.256744845958759627e-01
-1.168929435618635965e-01
-3.751159533446504768e-02
-1.554966804140728298e-01
-1.275631992122058800e-01
-9.145642806532128244e-01
-9.829633222190845565e-01
1.990173310516028526e-01
-5.881510649799862600e-01
4.451971386924448160e-01
6.830475403321466521e-01
-8.933645993264216489e-01
-3.955196470873018622e-01
-8.062217526466005646e-01
5.169206020216565722e-01
5.857623561235724141e-01
1.813528791153694308e-02
8.077009702938064972e-01
-9.193448861704620612e-01
-5.382180796534181688e-01
3.480450697662491599e-01
-7.758555819386363517e-01
1.813280068008767121e-02
-7.449334512854756118e-01
5.516486256623546192e-01
-9.030653483991385455e-02
-2.754392867908536657e-01
-1.936713344432449690e-01
2.091066673170716983e-01
-9.453805490932014610e-01
9.136207139376052444e-01
-9.244572115849421148e-04
-6.693529941282356788e-01
9.870716607472618254e-01
-7.226710142446725049e-01
3.832955838523006142e-01
-1.895696800495641210e-01
-8.714105614765476071e-01
-9.026145950642960880e-02
3.684669198744432994e-01
5.936641246632632374e-01
6.715678902801333061e-01
-3.677228632472167025e-01
-6.816178716252149217e-01
-2.029472872131865280e-01
9.431120879414544023e-01
-2.538237279719963158e-01
-4.164022366911551143e-01
-9.317438015008079333e-01
-7.832250064249636212e-01
-1.504876985280925450e-01
-8.651985122359540092e-01
-8.694385369159584043e-01
-5.495804881163194322e-01
6.071953189568919385e-01
2.147058399824815778e-01
-1.000000000000000000e+00
5.398956265232265350e-01
6.376351346291835309e-01
4.259927353950032081e-01
-3.552287186083772363e-01
-9.108374716465260645e-01
8.387022222872940747e-01
5.011396484344204927e-03
7.492822766845385063e-01
-4.265813343598506835e-01
8.590589482600464732e-01
-7.500237647793595031e-01
-9.540571506370534305e-01
-4.788823760824130193e-01
1.000000000000000000e+00
5.857921374546406490e-01
-6.728830170792622634e-02
3.476365893129424456e-01
-7.291558060881090375e-01
4.650596189508114375e-01
2.939981030221726632e-01
-5.046084871125713356e-01
-5.987384361314348480e-01
-8.582515944448152467e-01
-6.281802886007757658e-02
7.113600669738198712e-02
5.560447893272679742e-01
9.357970800754632501e-01
-6.176880009310420361e-01
-5.714105354408126614e-01
-9.867217343828899034e-01
5.761395217502419674e-01
5.022147769076946711e-01
1.000000000000000000e+00
-2.564636028330913864e-01
9.885995992110813146e-02
-6.349040639079707171e-01
6.816303495713931238e-01
-5.536614453385029222e-01
1.319284475356125030e-01
5.538079367216387494e-01
-5.087437811067440085e-01
-9.275189750500889563e-02
9.992028356593524174e-01
1.795475879638137318e-01
-7.385577070701024871e-01
-4.411615189031984907e-01
2.849446269628142514e-01
-9.334473818339272810e-01
3.417104468018611341e-01
7.356900761402258571e-01
8.712824954195466098e-01
2.487753042325260011e-01
1.803751795959645798e-01
-1.987886562606941687e-01
3.344509351891326171e-02
-9.905044059783086885e-01
-1.285740461642159715e-01
9.987548157493890688e-01
6.533922071856467229e-01
9.541554806277512402e-01
7.891777241582853542e-02
8.360281690017798972e-01
-9.826237278988548818e-01
-2.292288106984320117e-01
9.446462550922560819e-01
4.245190252172734158e-01
8.079609164323615922e-02
-8.973722669052363043e-01
5.792747699872172196e-02
8.434842207122101865e-01
-4.092241609476528486e-01
-4.576947254798305886e-01
3.661746983847697368e-01
5.884607223352877892e-01
1.400820265209855586e-01
8.250665335483950980e-01
-2.335983693667361555e-02
6.341363496442080638e-01
-4.963946430090190876e-01
-8.598670522751695744e-01
-6.329638789431629720e-01
8.183801572538514923e-01
-7.453617480600797096e-01
-7.362431204420489816e-01
3.687255237741499103e-01
-6.548791314324629020e-01
-9.955523356585619377e-01
-2.444585723034642388e-02
6.935748728572640465e-01
-8.139467817113491543e-01
3.007475781502879641e-01
2.649579721874035787e-01
9.267755715590801913e-01
-6.564564833243484721e-01
-1.889012820999397824e-01
-9.737607584818075424e-01
-2.394476930814474491e-01
3.026108672566494850e-01
3.576578223145033264e-01
4.053317499651815092e-01
7.859913999211076696e-02
5.373072372818967768e-01
-7.437580953948479401e-01
-8.289643843249314692e-01
-7.931699457058211111e-01
3.897765263962496562e-02
6.028434635731581004e-01
-8.769341122498477969e-02
-8.946188541451509657e-01
4.458136577669289391e-01
4.268228600295302377e-01
6.683497402913742835e-01
9.071292577424032721e-01
-4.752843310379524233e-01
-3.180563648453254566e-01
4.982411699759212720e-01
5.709606407331974109e-01
