-8.286746417855682389e-02
-6.918933525688912844e-01
6.366877807628879005e-02
7.297551748351288614e-02
-5.702137823340266420e-01
1.900550217438543021e-01
1.764081307881671945e-01
-3.952570436370844154e-01
2.255234016440015310e-01
1.000000000000000000e+00
-1.000000000000000000e+00
1.000000000000000000e+00
1.000000000000000000e+00
-8.935351184746941344e-01
-4.094058207524131632e-01
8.324260759311176150e-01
-6.896416080913414515e-02
-9.070661554861432219e-01
-1.338662039269693516e-01
-1.000000000000000000e+00
1.000000000000000000e+00
-5.627681379552302854e-01
-3.466905285337198439e-01
1.000000000000000000e+00
9.266098408673352216e-01
-1.999999999999999556e-01
-3.630654749389561342e-02
-6.257622560710967008e-01
6.142941035627280666e-01
4.063667934094502554e-01
-1.000000000000000000e+00
-5.502245043394161650e-01
-7.333497724815833951e-01
-6.856344323867700208e-01
-6.969895580320381034e-01
-1.000000000000000000e+00
1.000000000000000000e+00
-1.000000000000000000e+00
8.574174739175136617e-01
9.432529696170482980e-01
-1.000000000000000000e+00
9.416295204888457393e-01
-2.156918965093442830e-01
-9.922626725169223505e-01
-1.000000000000000000e+00
-3.893123829581917050e-01
6.062283560119233750e-01
-1.000000000000000000e+00
-3.632593026939934244e-02
9.097394751277637637e-01
-7.258151321591777005e-01
1.432664612781501257e-01
-5.227721127735360795e-01
-6.403302611589538618e-01
4.413742404490678117e-02
-5.872039527020310734e-01
2.456904071373868237e-01
1.138628090955464967e-01
-2.514380196619155905e-01
9.339188893567346161e-01
1.000000000000000000e+00
5.863156237720092978e-01
7.397741610611180407e-01
-1.416858124109807437e-01
-9.494809808716129229e-01
-8.245753494421536045e-01
1.000000000000000000e+00
-4.866336035282050609e-01
-1.000000000000000000e+00
5.038364745209360507e-01
1.000000000000000000e+00
4.671977405040885767e-01
2.050864846873828029e-01
-2.210850214212672915e-01
-1.000000000000000000e+00
-3.411065665119933366e-02
1.000000000000000000e+00
6.080677718763800588e-01
-3.662882202690082023e-02
1.000000000000000000e+00
1.000000000000000000e+00
1.000000000000000000e+00
2.511045467609708259e-01
-2.454844130386217016e-01
-6.271995687571478850e-01
1.000000000000000000e+00
-1.000000000000000000e+00
-9.595537433069053490e-01
3.510698242566649974e-01
-5.385452753950392690e-01
-1.603828202574265338e-01
-8.112044343513374889e-01
2.800000000000000266e-01
-1.000000000000000000e+00
7.389179011623951965e-01
5.618486451726290021e-01
5.898332343226120322e-01
9.072955807718940946e-03
1.000000000000000000e+00
3.230807094635286814e-01
-1.000000000000000000e+00
-5.857476885312040693e-01
-1.038598634169551893e-03
-9.471354888487359958e-01
-2.257049657773393669e-01
-3.221554075345960388e-01
2.260323689083184595e-01
-7.097374513885654768e-01
5.663317820315857398e-01
5.203789742836355536e-01
-5.356043707692033085e-01
3.092555505092536849e-02
-8.451842112400278495e-01
-1.418665701462399342e-01
4.971169174207789587e-01
-4.367933391328683301e-01
6.612194663219592705e-01
-7.705654739333419601e-01
-6.367688814178174006e-02
1.000000000000000000e+00
2.144564161282209169e-01
1.000000000000000000e+00
8.287248031591648578e-02
-1.000000000000000000e+00
8.904965694807446264e-01
9.559706826503573396e-01
2.727612429083368650e-01
1.998119403072340372e-01
-1.000000000000000000e+00
-4.422110003615296048e-01
1.000000000000000000e+00
-7.257926162276632231e-01
8.705267463639045911e-01
6.478139007976450037e-01
-6.391127164989840459e-01
4.678280141046474716e-01
-1.759783554786764626e-02
-1.000000000000000000e+00
-5.493685630548313936e-01
1.000000000000000000e+00
5.110264068412475602e-01
1.000000000000000000e+00
-1.000000000000000000e+00
-1.000000000000000000e+00
1.000000000000000000e+00
-7.002398224751795741e-01
-2.854021051974151013e-01
-1.810513790725382099e-01
8.153749148164963767e-01
-7.895137389012327755e-01
-3.967166630041261133e-01
-1.547143538432323995e-01
-4.562819046839936554e-01
1.000000000000000000e+00
-9.377746339913785312e-02
3.886267159153102835e-01
1.000000000000000000e+00
1.000000000000000000e+00
4.659287699474026767e-01
1.000000000000000000e+00
6.863733989563480797e-01
9.862130528581386502e-01
-6.450071465346545185e-01
9.773488011128046438e-01
-3.392978438182450152e-01
-9.046019591996902198e-01
-1.000000000000000000e+00
1.000000000000000000e+00
7.732647962862717606e-01
-5.392861461067366413e-01
5.674783515598218475e-01
4.587030753724885557e-02
9.734811754139195000e-03
-4.599991881580803854e-01
-1.000000000000000000e+00
-1.000000000000000000e+00
2.373215352103119069e-01
9.756729192240429782e-01
1.000000000000000000e+00
1.239716417752736444e-01
1.230686688856944544e-01
1.000000000000000000e+00
-6.381516872340862179e-01
3.104792520588299243e-01
-6.952754406507353213e-01
-2.283966021012928671e-01
-8.337430078699357150e-01
-9.545424400921282970e-01
2.620364000076727540e-01
-1.832276744674261604e-01
1.055043185559790819e-01
-7.454624457127807524e-01
1.000000000000000000e+00
-3.650450862561233079e-02
-1.000000000000000000e+00
-2.061862303272327113e-01
-4.620668945292962237e-01
9.703421110947471062e-01
-9.258982305995704376e-01
-1.000000000000000000e+00
-8.660897056074667866e-01
3.304257675700513763e-01
-1.000000000000000000e+00
-3.458841900273216252e-01
1.138217020776342014e-01
3.481552567653391217e-02
1.402610253468330459e-01
9.614737235959414097e-01
-1.000000000000000000e+00
-1.000000000000000000e+00
-5.544199153431577098e-01
-9.967269756329318886e-01
5.458594456533057970e-01
-2.310053916256095130e-01
-8.337163787929819936e-01
1.000000000000000000e+00
-2.823987036843532694e-01
-6.085731313559392675e-01
5.239870158998233274e-01
8.841481645967483871e-01
3.829648265018395503e-02
-2.327237772463311427e-02
9.317465238696563956e-01
-1.000000000000000000e+00
1.000000000000000000e+00
2.568861065761168239e-01
3.325190521412402234e-01
-4.218977805896237943e-01
-5.739268391526933799e-01
-8.814346759895407279e-01
-4.257880547111791425e-01
-3.179379980899506575e-01
1.000000000000000000e+00
1.000000000000000000e+00
-1.000000000000000000e+00
1.000000000000000000e+00
-8.577069376305593296e-02
1.000000000000000000e+00
8.337827247535642972e-01
-1.000000000000000000e+00
-1.000000000000000000e+00
-6.123760217796594407e-01
7.640664503811834818e-01
-1.000000000000000000e+00
-1.000000000000000000e+00
-1.000000000000000000e+00
-8.431966682216398556e-01
8.731349082810810902e-01
5.416192108568123054e-01
1.369358775977899123e-01
4.133882717101178272e-02
1.000000000000000000e+00
4.777631059595734420e-01
1.000000000000000000e+00
-1.000000000000000000e+00
-1.000000000000000000e+00
-3.551917841261744702e-01
9.253305445789287154e-01
4.468275424061864953e-01
-5.476246434184363077e-01
-8.194928700584025449e-02
2.252350914261694037e-01
6.523519545934103325e-01
9.255659024190578954e-01
-6.385448596718523717e-04
