3.029877407752786800e-01
-9.550712702336845439e-01
4.449895213639002423e-01
-9.083969907362824392e-01
-9.969866755666140223e-01
-4.054216776941313438e-01
2.003027602519359129e-01
-2.540656839080092655e-01
-3.640844456097481752e-01
-9.885805260213196277e-01
5.068400088547362348e-01
-6.968458619492398087e-01
-5.672558184984637375e-01
-5.584680088532402165e-01
-3.926404575129033847e-01
7.078938956752344192e-01
-1.126582796730131453e-02
2.914119704001858283e-02
7.116274338186341364e-01
-2.484706683053919674e-01
-5.213362688139298873e-02
-4.271551871477764495e-01
6.479941788650191992e-01
4.057052216954407098e-02
6.595594101457223635e-02
5.771335474708908508e-01
-6.880614705531946929e-02
-4.182040582661484818e-01
-2.449419589078337955e-01
2.059279016677534047e-01
4.141635573056040576e-02
9.517803644972833155e-01
-5.718732911296341148e-02
7.415593520348068290e-01
-5.558442132159587823e-01
-2.866892328346161700e-01
-9.694573259952223854e-01
7.703179336156528167e-01
-7.852539909550158015e-01
1.000000000000000000e+00
-9.581793531972834232e-01
9.888929067847456178e-01
8.989091983306494171e-01
1.813133645999890353e-01
-6.014273513769266000e-01
-2.031539285360078884e-01
6.136670333548802647e-01
-8.872015721385434484e-01
-9.769403619737324629e-01
-8.452794745816120114e-01
-5.019997198937418137e-01
-9.415250587131680504e-01
-3.420231895654587406e-01
-3.479659625512808718e-01
-1.687125456592594164e-01
9.869156435080852496e-01
-2.137715124126090271e-01
3.256308403175424415e-02
3.078247881733958691e-01
-3.003695386822107793e-01
-2.207756377780415169e-01
4.520898448138110370e-01
1.577574290899670384e-01
-2.155256472039053794e-01
2.877398552499090822e-01
1.795862235675919072e-01
-4.138812400715645157e-01
4.113377968645293703e-01
-3.748895378929280597e-01
8.240733837247388172e-01
-3.716244949066286329e-01
-3.247501941218171040e-01
-4.219955090028359446e-01
-2.271774334717897859e-01
5.445864746667693906e-02
-2.554152147788688043e-02
2.872725572271463412e-01
6.619575200913685453e-01
6.104045979484922224e-01
-2.105171214363398269e-01
5.787215785684821645e-01
-5.262821465365981055e-01
-6.367965577392984411e-01
9.455743849025212144e-01
4.821303654850299103e-01
-7.851858913483346081e-01
8.418686521587697147e-01
7.916205566476505195e-01
-3.144564285198700460e-01
-1.000000000000000000e+00
-1.335313906404350659e-01
7.031391423118976691e-01
-4.989327813124934119e-01
-3.666265450181395158e-01
9.920313219108609637e-01
-5.907483842600822488e-01
-6.765578152542979229e-01
2.751119458727421807e-01
-5.429925754864494136e-01
-9.514483010464324098e-01
-7.655177918676628890e-01
-9.383827226131915555e-01
-5.719610127571952973e-02
2.203315802033640192e-01
5.951891791630784523e-01
6.982130871917119341e-01
-4.013285068824692936e-01
-1.000000000000000000e+00
-4.911688604468269492e-01
-3.026704073594892463e-01
-7.068689598882103853e-02
-3.461481806408248652e-01
-2.739346271870415905e-01
8.760114879270979316e-01
-6.340663976818613490e-01
-6.176619344738818462e-01
-8.710409355975273771e-01
7.654410190859511909e-01
-6.310488043735721364e-01
-4.096911409931117687e-01
-3.862016414749941395e-01
9.861738639891308722e-01
-6.060974588345913183e-01
9.805043596667269989e-01
3.677349174364646922e-01
8.402062374227773356e-01
-7.732032872238352450e-01
-6.085416001027895705e-01
-6.630964886209840259e-01
2.391622598001047484e-01
-4.516423269422604192e-01
-9.973732441057756581e-01
-1.136643725729571952e-02
8.880785753933190252e-01
4.014136507431610712e-02
1.599614623226101318e-01
-3.620301485353560542e-03
2.968189477184032254e-01
2.579487389286581611e-01
6.428853087152018864e-01
-5.385927049553932422e-01
-9.415100621123778657e-01
-4.770153862785199705e-01
-4.569698223474155108e-01
-4.927875394581522350e-01
5.560906400475339462e-01
-9.049809015486239838e-01
5.712689294604504919e-01
2.681252129878101687e-01
5.660773296817355870e-04
-8.805301819256309281e-01
9.758214720694654565e-01
1.158712057568238030e-01
-4.151777012671113432e-01
8.240777644551465775e-01
6.013203326231908452e-02
-9.353122356134863091e-01
-2.785085898937498805e-01
-4.679076794642466064e-01
1.257694469795874737e-01
3.427102803832090538e-01
-9.292532004510204446e-01
5.961095332023780280e-02
-4.645265639382011869e-01
6.773606568707243314e-01
-8.478622030491361761e-01
2.008409838956524140e-01
3.739338127931339240e-01
8.603420313254628304e-02
7.627412895224437994e-01
4.452895802812524284e-01
-9.809262306214026061e-01
-9.729709299304415415e-01
4.114453125192108485e-01
-5.826329115727201247e-01
-9.642958808893622447e-01
-6.300709898361930295e-01
5.038517342117129205e-01
3.990672445098136234e-01
6.204738486580680945e-01
6.888444252060493822e-01
-7.704741085128757883e-01
-2.412116471507313453e-01
-8.145777178667487073e-01
-3.500276872455054256e-01
-9.407690894433430318e-01
-3.166696449676165148e-01
2.477222197522483682e-01
-4.212442432402901948e-01
6.558818902439503828e-01
-3.187846289612945028e-01
-1.014712738452169805e-01
4.186577352320118850e-01
9.831893462545335804e-01
5.708431514593248490e-01
-3.192878383443527590e-01
-8.710661737805066585e-01
4.924044481163064590e-01
-6.373870362032408865e-01
8.356644046218669741e-01
-5.660401329824086281e-01
-7.674951450383971086e-01
1.232402267602796531e-01
-2.690268172559175941e-01
-1.815164876137415340e-01
-1.787466237889166754e-01
-5.661769880465572502e-01
5.188994547940825042e-01
-1.363245704577082384e-01
1.000000000000000000e+00
1.250506416902815721e-01
-9.932098348457915060e-01
8.614731116370647479e-01
-3.525491346583997099e-01
9.091320933702566887e-01
-1.271877041348443670e-02
-6.746453256165122481e-01
-9.370806662618984539e-01
-3.225013555599301474e-03
5.295958513364038556e-01
-1.817246259007009868e-01
-7.062785522758193713e-01
-4.394521035961240774e-01
-3.650233905289576586e-01
1.677371355089940508e-02
-1.684828072009145888e-02
-3.721931097061172977e-01
-2.443153724156651996e-02
3.357427641790062811e-01
3.448724546244062994e-01
-4.827214350304808721e-01
-3.018201533984388174e-02
7.755004905381014668e-02
5.346833852796594178e-01
2.334232241737563829e-01
-1.000000000000000000e+00
7.735703851502994111e-01
-8.580861756771183124e-01
4.637836878565988474e-01
3.191061400959651073e-01
-1.382989438841223662e-01
-1.797462332971864751e-01
1.854072997716726401e-01
-5.218336403990162520e-01
-3.351787831269323892e-01
7.774532972145059562e-03
1.000000000000000000e+00
-3.088353556416514878e-01
-6.379624516283660673e-01
1.000000000000000000e+00
6.384860264201099866e-01
1.598948197995039844e-01
4.262221900450481882e-01
6.781011532770837569e-01
-4.407271231846005555e-01
6.308502167649224779e-01
-7.757645167439355394e-01
-9.075815295238362501e-02
-4.802173048590573368e-01
5.409753489348244626e-01
-6.530230571498266690e-01
7.744816928391118349e-01
-3.517661805756336912e-01
-2.522381183647246505e-01
-2.065009810943152502e-01
