2.394168330181907778e-01
4.592940616284723054e-01
-4.449709287484485687e-01
-2.749797869265899752e-01
2.808143529533209670e-01
5.631361250491109249e-01
-1.835500149061230490e-01
5.789907243131856562e-01
-1.958409771041795810e-01
5.788604934118057876e-01
-4.069671285670453664e-02
-7.713932962185745534e-01
-1.526015376743181107e-01
-4.036060392082169712e-01
2.852058428595419248e-02
-5.953133329264406193e-01
-5.554325280900920259e-01
5.046349907259292111e-01
3.379020880037675312e-01
-4.850734532535172505e-01
7.631819051152690658e-01
-4.896842783690875667e-01
1.948397550562503133e-01
-7.082589995278011363e-01
6.026293504724266059e-01
2.724354631828548312e-01
-3.235342432314159411e-01
4.206424018765596573e-01
-1.000000000000000000e+00
4.832217427708833668e-01
6.350293965548485797e-01
9.735454311812044570e-02
-3.718049692799100803e-01
-3.584744089743747142e-01
1.590068235423470200e-01
-3.103307778860627253e-01
3.120572274192081053e-01
-3.416334111661031847e-02
2.606605861536592794e-01
3.389075820876136791e-01
2.297715898876784291e-01
-9.226466350529293203e-01
6.192681330577973764e-01
-4.020791413582569529e-02
-8.608766210672766928e-01
-1.000000000000000000e+00
1.674591235286571056e-02
-5.966045880111279232e-01
6.547930075632603097e-01
1.000000000000000000e+00
-7.940443189715021832e-01
5.308244162351744011e-01
6.142538765106874132e-01
1.968334432867444583e-01
7.374268605920647653e-03
-1.739615030333629686e-01
-2.994284031347485553e-02
-5.875247726163395079e-01
2.267476115194320407e-01
6.370146261964675372e-01
8.353137380670185852e-01
1.906909428350435087e-01
2.465151837172010474e-01
-2.821875001230347846e-02
1.000000000000000000e+00
-4.759684284639812413e-01
-1.311270037942191546e-02
-6.348894123067332362e-01
1.934915792673931045e-01
-2.834992550906157427e-01
5.903667303666714217e-01
-2.813775607629038222e-01
8.750149027480632613e-01
-4.720983005203189808e-01
-4.179989069318105210e-01
-1.556524763775514741e-01
7.192309171391647604e-01
6.423029940401786542e-02
-3.279407663789711824e-01
-7.736460998644804077e-01
-1.810051807878871877e-01
7.493249879951290326e-01
-4.779438742581303412e-01
9.991268451709285348e-01
4.404479717009276984e-01
6.544123420220810949e-01
-1.170993389413795827e-01
5.449708003270703482e-01
7.025125320951358665e-02
-1.824314006850903669e-01
2.076043355718099614e-01
-2.005644216421788029e-01
4.128510782558064696e-01
-5.685054057502136882e-01
7.111002975078020150e-01
-6.503397826262176107e-01
6.910116346674327614e-01
-1.147716710667191498e-01
4.452741459363412924e-01
6.028323292198662919e-01
5.106478001282287460e-01
3.560007217811991254e-01
-7.533320055470867915e-01
-1.358251163989153132e-01
-5.007761232062424295e-01
2.499973495242593380e-01
1.000000000000000000e+00
9.855791643462564755e-01
4.267433132149881514e-01
-5.785686238930306535e-01
-4.508456575353118057e-01
-1.665065659960664468e-01
9.185817855631365214e-01
-5.890380647113129253e-01
7.978562571823486493e-01
-4.876482469210187132e-01
4.605566373196999796e-01
-3.453126933940472987e-01
6.191399241721713409e-01
-5.067869003511338288e-01
-5.363499773084909883e-01
2.238171595760166666e-01
-4.254817519915439772e-01
9.714175788717333004e-03
-7.469772867138488870e-01
-2.188467970780444971e-01
5.948960831880718558e-01
2.186430031737723878e-02
3.689894142049496839e-01
-1.530929384526730219e-02
1.285180857929809628e-01
-1.319331899978175987e-02
3.980544862578412890e-01
-7.572521116647714656e-01
-8.147135639645732841e-01
4.527245436587739452e-02
1.977132176028049138e-01
-5.826378272197342278e-01
-4.226421863783418331e-01
-3.312231422601482622e-01
8.135383471279156176e-02
1.067833627067087121e-01
8.587280307271036861e-01
-4.177720550016217338e-01
-4.245495099245849557e-01
4.180858835860500888e-01
-2.909146019106379488e-01
3.995946294168762347e-01
-7.340957066369947492e-01
-4.756816958408481566e-02
-6.616821717127074898e-03
-1.000000000000000000e+00
3.707389328524712258e-01
6.948561884990905879e-01
3.262429047938275595e-04
2.888040298013667684e-01
-1.259512578998282228e-01
-6.297429532390140805e-01
-6.518300255312725611e-02
-7.473352374750291682e-01
-2.522845678277215731e-01
4.018265926343518313e-01
4.939805933701921781e-01
2.416970816772850972e-01
3.499126036581347021e-01
9.470145466730577333e-01
3.754167864439655333e-01
2.334981987239672097e-01
-4.161591355099727996e-02
-2.374495038307815886e-01
-4.655947270982074282e-01
4.534153149556602314e-02
-8.966013037843693079e-01
-7.279672985438996324e-01
-3.884077664313049238e-01
-2.397396926902005676e-01
-7.706097616550542373e-01
-7.543680001266608315e-01
-7.941345632995906456e-01
3.699210086682916399e-01
-6.599252500959152945e-01
8.404605790815568023e-01
-1.434957141139144854e-01
-9.322969679080521654e-01
9.670398095139590700e-01
1.134125669177887819e-02
4.998633427108883920e-01
4.240767560729572505e-01
-7.704067624369181910e-02
3.488838011021559993e-01
7.396623945334791506e-01
2.073797276830361414e-01
6.469218642269913833e-01
4.617019493284104659e-01
-7.511926551923192585e-01
-6.849650660635224764e-01
-8.471479432171988289e-02
5.552659402520874199e-01
1.025274247818860340e-01
3.612205097370659312e-01
4.822032965286015549e-01
3.061919139424024161e-01
-4.209212171148799531e-01
-1.844199343699005622e-01
-3.344762131156003848e-01
-9.919448425021138993e-01
-6.831352693611736360e-01
9.696053180678333439e-01
1.098698935310686020e-01
-3.899983750572925123e-01
6.091737632299612515e-02
3.477847296184481407e-01
-2.472717827652057276e-01
5.147969103041323269e-01
3.207519131538790758e-01
-5.847665112855540137e-01
2.463779561415700980e-01
2.591864931624772161e-01
6.753710112053088466e-01
2.272371228361009243e-01
-1.117917140885571481e-01
-1.569682182358200506e-01
3.919529270242388397e-01
-1.209424044192025788e-01
-5.351391713926756388e-02
-4.711792982949297715e-01
-9.467103067415338913e-01
3.252631786313779916e-01
-1.310958761798542219e-02
-2.637507848237432562e-01
-4.132981722674874958e-01
-9.012709513234941350e-03
1.022840573200161640e-01
1.288256653451167605e-02
-4.361558577156375849e-01
-3.898179114177211524e-01
5.731891708371168459e-01
-8.937732957941475764e-02
-9.383020400335209121e-01
-1.168651308411720047e-01
-7.305079953589406205e-01
-9.087316697018243961e-02
-8.945927560197525219e-01
-4.208179839303424208e-01
-1.000000000000000000e+00
-8.074853895278265581e-01
-3.868150971669295224e-01
7.451900524292573991e-01
1.000000000000000000e+00
2.491349869714684639e-01
-7.143926965935558648e-01
2.524027399080603917e-01
9.044840316153865967e-01
3.126019618798220878e-01
3.269621388222165859e-02
4.757496562271469887e-01
-6.369242927549958466e-01
2.758063658062153700e-01
3.304310566903119750e-01
6.007442579788943027e-01
-2.794125184430845121e-01
2.571190646621591136e-01
-6.621540574150972525e-01
7.248227898445779305e-01
-3.006377727222194762e-01
