-7.951418622846274653e-01
3.693023478819049688e-01
1.000000000000000000e+00
-1.000000000000000000e+00
2.061756936828568754e-01
-6.414217024249371790e-02
1.634098490674101845e-02
3.517278562799596719e-01
9.873670950961987991e-01
-9.489142391199871795e-01
1.999999999999999556e-01
2.049144594205948300e-02
9.088549666898037005e-01
-6.498695067727123797e-01
1.116716285888443017e-01
2.315942976358423555e-01
-1.454549424544869796e-01
-1.342906746389146977e-01
-9.605645698101527019e-01
-1.000000000000000000e+00
-4.710179203172453199e-01
-8.247060090631586071e-02
1.000000000000000000e+00
1.000000000000000000e+00
-2.571362727914058843e-02
-1.732374940724552004e-01
-6.041968401855044579e-01
2.277686987401383034e-01
8.025293235158781346e-01
-8.471822738833635347e-01
1.000000000000000000e+00
-5.036219400664219137e-01
4.703681690770278867e-01
-8.664645645983475308e-01
7.055467031771093245e-01
-7.008607992098626616e-01
1.000000000000000000e+00
-1.000000000000000000e+00
-7.333276617761796956e-01
-1.000000000000000000e+00
-1.000000000000000000e+00
1.000000000000000000e+00
-7.312751719181334042e-01
5.889846108804304148e-01
2.210811250733043520e-01
-1.000000000000000000e+00
-1.294495988596447711e-01
2.170804946136525304e-01
-1.000000000000000000e+00
4.671329565710969911e-01
2.931468127318047692e-02
6.026407704094602913e-01
-1.000000000000000000e+00
8.793150116626085033e-01
-1.000000000000000000e+00
-1.000000000000000000e+00
1.499150674214068668e-01
-5.803548100272841737e-01
-7.619161852557176928e-02
2.592393964131068373e-01
-3.277575118861836279e-02
1.620956642413179383e-01
-7.479676609896424022e-01
5.036510608503871333e-01
-1.470292168676780586e-01
-6.004866106221371513e-01
-1.000000000000000000e+00
3.705038647195051382e-01
-2.687091555135855403e-01
5.561879573603635274e-01
-2.572020793984653442e-01
-6.985808208981750811e-01
-8.891469500041301322e-01
1.000000000000000000e+00
-5.908012094001540149e-01
1.000000000000000000e+00
2.002385635530856689e-02
-3.475410615729722652e-01
1.000000000000000000e+00
-1.006463084274463737e-01
1.000000000000000000e+00
6.975919483762682560e-01
-1.000000000000000000e+00
9.412918569379687961e-01
8.526372955425736144e-01
2.510370376606546605e-01
3.761638430021507773e-01
-7.593029430770253940e-01
1.879860065800801061e-01
-4.079794218359814595e-01
-1.000000000000000000e+00
-1.040401681826833014e-01
-3.710910642657720970e-01
1.000000000000000000e+00
-9.006990718412016816e-01
-7.196175348729231258e-01
9.174642458692772173e-01
4.528167429577360514e-01
-1.000000000000000000e+00
1.000000000000000000e+00
-9.508455276057117267e-01
-1.000000000000000000e+00
4.052176835808891653e-01
-7.215505412026055332e-01
-1.905768337024573711e-01
-1.000000000000000000e+00
-1.000000000000000000e+00
1.000000000000000000e+00
-2.474878938288422869e-01
-7.540426074304660276e-01
-3.017733722776650973e-01
-1.000000000000000000e+00
-4.193344082194722655e-01
3.444337309806454472e-01
6.759003474278848511e-01
-2.267956893094605908e-01
-9.437698681741047979e-01
-5.618350453134859368e-01
-3.874798728010154791e-01
-1.000000000000000000e+00
-2.313222028505098893e-01
9.632639240193168195e-01
-9.210078446768863447e-01
2.359788391760707649e-01
5.760333262925243503e-04
1.130925186947958350e-01
-8.649043853258299164e-01
5.644868562185643146e-01
5.278036928171445652e-01
9.595459971032260782e-02
-9.332096344389357867e-01
-4.374542725711532687e-01
-1.000000000000000000e+00
1.501241629590067683e-01
8.213966173081450606e-01
1.000000000000000000e+00
-7.164494811621486825e-01
-1.468354947727436022e-01
-1.439490096268238595e-01
-1.000000000000000000e+00
1.000000000000000000e+00
-5.856876916232585106e-01
3.642151260991697281e-01
-1.000000000000000000e+00
-2.657088778819445274e-01
1.000000000000000000e+00
-3.958985090617456182e-01
-4.289181455675157295e-01
-5.334104564673367577e-01
9.023547624976285819e-01
6.550222456129582982e-01
1.000000000000000000e+00
-1.000000000000000000e+00
1.000000000000000000e+00
-3.106195583157387308e-01
1.000000000000000000e+00
1.000000000000000000e+00
5.200100786861341362e-01
-8.633628698644790767e-01
-3.339615028094189420e-02
1.000000000000000000e+00
-7.431915574153575843e-01
-1.000000000000000000e+00
-1.936555182859927005e-01
2.401699864916719829e-01
-1.000000000000000000e+00
3.920330693552523393e-01
6.214295734205066424e-01
5.905579802307669990e-01
-4.968932672523305172e-01
1.282273970484706371e-01
4.784895031886401973e-01
-7.255160019646050840e-02
1.000000000000000000e+00
-1.000000000000000000e+00
1.000000000000000000e+00
-4.933871901753367206e-02
1.000000000000000000e+00
-9.626051892949244460e-01
5.722223423511998419e-01
-5.544141236818680429e-01
7.121138663016557402e-01
3.086194715766997776e-01
-4.322277875383051526e-01
-8.692358434028313319e-01
6.372918860594916080e-01
-7.241277508673721330e-01
-7.196506354039837738e-01
-1.076524687865893226e-01
1.000000000000000000e+00
1.000000000000000000e+00
-1.000000000000000000e+00
1.702588470390236086e-01
-5.053147501545788289e-01
-1.000000000000000000e+00
-3.828132926019064408e-01
-2.381810087859423941e-01
8.406035079029856583e-01
3.674691441793220825e-03
-1.704667601864695570e-01
-4.855375516891488608e-01
1.000000000000000000e+00
-1.669932482674310881e-01
1.000000000000000000e+00
-8.833874826353074194e-01
3.831900654709360921e-01
-8.823907389657439371e-01
-6.551988903878958048e-01
-3.886662924531816277e-01
-7.947965641056065067e-01
-1.167000219147913409e-01
1.000000000000000000e+00
-1.250310109088295651e-01
9.451986144837200010e-01
-9.944010322784342382e-01
-8.967124092039648886e-01
-8.008446595052475248e-01
-1.000000000000000000e+00
1.000000000000000000e+00
1.000000000000000000e+00
9.102198512011313580e-01
-7.242025651354120352e-01
2.214013979591182846e-01
-1.000000000000000000e+00
-6.411599627899763343e-01
-1.672889431243351765e-01
-5.519225051645879621e-01
2.468469412661465634e-01
7.308525428515645350e-01
1.025395804985640702e-01
-1.000000000000000000e+00
-9.177739725545486227e-02
1.263969043480550059e-01
5.946050602604254776e-01
-3.910262146606223732e-01
1.000000000000000000e+00
-1.000000000000000000e+00
-4.868467122410998771e-01
5.665248833636693515e-01
1.796581460747049275e-01
6.610573903706888910e-01
1.000000000000000000e+00
2.101095954174821978e-01
-1.000000000000000000e+00
-6.283009020353432783e-01
-2.044543395295774779e-01
9.700223770847791194e-01
-1.000000000000000000e+00
1.561586285595533419e-01
-4.142993112479428919e-01
-2.685019848930813025e-01
1.000000000000000000e+00
1.000000000000000000e+00
1.000000000000000000e+00
6.927281875230552055e-01
1.000000000000000000e+00
1.926525572635990891e-01
-1.000000000000000000e+00
-4.384873812757782430e-01
-9.779434570070846822e-02
-3.887966622914286741e-01
1.003422004080040120e-01
-1.669739443609847274e-01
-3.403941909354385453e-01
3.932904336354846042e-01
