7.220261506755892844e-01
-2.289569005762379095e-01
6.595200704170717243e-01
4.840154500485316369e-01
2.836931373251691535e-02
-7.676013100649797805e-01
-3.751758682759695485e-01
-1.325876295891483536e-01
3.287732525019659846e-01
-5.298081724039138685e-02
2.297980552902460505e-01
-7.749113432500390752e-01
5.400649037110790696e-01
-4.616725406261814046e-01
-4.529170948581413836e-02
-9.221816483069429360e-01
1.071355202104019577e-01
1.025024815310868753e-01
-1.859656372833193294e-01
-1.421588945599867038e-01
-2.131746779358310862e-01
7.978262465141949811e-02
-8.252124171689205756e-01
-1.185340310358248828e-02
4.584537534904868927e-01
-3.161478059475982816e-01
5.463914731815429082e-01
-2.663098143319573285e-01
-1.796933170200777641e-01
5.721269801347304007e-01
8.711258852400614872e-03
-3.714603999095634768e-01
-5.120368890765732983e-01
-1.000000000000000000e+00
-3.873432196129976135e-01
4.405058699894512375e-01
-8.095704142878612508e-01
-5.260521372875551216e-02
7.429072589692281570e-02
-5.999395194005877618e-01
-3.123685758813697921e-01
-3.361871758324780357e-01
-7.600517007415770188e-01
5.902856503614818395e-01
-1.970262747688472649e-01
-5.793452008962702848e-01
7.532194135196430551e-01
1.997704784272034684e-01
-6.123231709310914539e-01
7.870435373291133629e-01
3.011622344633929083e-01
7.788053946924847759e-01
-7.845196995994885292e-02
-9.647896657903154427e-02
-3.332015112996757344e-01
2.686167087723048130e-01
2.626944594249611686e-01
4.741547189483960034e-01
8.773807150398381660e-01
-1.684865916019502863e-01
2.088915115140398682e-01
-5.279641500854087566e-01
2.255653547888570865e-01
2.202359177620363540e-01
-1.000000000000000000e+00
-1.024205150104625650e-01
1.002418080184257487e-01
-4.267208338951787305e-01
4.682214612168495993e-01
-4.106836481097178027e-01
5.499344334016535996e-01
2.871217028493684431e-01
-5.210298990955664067e-01
-9.073731950879425356e-02
3.930822537715812914e-01
-3.099004786380947229e-01
-1.455928663924040689e-01
-3.052947834923357417e-01
6.027030083435814811e-01
5.920583469030623602e-01
5.647768353295642418e-01
8.088683259698399297e-01
-5.112368889742264777e-01
-1.439688754885138644e-01
5.315793487738154077e-01
-6.212720622557433847e-01
-6.518874805310646003e-01
-3.414660544016300814e-01
-8.404011683711273828e-02
1.102948396471840897e-01
3.933506648845260800e-01
-2.452656143000452316e-01
4.328816389507328388e-02
-3.438888763176933816e-01
8.774120122286015455e-01
5.293110797019586755e-01
2.981750935031123317e-01
4.370257464997359120e-01
8.830378060432846343e-01
-8.302161788439386125e-01
-2.729917981962574625e-01
-6.466627074276642961e-04
2.601031939433510742e-01
-2.041771348231586902e-01
-9.491877015816466145e-02
-1.648417205703133215e-01
-1.581533119143722355e-01
1.496546654125302522e-01
6.393628104261841472e-01
-1.253483306592853841e-01
2.178026173879053784e-01
1.235381358371233640e-01
3.465307755927777844e-01
5.919791385500320358e-01
-4.633275858918287637e-01
-1.734956517971913970e-02
-2.861100772192366470e-01
-8.651695154890881589e-01
8.528741599421180153e-01
9.959912293337799816e-02
-5.908469095700932816e-02
3.462795489468004084e-01
5.892756457735835035e-02
4.330235604864571819e-01
-2.285866495299369028e-01
-2.896061085065937402e-02
2.111733309162368843e-01
-3.501797587783614940e-01
-2.410556612668762755e-01
-5.683388615296026680e-01
-1.181549726983183446e-01
-8.219964723016696950e-02
2.622363485180497222e-01
-2.488057638717198206e-01
-2.438152084165731148e-01
3.185304033108690702e-01
-5.379645676161930457e-01
7.056478885514924082e-01
-1.292018081760253623e-01
5.761160122496744584e-02
-2.055342419403581589e-01
-7.570569129154249843e-01
1.780810872659943644e-01
-8.420509959230554342e-02
-9.347924148114350462e-02
1.259883869076263985e-01
1.592498035508476961e-01
2.308689496198969016e-01
2.003431231200621943e-01
9.085451166546132384e-03
-5.091913636338665228e-01
7.605946359287556469e-01
3.511154875351529814e-01
-2.287571166494742625e-01
2.490717246667341622e-01
4.473342374508553765e-01
-5.843620868327008555e-01
-5.477765638024620909e-01
-7.060624195788274271e-01
4.830882397693637698e-01
-1.966648829570868395e-01
-5.292570285383599860e-01
3.631204675769958978e-01
-2.051314464873303656e-01
5.725694410387427435e-01
-1.325104163681509462e-01
5.301897895613253420e-01
-7.863012630311141393e-01
4.300506745438192890e-01
3.340138850103353541e-01
6.869380833307614509e-01
2.897150743446152976e-01
4.283265376608479946e-01
6.009792577856940543e-01
-8.014881167935225537e-02
-7.673546958233441462e-01
-4.963162214488419655e-01
-2.691656095562757200e-01
-7.503340662775595526e-02
-3.438414896972085133e-01
7.246870969240903904e-01
-7.207337274911260749e-01
-4.002708121742125646e-01
-3.335202558349834590e-01
2.015428332537780864e-01
5.332573573447196846e-01
5.342693803146802978e-02
-5.675978656214508700e-01
2.690392797339649089e-01
5.373520873136065079e-01
-4.528444792006308117e-01
7.407455670387321778e-01
2.654462089502817035e-01
2.614046873092567003e-01
-1.162101370596877459e-01
-3.832892369350477946e-01
-1.076817588598843467e-01
9.820121837153141797e-01
-7.957017685181817512e-01
-2.703879283003821077e-01
1.146806354268157663e-01
-4.127460597055381819e-01
1.357860583147419420e-01
-8.273298550939421903e-01
6.771523746255156961e-01
-1.350871250330491213e-01
-9.084955808852512860e-01
1.985124456194224118e-01
4.910960729666026814e-01
-8.032187725222377228e-01
-1.247414010839778820e-01
-3.102934869851007860e-01
7.154335349741114403e-02
5.860447952344871592e-01
1.706068601282833830e-01
-1.909747863393207457e-03
2.478376303727106988e-01
-2.406450250346076070e-01
4.629375463617622088e-01
-1.071360133305211682e-01
-9.972318702018218017e-01
6.027042696421791579e-03
-6.815826430260567559e-01
-4.739972746083584432e-01
5.564482831008790154e-01
-3.834273373858902434e-01
-7.910560962506999472e-01
1.804238786581804921e-02
1.608254543425837735e-01
-8.239215630852396721e-01
-2.300806065296012726e-02
-1.948890715276530017e-02
3.224061618302777599e-01
4.477872845496317367e-01
-2.268364451783597968e-01
-3.989723402339102054e-01
-7.164774529018523852e-01
1.169011340958651668e-01
7.757686407625080660e-01
-6.000776302101371584e-01
7.459166663514483764e-01
-3.269416103184845657e-01
4.631681456585314827e-01
4.777336602829798662e-02
-7.632638826518181041e-01
-9.593548183561790843e-01
-4.361272377792507760e-01
7.070240066514936750e-01
-3.569281582121076046e-01
9.374115813949219778e-01
2.155469855696757198e-01
2.243374884619971366e-01
-3.564786880823117565e-01
-6.085340703289858766e-01
-3.188823988135303100e-01
-5.897030259788317297e-01
3.389527242710091981e-01
3.449074017178757057e-01
-5.250498578720382836e-01
5.008516911709099961e-01
1.220566766211107074e-01
-2.311446381344356704e-01
6.153345047039997517e-01
-1.659911297797218854e-01
3.821466819073380261e-01
