2.222868643795086752e-02
-6.973370829755991540e-01
-5.024733412141748623e-01
1.171854254638150239e-01
3.827007226011590046e-01
-2.210945853802247507e-01
-2.012836860871263789e-01
4.115224166488726798e-01
-3.858448757940440843e-01
-7.367125993983869581e-02
-2.941278982221071092e-01
-7.946041734472528706e-01
9.048750236490782362e-02
4.786660318265377745e-01
-1.000000000000000000e+00
1.000000000000000000e+00
1.485730164285766208e-01
-6.345988295017871428e-01
7.025205705952508595e-02
-1.000000000000000000e+00
2.537485362221514329e-01
-9.829962300626204907e-01
-7.098675331601972394e-01
-2.739390322948297846e-02
2.861237500698886604e-01
-2.485755315072122329e-01
-1.000000000000000000e+00
2.608817510006395946e-01
1.057156049972763634e-01
-6.489686136892037771e-01
-1.000000000000000000e+00
2.485210108174377430e-01
9.519070724870706268e-01
-6.358832793579978215e-01
1.000000000000000000e+00
4.081197984898277120e-01
-8.494429342859911580e-01
-8.158050719618262780e-01
3.636725204578160620e-01
3.456288054242557251e-01
-9.205295785559771682e-01
6.674502254627028286e-01
2.308376044762292661e-02
-8.605287446300911025e-01
-4.459393377915453760e-01
-9.722648922539121052e-01
8.168812489368924012e-01
-6.149027880059645401e-01
1.786858989180667157e-01
6.532086404752570630e-01
-5.344753405776563326e-01
9.335531979705449235e-01
-2.326559558698209074e-01
-7.104568533508861528e-01
-6.779171230704053031e-01
-1.661993900794375978e-01
6.335311762966008287e-01
1.431739383180566372e-01
2.166560668043215343e-01
-5.327508253332391419e-03
2.507193096561661783e-01
-3.244258961284194887e-01
-1.000000000000000000e+00
-3.486462578046760630e-01
5.811616474214819084e-01
8.777756316855653274e-02
-8.704687711205874034e-01
-5.009378430131945503e-01
-3.590596493045817850e-01
-7.713448950084426103e-01
-9.942030113130917446e-01
-2.063327678110866148e-01
-1.807158832297779405e-01
-1.912667992665650074e-01
-8.604726432722233920e-01
3.160469000631477288e-01
2.415714584954099520e-01
1.000000000000000000e+00
1.000000000000000000e+00
-1.000000000000000000e+00
6.841723161804016407e-01
9.680905108502519951e-01
-1.503665906935104102e-01
-1.000000000000000000e+00
5.314496570590077074e-01
2.092101924503088073e-01
3.815383650916437386e-02
-7.032242372225740168e-02
7.278292625100726276e-01
5.421633393304375881e-02
3.466739712552772135e-01
4.978218183194812463e-01
-2.711534574690654398e-01
8.135672766104546927e-01
1.429337237818108786e-01
1.000000000000000000e+00
3.993122644490429418e-01
6.529066897814645998e-01
-3.650941286140804154e-01
-3.566262889100286770e-01
-4.764116181737824141e-01
-1.967578646215782379e-01
3.450599135224753922e-01
-8.066933281967811897e-01
-3.625453362633132004e-01
-4.334392771546601020e-02
9.074809899299198790e-01
-2.047407321421581550e-01
2.173830928546881536e-01
1.821878590557596822e-01
4.750906851772067063e-01
1.634676885126558898e-01
-8.068207230991226719e-01
1.734198000194976941e-01
-2.679400761426024014e-01
5.973938407980052823e-01
-2.301435426155848396e-01
8.587133258663663948e-01
1.151146569121954955e-01
-1.000000000000000000e+00
5.707540751826034597e-01
4.177902000785965186e-01
-3.157040528850117433e-01
-3.564986501151918841e-01
-2.863775149844137724e-01
-3.052859569027100983e-01
7.389974713278600893e-01
4.890556027653928939e-01
6.740940605322756074e-01
-4.188784232761035842e-01
-3.161697219503191159e-01
-4.979082948234961892e-01
-4.536013309844819097e-01
-7.545384490156573642e-01
-5.852811377176232455e-01
1.491351052574927949e-01
-1.670133339099195702e-01
9.741020932175081803e-01
-2.012591176065328946e-01
-8.613046426250882126e-01
6.748264022972806364e-01
7.111925690781951970e-02
3.577178479127810506e-01
-7.678098838641459478e-01
5.746310882898687522e-01
-5.292056640054957350e-01
-7.355257201601754780e-01
9.938027874011963192e-01
-5.444740936526644426e-02
-8.772028501992944483e-01
1.294971455848702435e-01
-5.916741691178346585e-01
-1.000000000000000000e+00
6.026333586162035960e-02
1.000000000000000000e+00
6.328041458939021036e-01
-3.467175166637263550e-01
-9.615817317889361338e-01
6.298035595469699821e-01
2.504835984005878702e-01
-4.719678064997105960e-01
-1.098070664490926329e-01
-9.087165914427325353e-01
2.654994880137349078e-01
4.688832600166513709e-01
-1.725311998911674138e-01
-3.201359967078913349e-01
6.098230275094300712e-01
4.818740766210749538e-03
-4.483425700596704866e-01
5.162193996796311524e-01
3.304517239072422008e-01
-4.073190272211727470e-01
-9.164925103418734842e-02
8.408895134508252989e-01
-9.569303038889137580e-01
-4.735613601734681155e-02
5.440030365392088951e-01
1.000000000000000000e+00
-4.565561211167810107e-01
-2.881006296184045468e-01
2.427123685254185537e-01
5.068443335488121981e-01
-3.828898656466803163e-02
2.281611251706301413e-01
-1.000000000000000000e+00
3.774391906222459570e-01
-1.685282430083795413e-02
3.305560092277976536e-01
8.608433977609863952e-01
-6.319160509351029464e-01
6.018770771071274561e-01
-9.810295399363890834e-01
7.040207739162269718e-01
-4.033832083390910261e-01
4.668660108143878884e-01
8.039106303888292615e-01
-6.903334380081180277e-02
-9.205378619589026368e-01
-6.107665925108812788e-02
-8.523032009361977135e-01
-3.414054871223276000e-01
1.059378602788991763e-01
-1.546359798054869339e-01
-3.242045673426397490e-01
-3.624746661344047660e-01
1.165710919024515735e-01
5.506286989687684263e-01
-6.989099302178696238e-01
7.524683608900140097e-01
1.000000000000000000e+00
3.154562341349205212e-01
4.877173109661849804e-01
-7.071092098202634846e-01
-8.596915811192480383e-01
7.857648882741797847e-01
-9.656978535656017826e-01
-1.000000000000000000e+00
9.040944537068400511e-01
5.009969151701478829e-01
-5.120252922834221954e-01
9.386096187245135392e-02
-1.000000000000000000e+00
-4.516737863837195777e-01
1.269011100842709627e-03
4.265831222008754642e-01
-4.492731649184655840e-01
-5.912139360614346861e-01
4.965800351227882548e-01
1.454154085453981393e-01
4.883143890227925610e-02
-3.164837930993267823e-01
-2.859974541972338802e-01
-9.200038948041996401e-01
-9.689590682387332343e-01
-5.195551457340241708e-01
1.000000000000000000e+00
5.376510709786171960e-01
8.738743698028141882e-01
-5.832811611925986517e-01
1.257884731091335473e-02
-5.618460615007769832e-01
-6.429662686780288627e-01
8.535710576320152398e-01
-3.862658632588455432e-01
-9.460115890076158385e-01
-5.522964716493572457e-02
1.000000000000000000e+00
-9.667669165046409441e-02
6.750185423791457140e-01
-9.478041872826286074e-01
3.874919083812323195e-01
-7.434987519019394808e-01
3.795286554450987282e-01
9.574646603953566870e-03
3.088256998277993381e-01
-2.588814856565604949e-02
5.337371443312202146e-01
2.014006072811680981e-01
-6.512579550139537821e-01
-7.730732112698595060e-01
7.951009725936708517e-01
-1.739077056913973518e-02
4.421330631781139608e-01
3.342730677170229758e-01
