-8.112832199227225649e-01
-1.544053723525934119e-01
-2.922709832197196711e-01
-6.590423748056946085e-01
-7.861136525906227135e-01
-6.064425351677320553e-01
-1.000000000000000000e+00
-8.619967257031496688e-01
-1.013321903704222232e-02
1.246810166680589749e-01
-7.963841526680074390e-01
-5.726809666202663518e-01
-4.529979129226423540e-01
1.627767201797999247e-02
9.271774190467740873e-01
-2.408390636729792755e-01
-2.903672906017724931e-02
-3.480990259528985442e-01
4.001526220345829055e-01
7.493115574386528810e-02
-1.205837674395003195e-01
7.026749122596965824e-01
-4.946732781665017509e-01
1.981303389287087935e-01
-4.944789851506884437e-01
-5.807371409950553565e-01
-4.311979868570143259e-01
-9.759737673492415722e-01
-3.598585413333771910e-01
-1.342677697057615138e-01
1.788852661841408842e-01
1.107469932220818687e-01
1.701964913432219284e-01
6.420521983018405709e-01
-1.425247306100284606e-01
6.393739634475008315e-02
-2.915121563773707958e-03
-4.256089352957845295e-01
1.000000000000000000e+00
-6.123716874003873878e-01
-3.098674063748549923e-01
2.688192115968289775e-01
-4.218798882856142352e-02
1.000000000000000000e+00
9.610500385412359403e-01
-6.762078944120556434e-01
4.454423727411090383e-01
7.654229616075572395e-02
-3.965186360811137622e-01
1.000000000000000000e+00
-9.975946725027553530e-01
-7.078627065219091907e-01
-2.637315792384293811e-01
1.109891059171585759e-01
3.107577033540445677e-01
1.000000000000000000e+00
-4.397380254374809727e-01
-3.575023337790347311e-01
8.791961649003929846e-01
7.818568028780905621e-01
2.027539980729343716e-01
1.000000000000000000e+00
-2.120243448212128651e-02
5.709620749812199803e-01
2.779786298968132674e-01
-1.290344117616776531e-01
1.000000000000000000e+00
-4.103970040071279468e-02
1.000000000000000000e+00
3.469868445230092080e-01
4.596987811605079410e-01
-5.591369832503659820e-01
-1.869345946632183231e-01
-1.000000000000000000e+00
-6.632432944912532991e-01
4.449242319932317780e-01
-2.656604215989972206e-01
-5.356403407758969504e-01
-6.603423554296499187e-01
6.311794091081184277e-01
-7.908961568009842402e-01
1.000000000000000000e+00
1.701390870988285786e-01
1.842502347389592399e-01
-8.299102128392497058e-01
-2.830529495608830048e-01
5.675865834277751265e-01
9.498011892991833349e-01
-4.799620286711105410e-01
1.485288287297035215e-01
-5.401053832376087049e-01
-1.948425899386955762e-01
-4.294821657121785652e-01
9.192086168691324666e-01
5.851467351119699067e-01
-7.643488158842055569e-01
5.459355879658808197e-01
8.573881085891592591e-01
-9.729307465788439302e-02
-2.708215119873043017e-02
-6.425548672553796914e-01
-9.881155001388113313e-01
3.115033151279934798e-02
1.189598398671232043e-01
-4.993237910463830809e-01
3.846197007527030753e-01
3.458837938518539712e-01
-5.993741561184392497e-01
2.043145917764037922e-01
-4.009415854146530234e-01
2.732477243144373347e-01
3.531458927629684275e-01
8.755094460764303310e-01
-7.210874884776070637e-01
-5.485292158181191979e-01
4.754414779063760865e-01
-4.846176784080877264e-01
-2.395931491020324433e-01
-1.200221202311315682e-01
2.265165951708701941e-01
3.926268914678929245e-01
1.903232150550369095e-01
7.930382377145066553e-01
-1.000000000000000000e+00
-6.522694213869092428e-01
2.194462570610293817e-01
4.667475923591331011e-01
8.596709299247309866e-02
-2.268790820847872702e-01
2.698435263876500234e-01
-6.622937852297043904e-01
-4.834559957419094500e-01
-5.426150068660245962e-01
-9.803725963750877792e-01
-2.667593519487616027e-01
-8.818191288586785248e-02
-2.341213630886729291e-01
2.431055372197266362e-01
1.000000000000000000e+00
-6.443205202592924286e-01
-8.157099633546623929e-01
-8.508286025129722097e-01
6.138865998794896806e-01
-3.438575642791225628e-01
-6.114211526470622049e-01
3.174007454705003450e-01
-8.966297061416647063e-01
4.979385630827832809e-01
-7.547048992605658313e-01
-5.473448739099177895e-02
9.846644239517011732e-01
-6.440269492915896843e-02
1.000000000000000000e+00
6.833089225076682816e-02
-3.638085627503562236e-01
7.442590827730584113e-01
1.000000000000000000e+00
8.223614517910661226e-01
6.953649812797184637e-01
-4.644415601995053322e-01
-1.631746787076542304e-01
3.768895657630545459e-01
-9.961002360547147605e-01
-2.066272427307375981e-01
4.013179476281064084e-01
2.811164730587464300e-01
4.048137770734183127e-01
-9.198681035985818433e-01
3.044007014073711603e-02
-7.483179019375342245e-01
5.167029620313087213e-01
9.895715202265408239e-01
-9.264119914128944588e-02
-3.048077289554976255e-01
-3.901557474615803267e-01
6.434610223205728952e-01
-2.055732658184278999e-03
8.722209256484776407e-01
5.955200301934012730e-01
1.000000000000000000e+00
-3.904246414933564835e-01
1.268142720182642846e-01
1.000000000000000000e+00
6.174699493474375411e-02
-2.544378852489360132e-01
3.460825125173807026e-01
-3.708097199712785397e-01
-3.543288117709007534e-01
-2.527267129007220170e-01
-1.678699585727804200e-01
-5.603937813720065719e-01
9.793290557992900824e-01
-1.000000000000000000e+00
-7.313528531802150345e-01
-1.505032975851847143e-02
-4.941499817277214546e-01
-6.183901493177552666e-01
5.728445575412972612e-01
2.821016202604448297e-01
-3.639973191020862142e-01
-9.997754988094427198e-01
6.084252237014289300e-01
-1.000000000000000000e+00
-1.239286057202661356e-01
-6.942033428748203283e-01
-5.696394933461927934e-01
-3.174557754962270550e-02
2.118955836734250919e-01
-9.463514565951695046e-01
-4.613005868390218089e-01
-8.036629759288697050e-01
-4.461300345887185825e-01
7.777934989852981762e-02
9.581731462507891983e-01
4.590872433376571027e-01
2.395945541550861535e-01
-9.031021711034676880e-01
1.000000000000000000e+00
6.292939313672728519e-01
-6.716556712691750253e-01
-2.853015889142818118e-01
1.000000000000000000e+00
7.480195041781414478e-01
-8.428898271818685561e-02
3.014998034453310050e-01
-7.777130545094399494e-01
3.144786604303331234e-01
1.248290044884608346e-01
-9.984412535794263688e-01
-9.365235398651974297e-01
-7.240468805421991505e-02
-1.000000000000000000e+00
1.000000000000000000e+00
-1.000000000000000000e+00
-3.884756015724327161e-01
-9.071296153909183535e-02
-2.339404901624432265e-01
-6.363371737008670648e-01
1.192564093387790333e-02
6.060630951440243441e-01
-4.593124053138618046e-01
-2.281507958327234353e-01
4.076153447670048946e-01
-2.414161819506994988e-01
3.350395072689788534e-01
-8.473142840968982126e-02
1.000000000000000000e+00
3.382603740652940227e-01
-4.164974809692879587e-01
6.586829207153763188e-02
-9.240280787411887520e-01
-4.311628669120081692e-01
-2.048578082321453331e-02
-2.848399058686854612e-01
9.855858483821711147e-01
2.235175747173704514e-02
-9.639470595493888627e-01
2.908260308885560752e-01
8.192667523045112921e-01
1.000000000000000000e+00
1.763040472892489496e-01
2.407754876511445374e-01
-3.398619770483925495e-01
9.049658280808239308e-01
9.888574003356443987e-01
