1.000000000000000000e+00
-4.937264567495652789e-02
-6.019117103066071728e-01
4.901974231853107322e-01
3.351520267684285348e-01
1.000000000000000000e+00
-1.000000000000000000e+00
-1.000000000000000000e+00
-1.606484541548652833e-01
7.602972852302821716e-01
1.000000000000000000e+00
5.709898734957546962e-01
-4.996335550909768441e-01
1.000000000000000000e+00
-8.948089777352358221e-02
1.274568558168987231e-01
3.633499996720822023e-01
-1.000000000000000000e+00
-3.440532233556244379e-01
1.000000000000000000e+00
-1.000000000000000000e+00
1.578514410117735356e-01
1.733736114814871110e-02
-8.940152628274103952e-01
3.291534148920219893e-01
-1.000000000000000000e+00
6.534801380584045472e-01
3.675816445700827995e-01
-6.477980070501647702e-01
-3.654239634812936899e-01
4.415122717793242280e-01
-1.143205949723197223e-03
-5.154242296711621929e-01
3.156845147744381797e-02
-1.000000000000000000e+00
1.000000000000000000e+00
-8.111315354322496951e-01
9.999708527761143051e-01
-4.130459251785876251e-01
3.622429246108175294e-01
1.000000000000000000e+00
-1.000000000000000000e+00
7.200199971983995972e-01
-1.000000000000000000e+00
-1.000000000000000000e+00
-1.000000000000000000e+00
-9.006831993139419179e-02
9.327095370928479845e-01
-4.510212451642363063e-01
-1.000000000000000000e+00
6.893903137423984528e-01
3.334345811539576321e-01
1.000000000000000000e+00
-4.243275805820452828e-01
-3.376555969617564545e-01
4.436553064104735711e-01
-6.530350109398361802e-01
1.000000000000000000e+00
-6.075238230791777383e-01
4.462511907654035381e-01
-3.708272596322326198e-02
-8.828755007515824982e-01
2.970680917349104444e-01
-9.591613259385620704e-01
5.257910797967958461e-01
-2.813979886843779310e-01
5.774958835501972088e-01
-4.265342830293434306e-01
1.000000000000000000e+00
-1.000000000000000000e+00
-3.006128595858718056e-01
2.304900062448458631e-01
1.000000000000000000e+00
-8.163902823210114068e-01
-8.273699456010809028e-01
1.620911671086775474e-01
9.010044524323866932e-01
-1.868726795582003608e-01
-6.109691184122598706e-01
-1.000000000000000000e+00
-1.823237977887181560e-01
4.621697453034467884e-02
-7.628463585444262840e-01
1.000000000000000000e+00
1.129420756789540348e-01
-2.808350705059818320e-01
-1.000000000000000000e+00
1.813565680795368174e-01
7.442803216230678975e-01
4.273983482061938233e-02
3.796504186663440805e-03
4.814729977943804085e-01
-7.125239687629824070e-01
4.977851586201076373e-01
-2.519122718851638520e-01
-2.133256031604835457e-01
-7.947967889858087442e-01
-1.000000000000000000e+00
1.000000000000000000e+00
-2.647802812513667670e-01
-2.673899625048157258e-01
-3.997318010868731175e-01
3.099550144258852447e-01
-9.955185411170994758e-01
-3.198238187312686387e-01
1.000000000000000000e+00
1.000000000000000000e+00
-6.379686042328519546e-02
5.533063217310206783e-01
-8.734646319409428150e-01
-2.902375994065990450e-01
1.000000000000000000e+00
-1.000000000000000000e+00
4.378718335770664383e-01
-1.000000000000000000e+00
-9.197897663200613749e-01
2.799656160098968893e-01
-1.689394197356890448e-01
-5.211089506438985053e-01
5.275753133492366853e-02
3.652840190718035229e-01
5.198516688153337340e-01
-5.539632398805139912e-01
4.476118355698261997e-01
-1.000000000000000000e+00
8.282061428390768976e-01
8.839415231351587243e-01
-9.583387382079947558e-01
-3.007874722630740072e-01
-8.666967511689016579e-02
9.070408368630911156e-02
6.150301858873334915e-01
-3.625948696377082614e-01
2.085231947339924452e-02
6.896105095136424445e-01
-1.590123733156083852e-01
2.946413851517681870e-02
-8.086081029585756585e-01
1.000000000000000000e+00
-4.234924018471244445e-01
5.356360599972772585e-01
-6.739811910610854495e-02
2.663298032834360285e-02
-1.585741937845827620e-01
1.000000000000000000e+00
-4.425281089102985344e-01
2.717851266239417196e-01
-6.347337418272936960e-01
3.796890634582645307e-01
5.296380221638316010e-01
2.339209111351917558e-01
-7.983544465044224436e-01
6.816382528466635726e-01
-1.000000000000000000e+00
-9.480749250645548187e-02
-1.000000000000000000e+00
1.000000000000000000e+00
-1.291056239782439885e-01
-1.000000000000000000e+00
-1.000000000000000000e+00
5.840095420582547270e-02
4.798146230675728319e-01
2.803806573763103493e-01
4.892680654145684649e-01
9.815892617953221322e-01
3.640325228995073825e-01
-8.834305319705224036e-02
-6.876206113503817718e-01
-8.792951314809349661e-02
1.952007054988851298e-01
1.000000000000000000e+00
6.021758479294063715e-01
8.213843168339569623e-01
3.693865574686786557e-01
0.000000000000000000e+00
-6.031217396230588168e-01
8.024467179282853690e-01
-7.889523840828224222e-01
4.649768322149600008e-01
-1.000000000000000000e+00
2.933049828439448503e-01
1.000000000000000000e+00
-4.335518364341972575e-02
2.468896430654750063e-01
-1.000000000000000000e+00
-6.319435587780365404e-01
-5.704430557756352549e-01
6.826116614374031499e-01
8.354391025164669138e-01
1.000000000000000000e+00
-8.113512946793746128e-01
-8.210584384489825194e-01
1.688778786948682553e-01
-8.008405955460426995e-01
-6.713218628459575177e-01
7.978357468736159142e-01
-5.929691638225748074e-01
-1.000000000000000000e+00
5.611764992238978955e-01
-2.454115935596397069e-01
7.612973382071253070e-01
6.898477062545419480e-01
8.013848123940572332e-01
6.953795856457346547e-01
-1.000000000000000000e+00
-4.228187395628395517e-01
-7.622449728136415636e-02
-5.388181257184403439e-01
5.356224319007437673e-01
-1.643616481187056833e-01
-1.000000000000000000e+00
1.000000000000000000e+00
1.000000000000000000e+00
-5.435116049733718091e-02
3.187072952000226667e-01
6.332678269303244623e-01
1.000000000000000000e+00
1.719211560028012231e-01
8.076934725151605488e-01
1.000000000000000000e+00
-1.248437652060606917e-01
8.799288641871274574e-01
-2.751723808448243158e-01
1.000000000000000000e+00
-8.063790727567987648e-01
2.495224267058093748e-02
7.998921216695903391e-01
1.185559294527325502e-01
-1.171460445446803611e-03
-4.964987965834756489e-02
-3.399220357698606865e-02
-2.679572770330114762e-01
-4.268895691469886122e-01
-1.000000000000000000e+00
-1.901460609056920825e-01
1.000000000000000000e+00
-1.000000000000000000e+00
1.000000000000000000e+00
1.000000000000000000e+00
1.000000000000000000e+00
8.372929593581059926e-01
1.000000000000000000e+00
-8.038434500669120464e-01
-5.874061985085400339e-01
4.775353933187653777e-01
-4.211412185581456802e-01
-2.825333057511490997e-01
-3.068187511476144214e-01
7.812570894738828375e-01
-2.916558519038104369e-01
-2.410388474989526575e-01
-1.000000000000000000e+00
-1.000000000000000000e+00
1.000000000000000000e+00
-3.752330283263666244e-01
0.000000000000000000e+00
1.000000000000000000e+00
5.215477887991742945e-01
1.035167024041431794e-01
-1.000000000000000000e+00
1.000000000000000000e+00
6.906162893773599709e-01
-1.000000000000000000e+00
-1.000000000000000000e+00
1.000000000000000000e+00
