-1.000000000000000000e+00
-3.751208794412654868e-01
8.733315379882949925e-01
7.435750662981904791e-02
-8.348361769132784937e-01
-6.688005362660192077e-01
-9.747290781773536583e-01
-1.000000000000000000e+00
1.000000000000000000e+00
-3.448002214069194604e-01
-1.000000000000000000e+00
-1.000000000000000000e+00
9.209824112592720491e-01
-7.717106993868756426e-01
1.731354524310964038e-01
-1.734685585032523236e-01
9.748043334458857956e-01
-6.704780315905092269e-01
7.496214495870611172e-01
8.421198052944294243e-01
5.497729639747741537e-01
-1.000000000000000000e+00
5.407815181081456757e-01
2.018289869438818496e-01
-8.349978691422407229e-01
1.091640824782256769e-01
7.019874135670749471e-01
-2.392384880367718347e-01
5.769690599944879983e-01
-2.105786662431393119e-01
-1.000000000000000000e+00
-1.000000000000000000e+00
-6.769192842014923883e-01
-9.744346547076370157e-01
1.000000000000000000e+00
1.474041495292949255e-01
1.000000000000000000e+00
5.395977411387522515e-01
-1.000000000000000000e+00
-1.000000000000000000e+00
1.000000000000000000e+00
8.400211439948723768e-01
1.000000000000000000e+00
-1.000000000000000000e+00
1.000000000000000000e+00
-4.526580493500009794e-01
1.000000000000000000e+00
1.703395866390246538e-01
-3.999350991813740430e-01
1.000000000000000000e+00
1.000000000000000000e+00
3.493558414271834556e-01
3.462709260670441269e-01
-7.786756301295155724e-01
-7.960411242403842014e-01
1.000000000000000000e+00
9.011886772159697356e-01
-1.495235196362111330e-01
1.000000000000000000e+00
1.000000000000000000e+00
4.734239543440086351e-01
1.000000000000000000e+00
-1.000000000000000000e+00
-1.000000000000000000e+00
-1.180268899783286085e-01
-1.000000000000000000e+00
9.919141959937407549e-01
1.000000000000000000e+00
1.000000000000000000e+00
-8.096740660377083065e-01
-9.392152618742541925e-01
-1.062725607898876989e-01
3.671232543046418217e-02
4.178001083380670777e-01
-1.873202448667216358e-01
4.685762414679353616e-01
-1.000000000000000000e+00
-1.000000000000000000e+00
1.000000000000000000e+00
9.071680314297507763e-01
3.863692643752720812e-01
9.468955884821457225e-01
-1.000000000000000000e+00
1.000000000000000000e+00
7.373403829375041463e-01
1.000000000000000000e+00
3.480737348464404968e-01
4.382428004385662268e-01
1.465269592127613763e-01
-6.455932161875295450e-02
1.000000000000000000e+00
-6.146218220310361025e-01
-9.244315370864591985e-01
-1.597309284548707464e-01
-1.000000000000000000e+00
3.811872185085914411e-01
-2.306334737917759559e-01
1.000000000000000000e+00
-8.871473534991369814e-02
4.171729968057875659e-01
-1.000000000000000000e+00
1.000000000000000000e+00
-8.900956316445292060e-01
3.339794405403777589e-01
-1.920691669909521115e-01
2.301773988384652192e-01
-1.000000000000000000e+00
1.000000000000000000e+00
1.000000000000000000e+00
9.058414599448556537e-01
1.000000000000000000e+00
2.772021499577366210e-01
4.622033891407643091e-01
-3.282398986504418970e-01
-1.236988014416722237e-01
1.000000000000000000e+00
1.000000000000000000e+00
9.856208841000018150e-01
-5.003442145550011100e-01
-9.097949029212051286e-01
5.836129370058626975e-01
-8.079845065101562973e-01
4.338951966340640065e-01
-1.000000000000000000e+00
-2.103439346842944091e-01
9.016102114272102064e-01
1.000000000000000000e+00
-1.000000000000000000e+00
1.000000000000000000e+00
-1.000000000000000000e+00
-9.211908403324253758e-01
1.000000000000000000e+00
1.000000000000000000e+00
6.990765467536153022e-01
4.461201786803215552e-01
3.388345661707341527e-01
-1.000000000000000000e+00
8.563870649245823863e-01
9.832267087724639865e-01
-7.822251020635201391e-01
9.907732594278305660e-01
-3.982136152808158358e-01
8.037139389313416871e-01
-1.000000000000000000e+00
8.250306708568390102e-01
-5.646493955678806298e-01
4.160581730712358262e-01
1.000000000000000000e+00
6.707334344659432457e-01
-1.000000000000000000e+00
1.000000000000000000e+00
-5.069467841971023736e-01
-2.567052856499740798e-01
1.000000000000000000e+00
-5.225821611786497511e-01
-1.000000000000000000e+00
7.593960461765556502e-01
-1.000000000000000000e+00
6.029010436587596278e-01
-1.640538376268457776e-01
4.891022485683215182e-01
2.440298913269970116e-01
-4.981206745840450756e-01
-1.000000000000000000e+00
1.000000000000000000e+00
6.302614262955990032e-01
-1.000000000000000000e+00
-1.000000000000000000e+00
4.851551271395284637e-01
5.550763585683355927e-01
-1.719778274012240260e-01
1.000000000000000000e+00
-1.000000000000000000e+00
1.000000000000000000e+00
-1.000000000000000000e+00
-1.000000000000000000e+00
1.000000000000000000e+00
2.295868974837679266e-01
7.986660354672806550e-01
-4.953378780684520866e-01
1.000000000000000000e+00
9.606241861343560728e-01
7.851735217541618850e-01
1.272264440248714878e-01
4.147170169228714398e-01
-7.611542143344798284e-01
-1.000000000000000000e+00
-1.000000000000000000e+00
-1.000000000000000000e+00
1.000000000000000000e+00
5.543480128788209615e-01
-6.861527434060208375e-01
-1.000000000000000000e+00
-7.728443193555631918e-01
-1.000000000000000000e+00
-9.409202350419212380e-01
-7.948864895258956897e-01
7.442916951933495895e-01
1.000000000000000000e+00
1.000000000000000000e+00
-7.552590411800599313e-01
-4.578032090154297018e-01
2.242190785155218635e-01
-3.019209543218214220e-01
-6.956260118099649725e-01
2.006536105557646388e-02
1.000000000000000000e+00
9.687362504631149562e-01
3.196250280194032900e-01
-1.514440311719099097e-01
-1.000000000000000000e+00
-1.000000000000000000e+00
5.711409141399275136e-01
8.564539072132909547e-02
5.805460736474519212e-01
-9.304824072366046916e-01
8.532640133332275445e-01
-8.044974636278908742e-01
1.000000000000000000e+00
-1.000000000000000000e+00
-6.794394587470290459e-01
9.073741675342322788e-01
1.000000000000000000e+00
5.394285610877869175e-02
1.000000000000000000e+00
1.000000000000000000e+00
2.049515129469215990e-01
-7.745908288901949268e-01
1.000000000000000000e+00
-9.952671017610164039e-01
5.647993266412791868e-01
-4.598599771681824988e-01
-1.000000000000000000e+00
1.000000000000000000e+00
7.354991231150412867e-01
-1.000000000000000000e+00
6.728623043743513499e-01
-6.433139449555985712e-01
-1.000000000000000000e+00
1.000000000000000000e+00
1.000000000000000000e+00
6.739970239926291740e-01
1.000000000000000000e+00
1.000000000000000000e+00
7.161063755500973738e-01
-1.000000000000000000e+00
1.000000000000000000e+00
-1.213378604179690123e-01
8.648643095834613881e-01
-1.000000000000000000e+00
1.000000000000000000e+00
-6.538180664991024571e-01
1.000000000000000000e+00
-8.663621738453850529e-01
-1.000000000000000000e+00
1.000000000000000000e+00
-4.016723893645462451e-01
-1.000000000000000000e+00
1.000000000000000000e+00
-1.000000000000000000e+00
1.000000000000000000e+00
-9.885013142173704193e-01
1.000000000000000000e+00
-1.000000000000000000e+00
-1.000000000000000000e+00
