-7.254480946096522054e-01
5.468804937560030055e-01
-4.675839926392758583e-01
-3.858309999208497931e-02
2.640217301168759079e-01
-7.381968042893648496e-01
-8.503330907209672995e-01
9.492039512633860809e-01
5.465873170401859271e-01
3.261634401088916446e-01
-9.325600128414431866e-01
2.683127806361775836e-01
-4.991001113077030149e-02
-2.313199025039595624e-01
7.320945367117732694e-01
4.360483802365408001e-01
5.742286526203934649e-01
7.738837182273492488e-01
7.687328565239218148e-02
-5.481893660803147106e-02
2.129769895786206291e-01
6.866303883631992289e-01
-7.512226884982664554e-01
-8.314012262853898161e-01
7.080872395507623041e-02
7.741720996829954959e-01
-1.000000000000000000e+00
8.200459746623195434e-01
-3.955587841328844223e-01
3.645936376898805120e-01
7.186872041205616402e-01
-9.021038321752262723e-01
4.569120400421786687e-01
3.898454023899232679e-01
5.267139842471910693e-01
-1.299845282993460083e-01
-7.744160878951249494e-01
-2.856155064408544275e-01
-3.311373779496087355e-01
-5.428565281993992242e-01
4.087820465239433432e-02
1.000000000000000000e+00
1.789383245501858233e-01
6.248463876251486582e-01
2.903847456466146504e-01
9.705535459719941693e-01
-2.306963789245894403e-01
3.856538228359255860e-01
7.378231846527865123e-01
5.432161173065952475e-02
-2.454523965982259304e-01
3.381260385493378706e-01
-6.303763187840172311e-01
-6.690379797893890590e-01
1.000000000000000000e+00
-4.557278111793857112e-01
3.039399580300053971e-01
-3.925183633622764123e-01
3.102461477103792831e-01
-8.191803110181447023e-01
5.406475954943856799e-02
2.691574400556419056e-01
-9.684518394776808758e-01
4.642765252884397675e-01
5.784256140879882047e-01
8.175763682680700639e-02
7.507723209927060770e-01
2.820743072117175565e-01
5.519428332581765018e-01
-1.236825480792558135e-01
6.647393006741940391e-02
-6.369990021148387305e-01
6.220710410140456448e-01
-7.262841857509177990e-01
-3.417747860670829474e-01
-1.666059285949600399e-01
9.339559920450422048e-01
-1.000000000000000000e+00
8.371716365589920716e-01
-5.466320429029620787e-01
-4.722737940650447719e-01
1.000000000000000000e+00
-4.538397420043913666e-01
-2.140407465973808709e-01
-6.231202264100990096e-01
4.052331401577197179e-02
-4.689092749494581658e-01
3.803641363537126341e-01
-4.252183188368654498e-01
1.878263428511035837e-01
2.469609923731091172e-01
9.460286182628356855e-01
-9.072585728205502242e-01
-1.035765199225799071e-01
-5.284793230201756398e-01
5.064421216960597327e-01
3.539415402137409683e-01
-3.994393798224192826e-01
-5.298104407309777164e-01
8.828291019718911281e-01
-3.446611641641201262e-01
1.099291745626356093e-01
1.399624545238482010e-01
7.525880744547500667e-01
9.011099197746000877e-01
8.913321260740739715e-01
5.656360798260597900e-01
3.082103704681193879e-01
-2.569261497627747803e-01
-1.000000000000000000e+00
9.090111642639047140e-01
-2.126502531984831301e-01
-9.142313241283719361e-01
3.528095870149925983e-01
4.557808473881763689e-03
7.238378987676800935e-02
-4.368551864369821791e-01
-4.943858131115764776e-01
5.534434213382798118e-02
-6.633197806469288693e-01
7.003141249130013790e-01
5.845566133113263563e-01
-6.325076579803866617e-01
-6.563376160058069508e-02
9.609230135039861787e-02
-1.000000000000000000e+00
1.000000000000000000e+00
-4.695139319168418757e-01
-9.922355643175312379e-01
-5.633423922315214938e-01
9.263050864375144133e-01
-2.729292028269104109e-01
-6.946823022012390547e-01
-1.023438970374007106e-01
8.610969349764089342e-01
-7.811934216629135008e-02
9.148103467305714054e-02
-1.000000000000000000e+00
-1.800119678324023642e-01
7.525222049972407623e-01
1.705719425006577417e-01
-7.445146666577598937e-01
6.519070943075033764e-01
5.901819974045889872e-01
3.858970581272498923e-01
-5.395769295790218134e-01
-1.668833880007413450e-01
2.039589541648859639e-01
-1.923130078874798754e-01
-7.446789630046668496e-01
-7.519479028636983919e-01
-2.235227810488085443e-01
5.443197476087782150e-01
-9.451144633323369515e-01
1.000000000000000000e+00
-2.880122062447897924e-01
5.397901076168352130e-01
-6.340845424370451511e-01
-4.061232875999739589e-01
2.135783055230036087e-01
3.851788718836729464e-01
8.782887761292982320e-01
-1.000000000000000000e+00
-6.951711064797323480e-01
-3.850178139104971642e-01
-5.295081583378358214e-02
6.842412915919468541e-02
-5.415388321383616255e-01
-2.418056872885664954e-01
5.616631206273720034e-01
3.617704864211628013e-02
3.938627552242952579e-01
2.984070524910638622e-01
4.652526933833830980e-01
5.827016769585890987e-01
7.207419810093211587e-02
3.650387796944833396e-01
-5.701146988198585452e-02
6.786651103284402353e-01
7.015515010743205160e-01
1.000000000000000000e+00
-9.039792038177985045e-01
-7.847391495731713684e-01
5.774541018182177687e-01
-5.215720709442526193e-01
4.826303941881303627e-01
-6.349516387769871262e-01
-2.964648639964818089e-01
7.845183670167622525e-01
5.160853088032083535e-01
-8.622610468851676924e-01
-1.807889049480082000e-01
-3.902961268601392031e-01
-6.105243916665568094e-01
-3.623102597299815431e-01
-1.000000000000000000e+00
-2.513623155050281888e-01
6.139058881623812303e-01
-2.337939681513010737e-01
1.102516735058580999e-01
-4.502638359981991911e-01
9.154299533481550233e-01
-7.226868920115520067e-01
-6.660419228576959505e-02
-2.395137739554991374e-01
9.014633327716453648e-02
-2.255293285885431320e-01
-5.402717277697230980e-01
-9.126258016232102754e-02
7.753283756215364475e-01
-2.109697551894758327e-01
-8.792232174872680606e-01
6.901053331461535212e-01
1.257619463309634367e-01
-1.539603526057981286e-01
3.729229800787257076e-01
6.813360488497643974e-01
3.147173189898588852e-01
8.571131954626719507e-01
6.736321228970266750e-01
-1.198918838657304503e-01
-5.209007146100543828e-01
6.412956194413367284e-01
-1.000000000000000000e+00
5.695874328836481038e-02
4.468971701912055061e-01
-7.758424914513458726e-01
2.299196066895527468e-01
-8.870903538657856080e-01
3.172177249844116975e-01
2.449554584328911822e-01
-5.178647141150819477e-01
1.550276714352442076e-01
5.807525444863695929e-01
-8.276721485803734124e-01
-6.893089337061033550e-01
-4.114666350716842391e-01
3.344675152642335170e-01
1.478832644377765515e-01
1.970124432492249000e-01
-5.113247620431797813e-01
-7.477242471319063277e-01
1.024096327014453189e-01
5.910307384769022399e-01
-2.758190938394025626e-01
6.145146927053571906e-01
3.217965540319324691e-01
6.574282055908781119e-01
1.815978990844290264e-01
-3.203235300414357667e-01
-1.364852441552807383e-01
6.847699122374035774e-01
-1.794895564960189566e-02
-1.159842788174107187e-01
8.004420559809901636e-01
-5.221977871153199446e-02
1.425453812086924510e-01
-4.170855567479624937e-01
8.266871408588422065e-02
-4.987907481050277148e-01
-9.316460986749450224e-02
9.893326533240629495e-01
-5.605143524145036471e-01
1.604882956538093985e-01
2.319336700330665302e-01
