-3.461503653539896863e-01
4.321828239482095046e-01
4.154145746762335500e-01
9.069705790577040072e-02
1.000000000000000000e+00
1.116610728795324747e-01
9.497406923186496597e-01
4.615658768326530437e-01
1.000000000000000000e+00
-1.000000000000000000e+00
1.000000000000000000e+00
-2.344536223863959434e-01
-1.000000000000000000e+00
1.000000000000000000e+00
-6.448824087910067782e-01
1.000000000000000000e+00
1.383137588534739670e-01
-2.524855865139019051e-01
-5.080457604834228702e-01
-3.276376915255636568e-01
-1.000000000000000000e+00
-7.458843395325825965e-01
-9.817938374331079965e-01
-1.000000000000000000e+00
-1.537432708381070157e-02
-1.598404309964804315e-01
-1.842476876725788748e-01
-7.708519640667285122e-01
-1.000000000000000000e+00
1.000000000000000000e+00
-6.245783265153455055e-01
-5.551696551130667068e-01
6.509669156914467125e-01
1.000000000000000000e+00
-4.923595926794451794e-01
-1.838828896524087320e-01
8.094685534636096857e-01
-7.506465448843704369e-01
4.017877139835909217e-01
-6.170128053775147947e-01
1.000000000000000000e+00
1.000000000000000000e+00
-3.980113170550151347e-01
-3.853582328195156448e-01
2.334660919572528748e-01
5.181355928012498779e-02
-6.953239771780383993e-01
1.000000000000000000e+00
1.037915567324327326e-01
-1.000000000000000000e+00
1.000000000000000000e+00
-6.857202956129503368e-01
-5.659720203779899927e-01
-1.000000000000000000e+00
1.000000000000000000e+00
1.000000000000000000e+00
-1.000000000000000000e+00
1.000000000000000000e+00
-2.785190480990356043e-01
4.772446292009047131e-02
-5.771270554590280932e-01
-9.230093695339693927e-01
1.000000000000000000e+00
1.000000000000000000e+00
6.696183007888555361e-01
-6.456428191676109041e-01
-4.262205862290557867e-02
-1.000000000000000000e+00
-1.000000000000000000e+00
-1.000000000000000000e+00
-1.000000000000000000e+00
-1.000000000000000000e+00
3.038421823851366055e-01
6.133736766656330275e-01
-1.000000000000000000e+00
1.716377283070394388e-01
1.000000000000000000e+00
-1.000000000000000000e+00
3.055501954809501930e-01
7.283737008705530591e-02
9.309567992801381919e-01
7.803899733339192402e-01
-1.000000000000000000e+00
-6.970432249363573973e-01
3.794091655182824097e-02
9.904373613716809244e-01
1.000000000000000000e+00
8.421073564427887792e-01
-8.031728796105770396e-01
5.820496754272446172e-01
1.000000000000000000e+00
5.916183369784104862e-01
4.249953286160792487e-01
5.190561106640383393e-01
-9.645037885261883437e-01
-5.241828847540677128e-01
-3.711427456497038563e-02
1.000000000000000000e+00
-7.789475698873764564e-01
-9.610879320691949612e-01
4.216216033211273029e-02
1.000000000000000000e+00
-5.833115182574953872e-01
-4.726040347875042347e-01
-3.773250067172093658e-01
-4.559900251658067227e-01
5.368356462603182111e-01
2.456871809119449690e-01
-1.000000000000000000e+00
3.531932648838076449e-01
6.008649589065040431e-01
-4.145079565798229781e-01
3.308650869291812069e-01
4.815121547692245985e-01
4.446690103514031045e-01
3.536635369427031383e-01
-1.000000000000000000e+00
1.351753849513376293e-01
-7.633269697428420042e-02
4.754790063476121986e-03
-6.102613079111744998e-01
-1.000000000000000000e+00
2.210094228057744026e-01
-8.916261980224969852e-01
-1.000000000000000000e+00
1.000000000000000000e+00
-4.991063112502966415e-01
-1.000000000000000000e+00
1.000000000000000000e+00
6.465661116712750900e-01
-5.602430542847132156e-01
-9.478977813745304015e-01
-7.952339360139500934e-01
1.000000000000000000e+00
-1.000000000000000000e+00
1.000000000000000000e+00
-1.000000000000000000e+00
-5.175184375903894018e-01
-8.599202919315918070e-02
-2.475232979707921999e-01
-2.738615473848697857e-01
-3.611312267225059713e-01
8.165761193286066311e-01
3.069094586845558803e-01
-2.800000000000002487e-01
1.000000000000000000e+00
-6.591115728691514519e-01
8.672263638511970019e-01
-6.091609445548926693e-01
1.434267123771458818e-01
7.895488724503867128e-02
8.866517590146368866e-01
5.945794051441233297e-02
8.345334901594015919e-01
-5.760269594828935080e-01
-1.000000000000000000e+00
3.345065886577024972e-01
-1.000000000000000000e+00
1.000000000000000000e+00
7.228422418553068773e-01
-1.000000000000000000e+00
7.438283999827051129e-01
7.336164563799314475e-01
1.000000000000000000e+00
-1.000000000000000000e+00
-8.625003786882108336e-01
8.150714418463946842e-01
-1.000000000000000000e+00
-1.000000000000000000e+00
-6.714555761631353370e-01
-5.447253550543492695e-01
-5.852469065423376859e-02
1.507696115730130515e-01
8.779179652556399205e-01
-4.354131625906705327e-01
1.000000000000000000e+00
-7.307618496087588955e-01
3.344665232138266386e-01
-4.369622516572542470e-02
3.859104289785486031e-01
-1.000000000000000000e+00
-6.817290065258979626e-01
2.578618078861638629e-02
-4.510748687713305172e-01
8.417310583817522174e-01
-2.360949214983798505e-02
3.103054530227608021e-01
-1.000000000000000000e+00
-1.000000000000000000e+00
6.887952776116527120e-01
1.000000000000000000e+00
-1.000000000000000000e+00
3.138240682386461700e-01
3.454149452043020485e-02
1.000000000000000000e+00
-7.044428239554811899e-02
6.381602434888158371e-01
-9.871110356059226154e-01
-8.736142075231588811e-01
6.357704327239600550e-01
2.066390597788081707e-01
1.000000000000000000e+00
-8.196929340282355092e-02
6.004263753661724934e-01
1.000000000000000000e+00
-1.000000000000000000e+00
1.702026106304512232e-01
-1.000000000000000000e+00
5.958192104117914223e-01
-1.000000000000000000e+00
-6.848729702625344640e-01
-8.378881765873836818e-01
-8.300587503891361241e-01
-1.370739265185668410e-01
-6.971829412505474721e-01
-1.000000000000000000e+00
-2.647035167826486957e-01
-6.932610739441080749e-01
-7.425615802518611419e-01
3.421921520602828615e-01
-8.500469574497705738e-02
1.000000000000000000e+00
5.315921676528425621e-01
-7.637196286473798557e-01
-1.000000000000000000e+00
-5.207943241638750553e-01
-5.689604739674246625e-01
1.000000000000000000e+00
1.000000000000000000e+00
-8.012015923847835008e-01
-4.260038377670266607e-01
-1.836106341324678093e-01
1.000000000000000000e+00
-3.840134688611605007e-01
1.000000000000000000e+00
6.192937882356566170e-01
-9.352925114158793241e-01
-7.240592889643688856e-01
3.536574463381895184e-01
6.123325195532086651e-01
-1.000000000000000000e+00
-2.216275030026190473e-01
1.000000000000000000e+00
3.676506481926997694e-01
2.021484730893706172e-01
4.097772274031099560e-01
9.059028088970285664e-01
2.173218943767538658e-01
1.000000000000000000e+00
4.856303969260569176e-01
3.455988971058999160e-01
-2.789679478026912962e-02
1.000000000000000000e+00
1.000000000000000000e+00
-5.139448981507006575e-01
-2.645529129472405927e-01
-9.005382471896948848e-01
-3.695008036068677670e-01
1.000000000000000000e+00
2.907351300164249253e-01
1.000000000000000000e+00
6.444035365287843486e-01
7.462133129068333481e-01
-8.020215234035288354e-02
-1.000000000000000000e+00
