1.152906063719841279e-02
6.236801437244423596e-01
1.761226728230825544e-01
4.905418676719548454e-01
-7.330810936980730608e-01
-4.267341350466746785e-01
5.901143354940082547e-02
-7.349960516944220590e-01
1.801336006737272732e-01
7.157872531320125242e-01
-3.894583918686572166e-01
-4.912847457567547371e-01
3.663862129657577404e-01
-4.175741800275944993e-01
4.589046118599800494e-01
-3.226535614674038155e-01
-3.609863339031436080e-01
1.845185919570097866e-01
3.384703031604755497e-01
2.012186249274218186e-01
-4.641110615029245268e-01
-7.549934783708682484e-03
-8.648480763413138872e-01
-4.194400035309000518e-01
3.259049874787942613e-01
3.110205445479686248e-01
5.581974208473395871e-01
-4.784697198772544513e-01
-2.785082480065334543e-01
-1.135693422170312994e-01
5.107826527784028459e-01
-6.941644433446195750e-01
-2.124098637148971458e-01
-4.062548615582000089e-01
-6.174300930919345010e-02
-1.160216970920295437e-01
-9.607541879945861174e-01
-9.884199895513322287e-02
-5.441456466188186042e-02
2.020922840412253674e-01
5.728076016190774000e-01
-3.521585643862039094e-01
-1.598750775321352846e-01
-5.191505439728093529e-01
-4.492306197263175038e-01
-2.608534689238300452e-01
-5.558320275564110347e-01
-1.597587955965533157e-01
-6.703651392404605946e-01
-5.272051344981569798e-01
-7.981488839455827544e-02
-8.661982700274688529e-01
-2.645533988289118510e-02
-6.820444669162832874e-01
-1.463233999625740411e-02
-2.641978735972749237e-01
1.256755179913410236e-01
-8.603094516134995873e-01
8.029535514919382555e-01
3.090964759897658204e-02
-6.775897269427780811e-01
7.563585139160104998e-01
-1.389255851127083330e-01
2.256499208202482898e-01
-9.822023664759384209e-02
2.007840856891485448e-01
-2.048000847099969990e-01
-3.150493739486808220e-01
7.648460418875049349e-01
-2.818612023511932740e-01
6.048126080504560020e-01
-7.559629745572739312e-02
4.853953355533302538e-01
4.157906907919819983e-01
3.169556441554833293e-01
-3.542883393871738840e-02
-2.109310156550208565e-02
-1.485931656106604382e-01
-2.995667019580312562e-01
2.314531818462422230e-01
7.214535246384663758e-03
8.107218770655419959e-01
-8.175980352105363114e-01
-8.338478941682325729e-02
4.279056494205372707e-01
5.883761952250010641e-01
1.448597429545223081e-02
1.896683664815592141e-01
-5.045540345336352317e-01
-2.036012442340753847e-02
-3.639359589289523633e-01
-8.552297359001517219e-01
3.650560103383580501e-01
6.922250562705942745e-01
-1.802975179410692963e-03
1.964337312455808338e-01
-8.175496293831859829e-01
-5.897411897337820341e-02
8.275150417206617037e-01
4.030584503697195453e-01
-2.167596089335125098e-01
8.628803782522170840e-02
-1.882398128989835329e-01
-1.014450968870734132e-01
-5.197614791455660299e-01
-1.935557695237140607e-01
-7.999529475554391089e-01
-2.146573528152039556e-01
1.068296971364296327e-01
-1.332076699866533986e-01
-2.873300802286444799e-01
2.846069850391442779e-01
9.044255412201898658e-02
2.504670211149583325e-01
5.544945845767896841e-01
-1.954765640488559941e-01
-1.720098092141410240e-02
1.564927407259965042e-01
-2.162271691297580622e-02
3.180053907788515377e-01
-4.551694481911914836e-01
7.906966506724920352e-02
8.067459134794560116e-01
7.663124666044142108e-01
-3.796953618203974257e-02
-5.930216964576208172e-01
4.219877838168452078e-01
5.662382989227244812e-01
-1.769009218021772578e-01
-1.225637682918944427e-01
-1.839697620592351535e-01
7.279689950143025667e-02
-2.200709864343344813e-02
-2.311803678680854901e-01
-5.763182575804860486e-01
-7.945547672421863217e-01
7.044424045099954013e-01
9.154590913944047337e-01
3.266493015978008674e-01
2.276612913914811687e-01
4.783529809568729668e-02
1.528157653432041796e-01
1.764827910769305869e-02
-3.387412791269210355e-01
7.170282291766412464e-02
3.365795869942346530e-02
3.892750494334454303e-01
-2.646288072845142669e-01
-3.174217134976463628e-01
-6.767370904888405647e-01
7.204374468506502538e-01
-1.200459657162554206e-01
-9.747552416138952069e-02
-3.628382525130633418e-01
-3.744346567350881894e-01
7.288517081096841377e-01
8.637654560310850105e-01
2.309709102314671525e-01
-5.439653989837666126e-01
-3.729889749738863891e-01
-2.922036572697648271e-01
-3.235519221974334503e-01
-3.009852400333094535e-01
4.225476165541652840e-01
-1.982041688330579143e-01
-2.406881646511714046e-01
2.900759546835284808e-01
1.014681650176642302e-02
4.393777684726825616e-01
-7.513090064292612946e-02
-2.889822402886746966e-01
1.535265152715636905e-02
1.773683949151811379e-01
-4.868007837236524304e-01
5.003872012319477980e-01
2.416873310765040306e-01
-1.727027701874539745e-01
1.000000000000000000e+00
7.406498675396374631e-01
4.842612376371474014e-01
-2.283466347627089721e-01
2.250957590086616611e-01
2.684737201756134395e-01
9.902605754894744372e-02
3.652951481233346342e-03
7.866082148006495744e-01
-1.754236007080248183e-01
3.258395414630075870e-01
8.334188582434982617e-01
2.779950139805271170e-01
6.186063446633007779e-01
-7.050249900173604090e-01
-5.979935452469806734e-01
-2.898049736381388408e-01
4.240671307882585839e-01
3.878486308367748436e-03
1.087569912259566812e-01
-8.807897117812442389e-03
8.097729430606717682e-02
-5.275341972013926073e-01
-4.027798405909852053e-01
-1.752612289628185382e-01
-1.265317233155206500e-01
-2.688501488305817810e-01
-2.614859513791422674e-01
-6.208997540007332727e-02
-3.603620697896220970e-01
-4.202727226618731965e-02
-2.999057512616376542e-01
-4.086813103722200524e-01
-7.522675464617026853e-01
7.090094324528473102e-02
4.254587629642136992e-02
6.918241430698311989e-01
-5.373972145711961579e-01
8.559744666650689893e-02
3.576031421392442122e-01
2.335446141455677915e-01
-4.124069118722873961e-01
8.116675744865564646e-01
3.060889830750142537e-01
-2.405253126218213355e-01
4.061401289950368199e-01
2.081893047110740524e-01
4.562382314589435439e-01
2.032435542784609694e-01
-7.754424756562393606e-01
-1.772074633974352886e-01
8.449765646535187802e-01
5.585327943161703113e-01
4.540395020044703939e-02
1.902772472230174761e-01
2.995427187273119185e-01
3.301774811625790562e-01
-2.857424882103470343e-01
-9.223823027207472824e-02
9.583655337626613147e-01
2.099291738403932794e-01
-8.541659397541287446e-02
4.824658832127681207e-01
2.114865746402682378e-01
-2.477030123932512651e-01
-4.794761075687433705e-01
1.767246430868538720e-01
1.388042383606833685e-01
-7.896534244365366328e-02
-4.500723805631636765e-01
4.825952677753575504e-01
-2.701210127277086648e-01
4.280026947103074408e-01
4.965038247879256517e-01
-3.479222567003130706e-01
-3.512677626701327105e-02
5.576085835419859471e-01
3.828418452220691548e-01
-4.469860706047354970e-01
-8.317176847506202453e-02
6.030662370826848917e-02
-6.321635395461711049e-01
-4.077768370098547313e-01
-3.255498073073247456e-01
3.306004066472013614e-01
8.320194393115570852e-01
-2.851402934375097953e-01
-2.837591764906944869e-01
