1.177396766482300960e-01
4.941471166701132400e-01
5.911961318165224188e-01
2.072491891576869472e-01
1.633507726704153118e-02
1.442681586881857658e-01
-4.024928769745643731e-01
7.034895796181968308e-02
9.097472742545768820e-02
1.495257129300826271e-01
-1.512301844921864480e-01
1.187448363674313834e-01
-3.667381481707702173e-01
-3.664666359887269187e-01
5.345724502524200686e-03
3.417321751920775474e-01
2.675689800012018837e-01
-2.611704620592137371e-01
-9.258344124389836227e-02
-1.170103892878348040e-01
-2.986345779336940787e-01
2.601492299222603055e-01
4.489736891078330294e-01
2.565102096045399627e-01
-1.438890545719094249e-01
4.614172454189395811e-01
-1.929776448238260667e-01
1.154561187456123877e-01
-5.913342504209687100e-02
7.962493307041670909e-02
3.813180059496075747e-01
-8.465963481646901490e-02
-1.855694670160230875e-01
-5.164849298229796659e-01
-2.978476063415380071e-01
-3.753082382968729314e-01
-3.777922581442795247e-01
-9.147219122791788726e-03
1.204755233488917915e-01
5.166042245567107338e-01
-3.676326488861086234e-02
2.308155326911733307e-01
-5.818762638775142326e-01
-3.721635285032678930e-01
-1.462560305981644715e-01
1.117261004580199085e-01
-1.930239745312395949e-01
4.211871188611351902e-02
-5.417641874332094210e-01
-1.415457292265295264e-01
-3.398559008356063504e-01
4.840568415826243531e-02
-3.975862703636739992e-01
4.677373698509192934e-01
-1.864040544670297339e-01
6.794073334407710330e-02
4.975516048814142556e-01
4.340946578917265208e-02
-3.712846895247510215e-01
7.867336576061473297e-02
-3.705675985791208049e-01
-4.969400275814885859e-01
3.013755229741466035e-01
1.190324476093817252e-01
4.486270443673781583e-01
-3.112016982701619749e-01
-4.674089024958771876e-02
-1.649566630976606607e-02
2.560528425101332717e-01
-2.839424422573417206e-01
1.089721150009467787e-01
2.037939979533093804e-01
5.105391701470868293e-02
-5.360681811894352222e-01
-6.549376066452063938e-01
2.969317489248254199e-02
2.789463930230215993e-01
2.602817402936336011e-01
-3.038606047157507706e-02
-6.348993642182338970e-01
-9.306427925848897997e-02
9.986409262625089989e-02
1.191308084378993881e-01
4.799924869778635639e-01
3.515996769455193571e-01
4.319729250717505575e-01
1.588441720013103742e-01
2.092966954881786412e-04
2.447399140164360498e-01
-4.031587508872271075e-02
2.380829877108807668e-01
-1.397393674094924154e-01
2.048867907320686133e-01
-5.976602386611157280e-03
4.030807962536449018e-01
-1.323969681704034035e-02
-4.582146629715693198e-01
-2.575628361132512728e-02
4.595761801508877475e-01
-9.289892379797273780e-02
1.771900420016906397e-01
3.496206554155347201e-01
-5.936933878204792014e-01
5.320339904815662990e-01
2.495285912212972246e-01
-4.174764736336084026e-01
1.763824138213843373e-01
-1.782017858029644741e-01
-3.563642647994067492e-01
-1.133528169406206043e-03
7.348776266754922237e-02
-1.090770447965321716e-01
1.061436141296942248e-01
-1.082274183913484178e-01
-4.474900082708611615e-01
-1.431441792777528588e-01
4.368194055451826013e-02
3.961091178745901331e-01
3.529357680252299678e-01
8.095060976780758810e-02
2.717027073347091926e-01
4.991946588062190493e-01
6.457477591278081297e-01
4.071104149145158418e-02
2.478834472915467657e-01
-2.553851506195029542e-01
4.419499116494174373e-02
2.162553442263973891e-01
-1.446945289529803225e-01
-2.528459448690880129e-01
-2.756171316812079386e-01
4.726049473309863747e-02
5.968886827787597826e-02
2.877345095523354268e-01
-1.909272704740024307e-01
2.595675404497012062e-01
1.298403719466466044e-01
3.099463240382547419e-02
1.161875363088299418e-01
1.351185564970777131e-01
-3.160040082314402587e-01
-1.819188621084874835e-01
4.794938639412310577e-02
-3.978801242698572216e-02
-1.847435668876492854e-01
-1.372856375227703984e-01
-1.694486882863567301e-01
2.731386911457709954e-01
-1.828595465356145922e-01
-2.397324767291114656e-02
3.533215999613263658e-02
-3.293579394854017073e-01
-2.984230186955177944e-02
3.207385580925646851e-01
7.616727466368231059e-02
5.857967279962393581e-02
2.556504470592579903e-01
1.453709439649802648e-01
4.915612982577673984e-01
-4.049280372141683126e-01
6.743230981305281535e-02
4.827628391914411399e-01
3.512621961561254724e-01
2.526073840362680900e-01
7.602738232198194002e-01
3.225948877602669018e-01
2.613673138296742082e-01
3.179372947789178561e-01
1.813128402146045315e-01
2.782679086739973662e-01
7.136777876631925088e-02
-1.425877756453212131e-01
1.908200816166120140e-01
-2.094429030019962640e-02
6.240468865003526155e-02
-3.610387930888686037e-01
-3.948483214026204946e-01
1.284927053882211068e-01
2.054444126051444830e-01
-2.600211820070599256e-01
2.110642725002416231e-01
1.275155095980870235e-01
2.574532542050549933e-01
-3.817099069243627962e-01
-4.429909678980522569e-01
-1.852973312880792367e-01
-1.304657108371060081e-01
-2.309612842796564258e-01
-2.651743752333602377e-01
-8.962400112802373919e-02
-5.692467318866705206e-01
-1.944448812539671945e-01
-3.157891254299335371e-01
3.292105130996098028e-02
-1.118166022883533006e-01
-3.134744819908413804e-03
2.146328307580203099e-01
1.453638719348497588e-01
-1.163306031594483619e-01
-8.205684691361903038e-02
2.621059852817142488e-01
-1.742686990233655031e-01
-1.302189063435572614e-01
-1.231886808742337358e-01
-1.053826682175645901e-01
6.321542484606007539e-03
-2.278600240194094129e-01
3.559960716980262729e-01
3.048565551975055965e-01
-2.351781642289018370e-01
-4.985765275694935272e-02
-2.840011427285668577e-02
4.847063667901078676e-01
-1.472949890488723934e-01
2.087000010346723444e-02
-3.848589099342422104e-01
-2.306497029350004502e-01
-6.033459411452958276e-01
-1.645985131308089211e-01
-8.209937964821018008e-02
3.874317633648006326e-02
-2.690572485856236318e-01
1.019623300344898731e-01
1.607325586642348314e-01
5.395448056601909181e-01
-5.716583986044274646e-01
-2.442807777414212622e-01
6.599448682230271701e-02
1.131351470925803793e-01
1.272140953441495415e-01
-4.098371611157192729e-01
-3.446232171808061295e-02
5.183442340619894839e-01
2.733573000549025522e-01
9.387039685051840054e-02
2.061057908580051501e-01
5.810834711272030995e-02
-5.561014688928610505e-01
-3.479229249029581333e-02
-2.607619794441028427e-01
-3.656315611311869440e-01
1.968022341062836966e-01
-3.229103374895636591e-02
-3.411869964354751761e-01
-7.166253380332704426e-01
2.128604952148964446e-01
-6.396297366441404675e-01
-2.338209291697054826e-02
2.169466247513052171e-01
8.145345846777810039e-02
-3.730273062189424782e-01
2.510409299138819383e-01
4.391678304269673594e-02
2.873702645987302740e-01
-3.826425030142646677e-02
-3.211899742753939746e-01
3.387019108683230750e-01
-2.840230600299575858e-01
1.617285665589031085e-01
-6.524777865141315192e-02
-3.997915015532508276e-01
-7.977808974232120098e-02
7.967459788647862640e-02
1.037179080628161387e-01
-2.240484682953984286e-01
