7.833090051922717012e-03
-2.467929849371334750e-01
1.726058869703994136e-01
4.990578320216305097e-01
-6.204821758054517300e-01
4.817952834114612171e-01
-3.316031825212328310e-01
-2.724307819309511602e-01
7.363004717234497565e-02
4.043418607433285628e-01
7.380810725277187068e-03
-4.815661986661220473e-01
2.146810261982325385e-01
-5.056376695147642986e-01
4.850136975934699057e-03
-4.165919134088459375e-01
4.152298281419978254e-01
-5.383428377037179358e-01
-7.031952026621000051e-01
3.989992629044027406e-01
-3.326099167404218404e-01
-4.960159279126622467e-01
-3.434022084463026481e-01
-5.731213872348566163e-01
3.081127742272091741e-01
-6.119448551018068505e-01
2.755329007853987711e-01
-3.474708112038395469e-01
-8.288382381339440830e-01
-3.049162670294817690e-01
6.104096918444905651e-01
-4.229885563877092136e-01
-8.562969018905699503e-01
1.299986128588084822e-01
3.658117498425866865e-02
-6.668004272999977777e-01
-6.593884863298959953e-01
-3.730087778231355733e-01
1.278465573020033386e-01
-4.430452687995856120e-02
2.195678416595946425e-01
8.415213222389976711e-01
4.224675035694008818e-01
1.720240784079379859e-02
-1.793796476702802511e-03
6.707848785562972038e-01
2.490426274888702662e-01
9.452685347873135413e-02
6.201996541882145442e-01
-4.166377844454094981e-01
2.024856082016301406e-01
4.488159872447016752e-01
3.118515030948746380e-01
-5.871663227803110008e-01
1.614099528184078369e-01
1.150181265319258905e-01
-1.444531983396445118e-01
-2.820322537281592101e-01
-2.220678545810660653e-01
1.185314335781318257e-01
-1.021994670407967154e-01
5.417071067086957070e-01
-2.500394005625692917e-01
3.196466022192133161e-01
8.182283653234917464e-02
-3.422469351975904184e-02
-4.680228114607296597e-01
-4.761624770154039288e-01
6.190039892841353586e-01
4.679322618408866541e-01
-4.336131411359600007e-01
-2.898497652202280950e-01
-1.274386486378001060e-01
-8.065343714785722096e-01
-1.066039113652321457e-01
-3.087268663718061301e-01
3.945660638409121956e-01
-9.314541798430085728e-02
-1.054707839308230699e-01
-1.107869418136331330e-02
-3.280367626665844361e-01
-4.547011690923514760e-01
1.437575409409421190e-01
-8.573798910843161147e-02
-1.920301868050456884e-01
-4.298640959205259904e-01
-1.498216593918138551e-01
2.268951441608762498e-01
9.089265206646253148e-01
1.812636317269586961e-01
1.612496359856335493e-01
2.532113311696218561e-01
-1.344573894752707777e-01
-1.730210370937898812e-01
-5.925744129854491060e-01
5.435869775012468486e-01
-5.170946766169727260e-01
3.836120468268673367e-01
1.996122343595128912e-01
-4.064312790263743813e-01
-1.348313631291899184e-01
6.414803913204181196e-02
-2.796082061497212612e-01
1.514206339379515764e-01
-1.313594689770681279e-01
-3.412428351756129907e-01
5.358221050458498169e-01
-4.643178521519788493e-01
-4.260612694938386014e-01
2.107847573896257654e-01
3.663925176634619252e-01
-2.434049866807792561e-01
-1.212290870732057879e-01
-3.795676912895854516e-01
-8.933186407117760242e-02
1.051747877855676028e-01
-1.913235395022288010e-01
-1.928169391037788949e-01
2.772747006472002229e-01
9.821813292810138707e-02
2.766777453331467629e-01
-1.912307983069185258e-01
2.868112666778185327e-01
-4.423392059052175806e-01
-6.978938680005777329e-01
2.650318285407841090e-01
-9.430423775266524866e-02
1.000000000000000000e+00
1.632423369282410275e-01
7.054943932380089433e-02
4.451734788874863735e-01
-9.562772950680235862e-02
-4.608635321905694138e-01
2.701287945485209008e-01
2.811098752030847248e-01
-6.706484372563958907e-01
-7.838345968298396915e-01
-6.731826717093132295e-01
1.455721137507093310e-02
3.573928228398426943e-01
-3.438541148613942777e-01
2.568384907411203621e-01
2.176210301200729724e-01
-6.955027820186016063e-01
-3.137141909322688771e-01
9.133045189295199706e-02
2.833295450530324278e-01
-8.599204330905607652e-03
7.287268617509060631e-01
2.472029234045766966e-01
-5.790094469832001156e-01
-5.126186839184404542e-01
-9.276666505467282553e-01
1.029348026022986889e-01
7.057484664914932537e-01
-1.483177194231404816e-01
5.871452162512691419e-01
9.541722890784923305e-02
1.970608284030304636e-01
8.356784609542350362e-02
-1.233395678160548736e-01
3.923123412174019387e-01
3.204876316126724634e-01
-9.113965496896007101e-01
6.623881264922429346e-03
5.093389680507770523e-02
5.964561899939383460e-01
-6.119941969579996144e-01
1.869723472411563281e-01
4.481151714622685356e-01
-6.617811470916367123e-01
-3.201053366914785592e-01
-1.403563268367028216e-01
5.850507269245779352e-01
-1.899159687622955228e-01
3.163525584106721134e-01
1.053297183349011790e-01
-1.631711424408731348e-02
5.877942304882190216e-02
-1.526218831575279489e-02
-1.503839235203968949e-01
2.630300086810177795e-01
8.953407209450860993e-01
3.100402410974995582e-01
2.258843442469543050e-01
-2.333712235494447007e-01
8.155471737068409332e-02
2.596999685868182084e-01
3.915000081044444080e-01
6.435812801581476394e-01
-7.902407761077362425e-01
-2.254299008071486143e-01
-1.549062200206654250e-01
9.976426902656963802e-02
-1.891829707414371675e-01
1.088812121767391838e-01
9.866741896031601400e-03
2.748875752652238935e-01
3.637728597808871367e-01
6.140065485176937621e-01
2.818929035076856993e-01
4.919088528136839611e-01
1.099427580952744288e-02
1.203929711737808106e-01
5.486903675222341015e-01
-6.421115920056078008e-02
-1.518427955685719422e-02
-7.721031670162644689e-01
3.882779401278241838e-01
-5.360742373926343785e-01
-5.023941949413535113e-01
-9.015389514245045754e-01
-5.035541038325175300e-01
2.251588908653577581e-02
-4.697552997229271776e-01
-6.331928182693180585e-01
2.472513782861834597e-01
3.065492760005796291e-01
4.373383449783845855e-01
-3.395907958295730777e-01
-2.127177891297847845e-01
-4.134704535276182980e-01
3.169943395057816526e-01
-2.173659321407061529e-01
-1.956970378314247250e-01
3.223611829959786013e-01
6.775562843196992757e-01
2.661603139901460580e-01
4.104186366541148767e-02
-5.486438666102034789e-01
-1.748755729968342332e-01
-1.141939379904159807e-01
-1.881369443802479724e-01
2.924210510711162669e-01
-1.623275036186687115e-01
-8.945589763274277573e-01
3.080068153976296408e-01
3.400863609880726002e-01
2.873540122125947671e-01
-4.330130000967119530e-01
1.822830584770565032e-01
-4.001328224729788774e-01
-1.111300284636990154e-02
1.331520129645864803e-01
3.370017072089520616e-02
7.332693712353369198e-02
3.111592314342743748e-01
-7.275915365322302986e-01
5.956643031062374138e-01
8.410462349561939610e-02
1.588717623616694441e-01
2.472262098753404969e-01
1.583779620401246091e-02
6.815305545913511454e-01
5.871316722778546771e-02
-2.059335701413329001e-01
-3.556073808934032132e-02
-1.776926806266851400e-02
7.027308582271072357e-01
-2.943320483262871767e-01
-2.193600889384063335e-02
-3.470032434740091820e-01
3.369137245210757636e-01
4.439270669950200476e-01
-2.102990571832051292e-01
