-1.476148094560882917e-01
-5.494121522050667838e-01
-5.474638491808421215e-01
7.641142549729991185e-01
-4.191347891743730791e-01
9.832467664954490649e-01
-6.135273782775827467e-01
-6.719924809614916672e-01
8.215042447410954018e-01
-6.744029798710757806e-01
2.696481395942232351e-02
1.000000000000000000e+00
-1.255615221614294341e-01
-2.351378357731813695e-01
-8.581694761611582400e-01
6.725815376314633331e-01
1.932944317078570118e-01
5.458412532690528618e-01
2.341760116174078366e-01
-9.363399412107759057e-02
2.371597828409424125e-01
4.821749043219018538e-01
1.761266309098431515e-01
-1.511701516955421820e-01
-9.844777487148468342e-01
8.611833475844254959e-02
-6.845703977975280408e-01
-5.962338067890349258e-02
5.164281922698227278e-02
-2.993771065091345163e-01
-4.054252203374515973e-01
3.816409564324877435e-01
-1.000000000000000000e+00
6.233183861295192862e-01
2.067726349168444722e-01
-4.324693184294098325e-01
-3.145594211629751946e-01
-9.786736384535009436e-02
-1.767237807754754586e-01
2.420156873739331416e-01
-1.519668143029541674e-01
2.371308619366221948e-01
5.984271014398629962e-01
5.329122957345722167e-04
-5.641472082441971736e-01
-3.755488580706720092e-01
-2.714902554439663218e-01
2.401506489939136679e-01
8.896733476699747456e-02
5.297017292157101265e-01
-5.715984326684184769e-01
3.732416581949941081e-01
-9.669407740134756679e-01
8.121843069299840290e-02
-1.314889280346925871e-01
-8.655423600463701961e-01
9.823689615190044355e-01
-2.347290359208743238e-01
-1.676250303743103964e-01
2.289499327773164561e-01
7.550096240974721873e-01
-1.923636569370323901e-02
3.010322373259551321e-01
-7.698917285727904791e-02
-5.617496286087431123e-01
-1.356061361826557121e-01
5.710588173172173043e-01
-4.889736972420614114e-01
6.301612591142566888e-01
-3.498041037039661960e-01
-2.926855627300557483e-01
-5.420422257039365643e-01
-3.173739896357874457e-01
-3.310571218748852296e-01
-5.193284996133179510e-01
3.797120134884635068e-02
-2.531270198052976150e-02
1.096806822365322120e-01
-7.203003688683748962e-01
-4.876808752388961388e-01
-2.159026129304102704e-01
1.579663421357211661e-01
7.070115474872706862e-02
4.903848134594875896e-01
-4.304761362191712459e-01
-1.520990765043614967e-01
-1.828247351231101492e-01
-4.834075321969760197e-01
-2.493873840898768457e-01
-5.125749745964142123e-01
5.737366671488869363e-01
8.980716917640223507e-01
1.000000000000000000e+00
-9.128474984543715198e-01
-3.714203518572390950e-01
-6.833208566144675089e-01
7.596810053810044705e-01
3.545199641614841801e-01
2.835496941694590212e-01
3.034314193475833310e-01
-8.015320833952371826e-01
9.940497816597754221e-02
-1.566584788605454026e-01
-1.767854126647366853e-02
7.236119615659878379e-01
3.141953205656076720e-01
4.712776933839470384e-01
-6.163805796252215252e-01
4.198935485094225650e-01
-3.596478672473208404e-01
6.095615623701370334e-01
-1.645722223658208638e-01
8.347438476259395612e-01
-1.247228646695091037e-01
-5.812796307253900174e-01
2.619142971650484930e-01
-1.207896546532389870e-01
1.306446768388213608e-01
-6.560991827288463751e-01
-1.241339094527768305e-01
2.119632376481336844e-01
-1.000000000000000000e+00
6.402264938734617550e-01
6.935490261836165793e-01
6.765831604532300814e-01
2.343910879448614093e-01
-5.442436860190602577e-01
-9.795447841615125828e-01
-7.005247527599559598e-01
2.570703176465824469e-01
-1.585265795676737699e-01
8.720202157695389200e-01
4.222982092188654613e-01
-1.000000000000000000e+00
-5.648737594036834508e-01
-3.269185910025662611e-01
2.628382423355262176e-01
-7.042507967745622599e-01
5.909439050858414921e-01
3.703459107741207124e-01
-5.277112728785654516e-01
-5.279174222727356369e-01
3.765860949985930795e-01
-6.420146563134038198e-01
7.473497945760130268e-01
-4.248553244568242793e-03
-5.751130224919642764e-02
1.879760834499671074e-01
-8.339527714973662964e-03
-4.064123241888502325e-02
-5.264461067119391435e-01
-3.339223597119296283e-01
-5.765000865002355424e-01
8.757258857498284588e-04
-8.570332861239253752e-01
-1.000000000000000000e+00
-7.970400238698382989e-01
2.883711662272734344e-01
-2.022910871455353976e-01
2.366213161647939822e-01
2.160304495721760976e-01
-5.839714869812957510e-01
2.110048545324688662e-02
-3.207328264505469040e-01
-1.693200570548518691e-01
4.283535842984591557e-01
-9.340324567738156336e-01
-2.651400778583709039e-01
3.612287603674181335e-01
-7.982840004137810030e-01
3.208357884710538732e-01
-4.493987517216315730e-01
-9.191015467387232407e-01
-1.611022750175411244e-01
7.400567915556025556e-01
-3.095473841194495979e-01
1.388293864054148674e-01
-8.221721748411359165e-02
-7.622520798573380052e-01
-5.574872248794059404e-01
2.178929485048997083e-03
4.635745282834889958e-01
-1.635625962810267342e-01
-7.703254658042455461e-01
2.607267278848041103e-01
-1.490992952425908014e-01
6.446478113333012905e-01
-4.709957431408298145e-01
7.518290936552529669e-01
-6.676132836310066931e-01
7.914466613093605885e-01
-5.881927782751080747e-01
-8.219323134407373610e-01
1.547848266290614005e-01
-4.834127200310286421e-01
6.948887178214767646e-01
-1.542689614381588803e-01
5.723751422801637290e-01
9.360108820402227026e-02
-6.608481730627490114e-01
7.260730674659945927e-02
2.519681016913134508e-01
-1.477547864379837317e-01
-9.103292967529019730e-01
-4.512301800377543914e-01
4.028305579165879224e-02
1.606054019364132612e-01
-4.017305648407882290e-01
1.102113927060887066e-01
-2.582219396922701415e-01
-4.059500857258819262e-01
2.376343368833073733e-01
1.000000000000000000e+00
3.691336383831100298e-01
-5.518842304171497348e-01
3.232591016528384431e-01
3.968895987843018558e-01
1.073218940051324788e-01
1.000000000000000000e+00
-2.467395752798650366e-01
-2.249576586471620510e-01
6.880953498351743969e-02
3.963959685686849199e-02
5.038780624552382514e-01
-4.436592492789173114e-01
-1.558464134622265518e-01
-5.195764760317747033e-01
-5.929064873106864031e-01
-3.063589846707866493e-01
6.357465298832665201e-01
6.439089868801252114e-01
-6.045704770246218551e-01
5.166778166745455980e-01
6.503839652820950223e-02
-7.108086524478500756e-01
7.266738660672027450e-01
3.427691150283130317e-01
3.614877498908064535e-02
4.996653729286194556e-01
8.688399214541984161e-01
7.886103009904893435e-02
7.253357198649457160e-01
1.000000000000000000e+00
7.163268786408140132e-01
1.000000000000000000e+00
-5.541283701245083293e-01
-3.678680390282809132e-01
-1.760961068981142796e-02
4.016347616593638481e-01
-1.432681202758741001e-01
8.872337612925840222e-02
2.411536438834850915e-01
7.352334639504987113e-01
5.813532269965989707e-01
-1.356482839432224252e-02
8.674710305268316934e-02
1.265623679410136648e-01
6.776829368576164914e-01
2.664339281839118168e-01
3.186869042685478437e-01
6.226902257162959531e-01
6.322677124025924966e-01
9.306326078971954852e-01
-3.277831626465670944e-01
9.207240605453649307e-01
