1.183091929507297524e-01
-8.938560575718281775e-01
1.000000000000000000e+00
-8.058265786097027483e-01
2.358113850995422478e-01
-2.411393695913321977e-01
5.459076419750827913e-01
5.569877080674952019e-01
-8.612868960621309355e-01
-5.251464295510037683e-01
-4.949365557313175068e-01
8.838992274557656570e-01
-4.964142343468604390e-01
-1.631025411256361024e-01
-8.802878150377526634e-01
-6.372353375023420696e-02
-4.296703569099002973e-01
-3.002112381588901702e-01
-4.089195884324698937e-01
1.000000000000000000e+00
-4.541479667199075365e-01
9.700029941331806960e-01
-7.791328634114776941e-01
9.282995603262135242e-01
-7.490043510153423512e-01
1.373361777165041930e-01
8.885287798900145528e-01
-1.192504453732327885e-01
-1.000000000000000000e+00
-3.407099913402062419e-01
-1.000000000000000000e+00
4.331321786722518441e-01
-9.733383630698322353e-01
5.912766848091813854e-01
-3.641159259134318371e-01
-6.801696510484412928e-01
1.000000000000000000e+00
3.043588402715564634e-01
2.263160646928212838e-01
-9.214508037373092542e-01
-5.012388657667377068e-02
9.320746659006449164e-01
-4.241664582170028841e-01
-8.971202585265827811e-02
7.417599100174516735e-01
-3.566704471522300635e-01
-8.208814151365486644e-01
8.894603601980126673e-01
-1.000000000000000000e+00
-7.301965225213689070e-01
-1.000000000000000000e+00
4.365290105852128733e-01
-9.279295447598236990e-01
4.782365085349678524e-01
8.641234526932753957e-01
1.000000000000000000e+00
1.000000000000000000e+00
-6.188729626562168296e-01
-1.000000000000000000e+00
1.000000000000000000e+00
-7.221086424226422218e-02
5.958590098943947755e-01
9.374224420793755286e-01
-6.425930044923383599e-01
7.411006080356026260e-01
-4.428352036947635906e-01
7.541618229127609041e-01
-1.000000000000000000e+00
6.559579556546452084e-01
9.158711728467385793e-01
3.088299488548249538e-01
-1.151398074309240016e-02
4.022120994280986572e-01
-1.000000000000000000e+00
-5.007565530149161726e-01
-1.836590744367289918e-01
5.085295090347203839e-01
9.177750749142361553e-01
-2.863078424035169767e-01
1.000000000000000000e+00
-4.021017060283933464e-01
1.042750552282510068e-01
4.998002082225490028e-01
1.000000000000000000e+00
6.686646196275822795e-01
-1.814636205773407784e-01
-1.000000000000000000e+00
-3.225419375098625419e-01
1.893660756251527855e-01
-3.384011120250933202e-01
6.534620446586243414e-01
-1.973272471841507336e-01
6.966939523942157209e-01
-4.743623069405082937e-01
5.426946867324895507e-01
1.000000000000000000e+00
-8.030877876159692175e-01
6.364046779816993071e-01
3.091119867331481030e-01
-1.072169385174813749e-01
2.082191592125065827e-01
-3.728245045847818906e-01
1.035148159464789330e-01
-3.408190196363429791e-01
-5.522972622266031362e-02
2.128081261180986561e-01
4.411222014806580605e-01
-5.491849900001892493e-03
-5.312422244117093184e-01
9.093632013550528859e-01
9.349884310165523793e-02
4.478800280317887239e-01
-1.657104487953453553e-01
4.795276163256729229e-01
1.634865229542851461e-01
1.000000000000000000e+00
1.239346633585303170e-01
5.001204984533412778e-01
2.288572816162634527e-01
-9.765145313046659226e-01
-1.000000000000000000e+00
5.222422795422739794e-01
3.322570125152145004e-01
-9.718774830679435262e-01
1.056863179564079269e-01
1.000000000000000000e+00
-1.000000000000000000e+00
5.375054298057664326e-01
-1.000000000000000000e+00
8.378390172426786187e-02
2.227546318025237504e-01
-2.020906844254169166e-01
-4.838112095584379269e-03
8.055234445032997126e-01
3.917976092978145974e-01
-6.244532831813625062e-01
5.348022010027477791e-01
1.000000000000000000e+00
4.996407539254413277e-01
-9.761816319470396630e-01
1.481457458203601918e-01
4.195813628157922803e-01
-2.678145342768098458e-02
9.865338078658765220e-01
-8.730039945541414603e-01
-2.381400186590107992e-01
6.691111054231594357e-01
5.636908666546485147e-01
-1.286332973243188571e-01
-2.479489708349952026e-01
1.000000000000000000e+00
4.503234940417837340e-01
-8.530924384969799101e-01
2.107078513459279545e-01
1.000000000000000000e+00
-9.038623248625284878e-01
-1.089160919006077477e-01
2.853991234183763659e-01
9.193061857075166543e-01
-1.000000000000000000e+00
-6.246977672585538599e-01
1.000000000000000000e+00
1.000000000000000000e+00
9.455769108465017503e-02
-3.246056367665612341e-01
2.798336793929133703e-01
1.771896515471083622e-01
3.463266692742248409e-01
-1.000000000000000000e+00
-6.170432938707575143e-01
5.607464323039899057e-01
6.031041371686184371e-01
-5.063146666293075193e-02
1.000000000000000000e+00
7.687303545961644557e-01
-4.044920082482417745e-01
3.355737542629388948e-01
1.029104602914232558e-01
6.384288770775959909e-01
-2.375511438549960941e-01
-7.078012013883538955e-01
-8.729699219590985049e-01
-5.656784001769039616e-01
3.749275584937833972e-01
-5.174466166215092588e-01
-1.000000000000000000e+00
7.464850244453226091e-01
-4.230859863129972087e-01
-1.805849150581715634e-01
-1.000000000000000000e+00
-7.278022204190814914e-01
5.963133841527430423e-01
-1.000000000000000000e+00
-4.353361698955136028e-01
-5.960207949870237609e-01
-3.492062644468250654e-01
-8.304704555269410982e-01
-7.422028584817087493e-01
-4.603053180068471528e-01
1.000000000000000000e+00
-4.583074948945498051e-03
-6.758484461674563182e-02
2.161615691512157600e-01
-5.093301871188985475e-01
3.608755155558868166e-01
-3.924832444576398238e-02
9.475455170995108478e-01
5.929367914358820713e-01
-7.875209949323076497e-01
-8.838395612866618567e-01
-4.409645153068266765e-01
-8.046510007317535240e-02
2.898697465782281157e-01
1.676389546307892608e-01
9.995159828452024886e-01
-7.366542282650738738e-01
-7.872005381292287440e-01
5.363742661571098136e-01
1.945507392991893125e-01
-1.072081022134177830e-01
-5.874145600669544720e-01
6.010859858803383471e-01
1.138469915534092713e-01
3.946242818425342858e-01
-6.555479486668696065e-01
-1.016846631791167299e-01
3.902272280131648952e-01
3.583641421361318802e-01
7.418285554830217343e-01
6.688329955794121151e-01
4.938037442664738874e-01
-3.844524273990975183e-01
-1.736613715843093875e-01
4.085544170044578260e-01
-5.272615531095298236e-02
-1.959966226167882131e-01
-1.475647689579082655e-01
1.996691133999421996e-01
9.607083544680516951e-01
-1.000000000000000000e+00
2.369966554238172596e-01
-6.356821975907812616e-01
4.672921526058423924e-01
4.763087295734804716e-01
-7.699011826164458006e-01
4.349735800357614757e-01
3.896391596172232852e-02
2.198009418567766771e-01
9.085582019170878043e-01
4.019377439099951488e-01
-6.528931940385931942e-02
-1.000000000000000000e+00
-3.162389363736727299e-01
3.489346225902802967e-01
-2.302295188891385902e-01
-3.053429387835512876e-01
-9.240683605081243535e-01
-6.942311362397453056e-01
3.907805396200604298e-01
-2.634527010074585451e-01
-2.326134473599290042e-01
6.728255121594256538e-01
-1.672620180307515803e-02
5.084399431441090356e-02
3.423138964007741425e-01
