6.601126906908325598e-01
1.000000000000000000e+00
8.586051196559763010e-01
3.585939349018133493e-01
1.000000000000000000e+00
7.973761400636445451e-01
-1.793880296641747751e-01
-4.693641731590986743e-01
-9.181285858562497904e-01
-2.676239217418778238e-01
-7.731909197714379456e-01
-1.000000000000000000e+00
5.823332303869606097e-01
-1.000000000000000000e+00
4.441468784905562850e-01
5.500998718296460366e-01
-1.000000000000000000e+00
7.889499874718785000e-01
-9.388448795918675760e-01
4.592917989703907966e-01
7.396217797014428275e-01
-1.971401766899253394e-01
7.836565029714601671e-01
8.216745110861167767e-01
-4.494252065864940415e-01
-5.289771279044297447e-01
1.000000000000000000e+00
5.981551980020685111e-01
-4.458136608744753260e-01
1.000000000000000000e+00
-1.000000000000000000e+00
2.452822983394811196e-01
-1.000000000000000000e+00
-5.319411537984335414e-01
1.000000000000000000e+00
2.430501862293940607e-02
5.778865494433266248e-01
-7.483112642247381763e-02
1.000000000000000000e+00
-1.231476756609781315e-01
-1.231931305359984796e-01
1.000000000000000000e+00
-2.321397340028877321e-01
9.768281384002074352e-01
9.789276632016985502e-01
1.707231233646994140e-01
7.104921707625488914e-02
2.804086221828502312e-01
-9.040121511187276804e-01
3.553717740643554945e-01
-2.552919928929645588e-01
-2.397362933800607498e-01
1.000000000000000000e+00
2.364027263849939331e-01
8.979154442062631247e-02
-4.249735850788323166e-01
-1.000000000000000000e+00
-4.704778621079837020e-01
4.582179971711428101e-01
-2.183632820001115971e-01
9.389485270156630037e-01
4.683866047410556455e-01
-4.590954007408208637e-02
-3.549371220295970963e-01
4.132077920605559118e-01
9.820009037793051565e-01
-7.120245704810510556e-01
-4.240970409461314872e-01
8.510658104537303092e-01
7.272817746186097665e-01
8.847297042922835919e-01
9.576483057248847963e-01
1.000000000000000000e+00
9.028894909267674018e-01
-1.000000000000000000e+00
2.862160897202205012e-01
3.994700087875724392e-03
-4.054422394440017063e-01
-3.807938564055001196e-01
1.465999652809901466e-01
-6.691998833267119862e-01
2.991552340672196664e-01
2.333210656175487008e-01
1.000000000000000000e+00
1.000000000000000000e+00
-6.252674325939029387e-01
1.463530644026645455e-01
-2.609930645256935966e-01
1.416721584055888328e-01
-2.498095053765980733e-01
-1.000000000000000000e+00
-8.718077514277032813e-01
6.161051220258426664e-01
2.055784627515284679e-01
3.575046363683185846e-01
3.180013570257776978e-01
-1.000000000000000000e+00
1.000000000000000000e+00
8.583437597107680395e-01
5.199261890658311014e-01
2.181830852933170362e-01
-8.984972502430592645e-01
1.794393304987332849e-01
-9.792974706374319993e-01
-3.693721976584493638e-02
-6.829449152346156460e-01
-9.375270280683084545e-01
-3.918990163405816074e-01
-6.450074968899192074e-01
7.571858213664579562e-01
1.000000000000000000e+00
-2.258154279812793486e-01
9.141986339985370691e-01
-6.420601833553598592e-01
-1.767454974096338838e-01
8.231970965015876773e-01
-3.952195951767109028e-01
7.017859582422949494e-01
1.676782549822243840e-01
6.195285834964183724e-01
2.426502718511796067e-02
6.514419991645481467e-02
-6.701975950917691272e-01
-8.642952017980777280e-01
-7.519544218222525833e-01
-7.922581356846605249e-01
4.103778694204974764e-01
-3.343531205418886487e-01
-8.517559738534975500e-01
-2.646228845110673578e-01
-2.568756788701342386e-01
3.044576748822038770e-01
-5.967036051867998792e-01
4.354079923161107146e-01
3.682107464917838691e-01
-3.003181259502647471e-01
2.340096761649065604e-01
8.792228098072732978e-01
-1.000000000000000000e+00
3.189760751900448943e-01
-9.504640262688354158e-01
-5.159280215818632387e-01
-7.891542808019714750e-01
-2.935898969536149261e-01
1.000000000000000000e+00
-2.012944975385297930e-01
-1.000000000000000000e+00
1.510123308163479894e-01
-6.331797131926070188e-01
-6.327934197425938434e-01
9.267291986532013581e-01
-1.000000000000000000e+00
3.966188523066304095e-01
-3.003875131800172182e-01
7.187635530572933362e-01
1.875151046222124918e-01
-5.634287383797896842e-01
-4.554769233448671129e-01
9.761741013514191323e-02
-1.000000000000000000e+00
-6.569822815760681944e-01
6.296060354539328996e-02
-1.000000000000000000e+00
-1.000000000000000000e+00
-1.000000000000000000e+00
3.339503344254032835e-01
1.000000000000000000e+00
-8.475500470188468416e-02
-6.542546029035043453e-01
-2.272765311530687282e-01
4.926968765054003940e-01
1.000000000000000000e+00
-9.718971868670399639e-01
-1.999648230992401299e-02
1.000000000000000000e+00
-1.000000000000000000e+00
-7.989429970037049689e-01
-1.877204369685202823e-01
2.287718738754577763e-01
-5.246290130754913683e-01
-7.127368359562435973e-01
-9.460908046389779891e-01
-7.552046036592362510e-01
-1.000000000000000000e+00
1.000000000000000000e+00
1.000000000000000000e+00
1.000000000000000000e+00
-1.000000000000000000e+00
3.126180561896716448e-01
2.889183757700521937e-01
-7.643962625597375826e-01
-1.000000000000000000e+00
4.928697145464185914e-01
1.000000000000000000e+00
8.721490377611136324e-01
1.000000000000000000e+00
1.000000000000000000e+00
1.000000000000000000e+00
-1.000000000000000000e+00
1.254406757244878878e-01
3.262885326288729182e-01
-1.999999999999999556e-01
-2.350187252711350427e-01
5.955532356086478130e-01
-1.000000000000000000e+00
-9.877638171151134072e-01
2.666914700512188485e-01
-1.000000000000000000e+00
1.912313962655006194e-01
3.630189454278078820e-01
-6.803612709670630032e-01
2.834301499636210364e-02
1.000000000000000000e+00
-9.494474898341542790e-03
-2.406747752973695254e-01
2.040426283380489814e-01
-4.215591886018059675e-01
9.039993409797790758e-01
-2.246590182344498643e-01
6.401887925778637634e-01
-8.750087481174025905e-01
-5.291927587885298934e-01
4.543360823539414617e-01
1.425579705853511348e-01
9.517338468865655932e-01
-3.002205855551164926e-01
-1.000000000000000000e+00
-1.000000000000000000e+00
-2.176793243167916003e-01
4.355372561777886009e-01
1.000000000000000000e+00
6.718481253671351183e-01
-5.225856566878290810e-01
8.735667575661865136e-01
8.827558326965556645e-02
-2.627126880265860942e-01
-2.007849314717256306e-01
9.851069163555987718e-01
-1.835521913002132743e-01
-4.768554234811446801e-01
-1.735463829140204417e-01
-6.171860088001684952e-01
-9.789353607571704696e-02
-1.000000000000000000e+00
4.574138480793515926e-01
-3.840654257091477009e-01
9.392896814785108850e-01
-3.797771721015751334e-01
2.880008701650085268e-01
4.023430454403419954e-01
5.989370937211133672e-01
-1.000000000000000000e+00
-2.072387194436406954e-01
1.000000000000000000e+00
6.177018162468467244e-02
-2.808004545962790033e-01
6.346302036553643777e-01
6.327378411694080107e-01
-4.568926043916936020e-01
-3.024952311861516807e-01
1.496712674784650143e-01
1.140331382918925995e-01
-1.010208727788457356e-01
9.725761449759231514e-01
-9.037525671881230238e-01
