-1.000000000000000000e+00
-4.787432695205362521e-01
-2.713960493891963699e-01
1.405678312032440647e-01
-6.685326791029371218e-01
-2.067416211700122686e-01
-8.098691145099312649e-01
5.911473238971312050e-01
-8.171710670197253057e-01
1.381915794199179981e-01
1.079016854229908895e-01
1.737849129800154435e-01
1.424918123342495679e-01
-8.696330924884778657e-01
-1.000000000000000000e+00
-3.753834505994479986e-02
1.999999999999999556e-01
-1.010980394335780352e-01
1.340605658511635212e-01
1.000000000000000000e+00
-3.787868752667131744e-01
6.234321385829042494e-01
-6.481185072790910384e-01
1.000000000000000000e+00
2.751700415377597020e-01
-5.834824582655039338e-01
6.415284856467065033e-01
8.720764703924406280e-01
-5.741776041404780262e-01
4.934767498721913670e-01
-1.044074645813301006e-01
-6.906997302937517569e-01
9.570970136482611634e-01
-5.943675599843134538e-02
-5.721734021890821920e-01
2.541871359745787040e-01
1.000000000000000000e+00
-1.000000000000000000e+00
9.302273031357504163e-01
8.177996299016985216e-01
4.076550937898558158e-01
-1.897675299506775271e-01
8.298831492806333365e-01
-5.783967695958041055e-01
4.426048691201375784e-02
-1.000000000000000000e+00
7.782709719859707276e-01
-6.331240363283978656e-01
5.070580222421567917e-01
-4.538919877247162837e-01
1.000000000000000000e+00
-7.757419332812852675e-01
9.880821774403368840e-01
8.628635036287327642e-01
-6.855607578580028560e-01
-1.262723380478966151e-01
-2.935063675508815528e-01
1.000000000000000000e+00
8.643111704216163149e-01
8.322475180601524025e-01
3.321036472586103017e-01
-1.000000000000000000e+00
-4.559226318239011366e-01
6.865287795467542864e-01
4.792711743660020840e-01
1.000000000000000000e+00
6.882707791056990043e-01
5.962511899058429155e-01
-2.341362338139768573e-01
-1.000000000000000000e+00
-7.274276446237526450e-01
-7.053684202580000617e-01
4.675790557725429952e-01
4.306419064779710704e-01
1.000000000000000000e+00
-5.345347578312915626e-01
-1.000000000000000000e+00
1.000000000000000000e+00
-9.301847351212978732e-02
-7.971249058328272463e-02
-1.771100328881101693e-01
-1.000000000000000000e+00
-4.583204996852008328e-02
4.292065825843183746e-01
8.572835835186989328e-01
6.481907649624771839e-01
-2.678083696463317009e-01
-1.000000000000000000e+00
3.691237342174749636e-01
6.478853307856714538e-01
-4.122891240607048369e-01
7.144899477398909404e-01
1.000000000000000000e+00
6.914047298185115320e-01
1.000000000000000000e+00
-3.405909369549653953e-01
2.585585087173791763e-01
7.952564786477263059e-01
1.715766987381761588e-01
7.318117755517874468e-01
6.092043057044682630e-01
6.466745187284276275e-01
-1.056505292061375445e-01
-3.531751499890516399e-01
8.869947122510666304e-01
2.673025941440446696e-01
-1.000000000000000000e+00
1.000000000000000000e+00
5.327524375902594755e-01
-5.849510521517904404e-01
-3.098876411900060024e-01
-4.686184311342738162e-01
6.871665944563620787e-02
-4.798578508803461595e-01
-1.000000000000000000e+00
3.882272030289828924e-01
1.774721426825789927e-01
1.000000000000000000e+00
1.000000000000000000e+00
6.185886814103787046e-01
-1.579497573017935030e-01
-6.532678893689305433e-01
7.372952589043108018e-01
-8.696592384750775895e-02
-1.000000000000000000e+00
-1.000000000000000000e+00
1.000000000000000000e+00
-5.941282633120000822e-01
-8.910106102727418653e-01
7.095207755925710957e-01
-5.328139129133464547e-01
-9.735844001431425143e-01
-8.491897703254679408e-01
7.013706956187939490e-01
-1.000000000000000000e+00
-2.598815460735892646e-02
7.695836007346882335e-01
1.662460512980182270e-01
6.889024878608378533e-01
-1.825648070804478662e-01
5.972457921751048726e-01
-3.884511530820148328e-01
-1.000000000000000000e+00
-4.640733239437189184e-01
-1.150619849204104761e-01
6.418061817120016554e-01
1.983620064336866773e-01
-2.021570286646081627e-01
5.696699386199887138e-01
-5.965409835528008298e-01
7.658241647662524798e-01
-3.483189294170401240e-01
-1.745989092141098931e-01
3.663238527599720906e-01
1.000000000000000000e+00
-7.068181303197924592e-01
3.927350166196463821e-01
-9.792871352962291276e-01
-6.462349141840195710e-02
1.000000000000000000e+00
2.824106469060927438e-01
-8.989641300112427569e-01
-1.000000000000000000e+00
1.000000000000000000e+00
6.364884461671963534e-01
-8.162987316132732651e-01
-7.625422692392515023e-01
-3.512535913786829500e-02
1.000000000000000000e+00
8.057272450007231246e-01
3.809622456229927456e-01
5.835898434406441293e-01
-1.000000000000000000e+00
4.590176495987757788e-01
-6.536469460479648053e-01
2.167199175760590180e-01
1.278035435605597847e-01
8.169355625430131385e-01
-8.434131639233657385e-01
-1.000000000000000000e+00
-6.403460246891971019e-01
2.304738488962173037e-01
-1.000000000000000000e+00
-6.258150803598393486e-01
1.000000000000000000e+00
-4.309891112031267735e-01
-2.888107046013304591e-01
-4.005212502463726398e-01
3.766822934658117239e-01
6.681900456564890955e-01
1.000000000000000000e+00
1.000000000000000000e+00
1.000000000000000000e+00
-1.000000000000000000e+00
-7.769501086360529607e-01
9.042693813764188793e-01
7.270060918946281703e-01
8.686521834253377872e-01
-8.050845848081822353e-01
-1.000000000000000000e+00
-2.749397566136926874e-01
-1.000000000000000000e+00
-9.652179751618245040e-01
7.406118247336481719e-01
5.999752750563890347e-01
-3.624251447756486888e-01
5.987983276782846698e-01
6.576826923510756817e-01
-1.000000000000000000e+00
4.076367921810437611e-01
-1.000000000000000000e+00
8.538567680370479085e-01
-2.259500074268112613e-01
1.000000000000000000e+00
1.000000000000000000e+00
6.853350847341799223e-01
9.395144953385217157e-01
-1.872942154389175551e-01
1.000000000000000000e+00
1.000000000000000000e+00
-4.888542953471950447e-01
2.192936632208179470e-01
-1.000000000000000000e+00
-1.000000000000000000e+00
1.042686335847189116e-01
3.022444514947907335e-01
-9.791617643940928595e-01
-2.240023744641457190e-02
5.969599409492505337e-01
3.189699746800900293e-02
-1.000000000000000000e+00
-1.813228920718231163e-01
1.000000000000000000e+00
1.000000000000000000e+00
2.684973265910659546e-01
-3.942656558039749903e-01
-5.025020750063540209e-01
1.000000000000000000e+00
-1.000000000000000000e+00
-9.247631424350061247e-03
9.750463889340615919e-01
7.164742879590024760e-02
-1.000000000000000000e+00
1.437307715836606548e-01
-2.386786565621651646e-01
-8.894088472722078142e-01
1.000000000000000000e+00
1.000000000000000000e+00
7.946923061314536962e-01
-1.000000000000000000e+00
1.000000000000000000e+00
1.000000000000000000e+00
-1.000000000000000000e+00
6.242526061143842675e-01
-8.384508012992093473e-01
-1.392443540780694267e-01
-1.000000000000000000e+00
1.000000000000000000e+00
1.000000000000000000e+00
-3.148865824775380906e-01
1.000000000000000000e+00
3.446539093925793384e-02
-1.000000000000000000e+00
1.000000000000000000e+00
-1.000000000000000000e+00
