-2.980952228363349943e-01
5.246408403216422656e-01
9.984289811189441810e-01
-1.000000000000000000e+00
1.000000000000000000e+00
6.478984374153654580e-01
-9.757453036009838820e-01
-2.334389462246687919e-01
-5.757196432288256283e-01
5.926493762607666360e-01
6.858730675055235704e-01
8.511241475474669027e-01
1.000000000000000000e+00
1.386370528542790193e-01
-3.722766191377258060e-02
2.817313960390933625e-01
-1.540242961956400092e-01
4.942862318247830955e-01
-4.781279462112733025e-01
-4.623732714283124157e-01
-1.000000000000000000e+00
-1.000000000000000000e+00
-5.760071958027381811e-01
1.000000000000000000e+00
3.270468576676940908e-02
-8.016828850401291895e-01
-7.648185556656791895e-03
1.000000000000000000e+00
-6.519261434048562176e-02
4.891307698331104348e-02
-4.509472137566645222e-01
-1.853690720962597460e-02
9.890379700968292553e-01
1.000000000000000000e+00
-8.319507410752693399e-01
2.135307973997982445e-01
3.773676301883641671e-01
-8.123727976045151955e-01
9.913489223371867443e-01
-1.000000000000000000e+00
-8.900982950720939257e-01
-3.230378782555698436e-02
-4.176752904362281971e-01
-8.491909627511839975e-02
4.715522365729954979e-01
1.000000000000000000e+00
2.745782507944211082e-01
4.649247727277687203e-01
2.379982167812963456e-01
1.000000000000000000e+00
2.163783191653070870e-01
8.242335839515948503e-01
2.106790636589975507e-01
9.109650029388842718e-01
-9.837516793746726995e-02
-1.000000000000000000e+00
1.972952129422289591e-01
5.321473928218586336e-01
6.036468628468383280e-02
-3.940408471407246815e-01
1.432717979174470968e-01
-1.404710704291785295e-01
-1.000000000000000000e+00
3.200622733292616262e-01
8.375245826155253148e-01
5.557271275557572610e-01
-3.862128753206582332e-01
1.000000000000000000e+00
-4.441467933992883088e-01
1.000000000000000000e+00
-3.166132067799537486e-01
8.687442854531104430e-01
5.785750162605151070e-01
6.681363696956139631e-01
1.000000000000000000e+00
-9.795630510916861766e-01
-7.058196691179574600e-02
4.606908786769674524e-01
1.000000000000000000e+00
-8.887107544752500532e-01
2.724552114855588458e-01
5.753368720335069186e-01
2.868376769211129496e-01
6.953484247755835623e-01
-1.000000000000000000e+00
-9.790023058668743117e-01
8.856142987519031173e-01
-6.242708766407673027e-01
-1.000000000000000000e+00
1.000000000000000000e+00
-3.083431342713838230e-01
2.505108045787305948e-01
9.110024812972861152e-01
1.027203809724770434e-01
1.000000000000000000e+00
4.807633572291031276e-01
-7.047592143872234427e-01
7.308706153186816934e-01
7.149645758743108370e-01
6.566960464566697908e-01
2.693843260109496374e-01
-3.739564161727413905e-01
-1.970693426007727456e-01
-5.126314182672693232e-01
1.000000000000000000e+00
1.000000000000000000e+00
-1.000000000000000000e+00
-8.766684084021050261e-01
-5.472086131375359930e-01
1.000000000000000000e+00
-4.240262229275089112e-01
1.038918301665200106e-01
-5.422130300766274669e-01
5.357230279631721714e-01
-2.669006535199525132e-03
1.000000000000000000e+00
-6.244564852261942356e-01
-5.012257208479181658e-02
3.042820496307220290e-01
1.769382627627518190e-01
4.962084349279169970e-01
1.786671540340715181e-01
1.798380754340293819e-01
9.873250385875653734e-01
-4.425725523586424015e-01
-5.245080625788117734e-01
-2.487651590524036227e-01
4.703458328442262082e-01
2.629830282137021746e-01
1.000000000000000000e+00
-1.000000000000000000e+00
3.657697723963143632e-02
-9.881448157350064543e-01
-5.635843803627029747e-01
-1.000000000000000000e+00
1.000000000000000000e+00
3.740600079832708813e-01
-5.734471739623487885e-01
3.781065510689326503e-01
2.555101187062031598e-01
7.826830690487505127e-01
-9.314388158195886502e-01
9.211195246524487290e-01
5.672216603389310663e-01
-3.211583451237465248e-01
7.314439408095015083e-02
7.311713799036310135e-01
1.000000000000000000e+00
-8.662494463670109557e-01
7.675503564748318297e-01
-9.019533339383422055e-01
1.000000000000000000e+00
6.266613936975032884e-01
-1.000000000000000000e+00
-1.000000000000000000e+00
3.457057943020239721e-01
1.000000000000000000e+00
-3.351425498439675188e-01
-1.000000000000000000e+00
-8.361884887457053939e-01
-2.319752974660294065e-01
-1.000000000000000000e+00
-3.556060934293573395e-01
-4.502947093791542232e-01
-5.878036224628567785e-01
-3.114074878860059181e-01
-3.716773674509069592e-01
-7.533319483960131402e-01
-6.287631493378483816e-01
5.359774503490387643e-01
9.957889103744682613e-02
-1.000000000000000000e+00
-6.712041435803935974e-01
-2.084432273890682863e-01
6.524088458338739294e-03
-5.090444179280952941e-01
1.000000000000000000e+00
2.859547305969913356e-01
-4.129069073883611107e-01
-7.378179081516251792e-01
7.444148914321943034e-01
-8.638157802404615726e-01
5.035551984914258261e-01
-7.077936098514642227e-02
4.429746798018995291e-01
-1.906615990556649320e-01
1.000000000000000000e+00
-1.000000000000000000e+00
5.753471932120787224e-01
-1.225944627815173105e-02
1.000000000000000000e+00
-1.000000000000000000e+00
-2.910662817641013200e-01
-9.178124007264278905e-01
-7.162042540570827676e-01
-5.050573501970945234e-01
9.910474683508377902e-01
-4.628343531627113761e-01
-9.814255548531590767e-01
8.928195672963993301e-01
4.356801793476682283e-01
1.611538463015602940e-01
1.000000000000000000e+00
-9.765958331589184027e-01
-2.377637234758143425e-01
1.000000000000000000e+00
4.426715785573104300e-02
1.000000000000000000e+00
-7.802139193582271481e-01
-1.000000000000000000e+00
1.464335108923917605e-01
-3.188409002112894686e-01
-1.000000000000000000e+00
6.463022773692951306e-01
1.946007823263033454e-01
6.786532721609295216e-01
3.522689003550946718e-01
-1.000000000000000000e+00
3.813053076809461706e-01
-9.996446618943529705e-01
9.020318109710292465e-01
-5.752760518971866688e-01
1.000000000000000000e+00
8.803222113717903974e-02
-7.053416845010093139e-01
-2.775709880009319397e-01
1.000000000000000000e+00
1.503052717288783646e-01
8.084209121807935938e-01
1.000000000000000000e+00
-7.684137418981416001e-01
-7.988051502765380896e-01
2.181367153760060962e-01
8.907959333098225407e-01
-6.789267689037030429e-02
6.895556012835124537e-01
-4.869203600391325271e-01
5.722399438843059905e-01
-3.386084046544818316e-01
-2.715974145621650182e-01
-3.217717849656132056e-01
9.946701684955576717e-01
9.400860706176977777e-01
6.236244019067294087e-02
-9.916527739476306280e-01
-1.000000000000000000e+00
-7.379815055388025402e-03
1.000000000000000000e+00
-8.411970607351237916e-02
9.812143448297525050e-02
8.628216171384600619e-01
6.439569595798837476e-01
4.930537001150481213e-01
3.440155275871898954e-01
7.940931398635479033e-01
7.614052067880032471e-02
7.871649464361738513e-01
-1.000000000000000000e+00
4.532359117221446132e-01
1.391693088789171251e-01
-5.729085961596367405e-01
9.161042883306105278e-01
1.614381891103290334e-01
-2.726187557317666377e-01
-6.041910598432409518e-01
