3.135544339647133860e-01
6.912662311809532334e-02
-9.343350261703111670e-01
7.951788312873666609e-01
1.962925306889576164e-03
1.000000000000000000e+00
8.632107711314179754e-01
9.015789158668607861e-01
9.906086665925237789e-01
9.981887693651985138e-01
9.098350346175547720e-01
1.000000000000000000e+00
-1.000000000000000000e+00
-1.000000000000000000e+00
-9.989725220629581681e-01
2.044618505988458901e-01
9.999444343492374099e-01
-9.991665718882987157e-01
-1.000000000000000000e+00
-9.920988465576422444e-01
9.595021837167235779e-01
-8.811880869665614791e-01
-1.000000000000000000e+00
7.217284675851947107e-01
1.000000000000000000e+00
-6.115897590237087122e-01
-9.885702714097512889e-01
9.602353462433379505e-01
9.936767457731648934e-01
-4.217095428232828236e-01
9.934420159678977180e-01
9.970856691981616615e-01
-1.552841977719890687e-01
6.576337972922104980e-01
-7.978843900700979264e-01
-9.999567216523950197e-01
1.000000000000000000e+00
-9.983452922812980912e-01
-7.078485809398860074e-01
-3.504247787959281490e-01
-1.300941348283959909e-01
-1.105447600985598605e-01
5.537755752104803753e-01
-1.000000000000000000e+00
3.498704644343695325e-01
-9.987017603945427258e-01
-1.000000000000000000e+00
2.779749504560339313e-01
1.000000000000000000e+00
8.288522576407495457e-01
-9.961133248203429824e-01
1.000000000000000000e+00
9.942476829095692192e-01
-9.422395941171095579e-01
-5.731858871802257838e-01
-2.022559442702477894e-01
1.000000000000000000e+00
-7.782653738924222298e-01
-1.738103939009030818e-01
-9.920760173586556929e-01
-8.360031446684514922e-01
6.108465967937063423e-01
-1.000000000000000000e+00
-8.126986703492718178e-02
8.523214992724111871e-01
9.877147836990034513e-01
-9.967592284722855966e-01
-3.913413617816796988e-03
9.685682650684579453e-01
1.000000000000000000e+00
8.453516009102479689e-01
-6.110176731267984440e-01
-8.685243453012088111e-01
8.962796008787723423e-01
2.949447710987129767e-01
-9.239289755071833365e-01
9.977195623103971567e-01
-1.689826257502060614e-01
1.000000000000000000e+00
-9.559558108784145525e-02
9.065006085804716562e-01
9.957043930807255583e-01
-9.920059682698447734e-01
-5.644109071113834197e-01
-9.316696103008398344e-01
-9.998820680765557745e-01
6.839260504208075631e-01
3.425093948208242089e-01
1.000000000000000000e+00
1.000000000000000000e+00
-2.030749168949225192e-02
9.877439680723808513e-01
6.468935515910293477e-01
2.621093533974997447e-01
-9.988765870600050389e-01
-9.437524343631926715e-01
7.313190567674178293e-04
6.638323244966904957e-01
-9.931361593345808814e-01
9.998977105450328473e-01
-8.776645677536492052e-01
-9.001244626934782334e-01
-1.000000000000000000e+00
1.000000000000000000e+00
1.000000000000000000e+00
1.336540937233066384e-01
-9.904713253355732494e-01
4.378965961729133216e-01
1.000000000000000000e+00
9.371383651545729387e-01
9.811171588262692644e-01
-6.881998194007984404e-01
-9.946184853182751251e-01
9.035045473511820191e-01
-1.000000000000000000e+00
8.838024816580851706e-01
8.002638131606488736e-01
1.000000000000000000e+00
9.178140945083410607e-01
9.991263685036670950e-01
1.000000000000000000e+00
5.733199440988514528e-01
-9.931274153735980548e-01
-1.018780431704304490e-01
8.728196800510771292e-01
-9.576077159936903227e-01
-1.120873115078012544e-01
-5.011580070094528994e-01
-6.724631543915617904e-01
9.451584740719863875e-01
1.000000000000000000e+00
-1.000000000000000000e+00
4.880549490165753679e-01
-9.989508801419785256e-01
6.286291981261976636e-01
-1.000000000000000000e+00
4.074919500741431833e-01
1.000000000000000000e+00
3.933534186996481830e-01
4.342182562427432391e-01
1.000000000000000000e+00
9.894492492620612367e-01
9.262627986731777341e-01
-9.993071746552937284e-01
3.310788627485690694e-01
-9.989315197653791945e-01
9.972229660432678777e-01
-9.486544283637362573e-01
3.662462246881978967e-01
-9.902932844426162173e-01
-2.821932876240793031e-01
4.022725927796559908e-01
9.926846640584576775e-01
9.999910635340363285e-01
9.819034412551653768e-01
5.739447162201403163e-01
-4.951368986130041394e-01
9.674341428672161847e-01
-1.000000000000000000e+00
-1.000000000000000000e+00
9.998865587638318120e-01
4.957851600579087359e-01
8.223972099723889650e-01
-2.811978136415313467e-01
9.999929140454797416e-01
9.906317898431238334e-01
-9.994397540842759886e-01
-6.252324297291999011e-01
9.996709155432037530e-01
-9.998969901078484934e-01
-1.000000000000000000e+00
-1.000000000000000000e+00
1.000000000000000000e+00
-9.966785274453578980e-01
1.000000000000000000e+00
-9.674506664030434466e-01
6.890408831573588966e-01
4.898340594021747263e-01
8.405636036525752086e-01
-5.080470808130862492e-01
-1.000000000000000000e+00
-1.000000000000000000e+00
-9.996333120360397784e-01
-1.664521842921443950e-01
9.964735280298301356e-01
-9.952290266958594422e-01
-9.997716926517778990e-01
-8.147805142810543577e-01
9.695201140198993484e-01
9.986054566835935731e-01
-2.378005112936664167e-01
1.000000000000000000e+00
-1.000000000000000000e+00
9.999980245633037779e-01
9.825491104930140773e-01
-9.113273589110760797e-01
-9.918780476128168377e-01
-5.178880761677620015e-01
-9.965413453655682652e-01
-3.229894866387825192e-01
-7.442158936457144991e-01
-9.903373339408844123e-01
2.617505009572081431e-01
-1.000000000000000000e+00
-7.386557464327857536e-01
1.000000000000000000e+00
-4.988835221174698908e-01
5.434980863929522732e-01
-9.992077807063640682e-01
-3.252235079379330318e-01
1.000000000000000000e+00
-9.988146120579431964e-01
1.000000000000000000e+00
9.999432771758164362e-01
6.241169926257681411e-01
-2.921994599346454113e-01
-9.010973050449829769e-01
-2.173431879524105881e-01
9.999666948247585285e-01
-6.200295225094372142e-01
-6.292718875121258160e-01
9.966589525230297175e-01
9.316265470542878235e-01
9.532024850778020308e-01
-6.330870535829279111e-02
5.502605482333758347e-02
8.152507097567827099e-01
3.971821701450586328e-01
9.998953011422098136e-01
6.332720593015053190e-01
7.010681861821063121e-01
-9.983980132198305713e-01
-4.266000797579922454e-01
7.710032027993102277e-01
7.509940183809696856e-01
-6.229190848662131685e-01
-1.410822608625736663e-01
-8.234994039440277636e-01
-9.420527507124467625e-01
-7.781358397096587165e-01
1.000000000000000000e+00
1.000000000000000000e+00
-8.279488731373629840e-01
1.827807567672281308e-01
-7.165130797051819656e-01
9.973521899505665145e-01
9.990021740510712789e-01
-9.844539772953225798e-01
-8.895652010903390416e-02
7.712353715503149632e-01
1.000000000000000000e+00
1.000000000000000000e+00
1.000000000000000000e+00
3.545355157380114530e-01
-7.301294802111724103e-01
-9.999908219039692625e-01
5.624885878976333409e-01
8.551051365284436656e-01
-9.988693431953008517e-01
-9.912450431660132510e-01
-9.962203217490964713e-01
-5.000808244216448095e-01
9.269844304130516743e-01
1.000000000000000000e+00
9.999645341168682533e-01
