-8.485622303916878773e-02
4.473156852352588170e-02
-1.727173728859189017e-01
-2.263010253800566973e-01
-5.110498301889322414e-01
-3.538250246912305608e-01
-2.708691866951913330e-01
-7.791091351136787413e-01
1.996918959683127159e-01
-1.762658689323252370e-01
1.083874880023774773e-01
-3.830535590024738424e-01
2.669694131640119039e-01
-7.208547675168882618e-01
-5.517325098071205192e-01
4.989568401323641322e-01
5.742669936593309821e-01
-7.821889036929468020e-01
8.658597869273234604e-01
-7.485802379141115459e-02
7.776049696188636062e-01
-9.391525860834581962e-04
3.763111380767495406e-01
1.376859501089762183e-01
-6.767151921190343866e-02
-3.823192142448530451e-01
-1.000000000000000000e+00
9.725334706752557512e-01
2.754720656044999383e-01
-4.813695498086806301e-01
-5.341876361260865513e-01
1.813608830975694808e-01
-1.908676981741961876e-01
-1.481895525747006503e-01
-9.365737922896419376e-02
7.920105314343113267e-01
2.382437155728354961e-01
-2.177284395765152480e-01
9.342821932185801925e-01
2.289529874879114857e-01
-7.031706581527320810e-02
-1.149088361309372197e-02
7.813316575092577043e-01
-8.514469864493641182e-01
-6.791938178798735404e-01
4.195045319459876354e-01
-7.854674743550307259e-01
3.115266234972899895e-01
7.160059667582320264e-01
-3.458053392863305042e-01
8.474200581340102234e-03
-6.379155185378812543e-02
4.208742579942047479e-01
9.061902227318727188e-02
5.060457795550052928e-01
4.925118184707490965e-01
-7.209446733364490711e-01
1.882611680338738269e-01
-8.092636951359856168e-01
7.176310771723785065e-01
-6.464535894348222289e-01
2.218181610720574570e-01
-2.924477324462941286e-01
1.852378760759063048e-01
-9.406582678199119085e-01
-3.427164574455410784e-01
1.822783084232401374e-01
1.259327513914247354e-01
9.420033944477382293e-02
5.170846287669739194e-01
-5.084531682002907393e-02
2.361795727338437678e-01
-4.876440679324733907e-02
-8.511277907676481069e-01
-9.307811631129530028e-01
-7.161236642320778500e-02
-1.904403809213285337e-01
-9.853216294645001927e-01
4.919482376069923002e-01
-6.973875963143072454e-01
1.000000000000000000e+00
4.178358186583152056e-01
9.948338066233920474e-01
6.806267193338475519e-01
-4.506582480984285266e-01
5.349784258539845849e-01
-7.221163595709108041e-01
1.837335769584916012e-01
-1.389586615635278188e-01
1.687942487485159793e-02
3.921057345683914286e-01
7.228735135667001543e-01
4.783190786301783626e-01
3.074802603814945634e-01
2.934054340400682470e-01
3.714392362544147175e-01
5.260405712842749493e-01
-4.469167395486318695e-01
3.045578602831763848e-02
-2.963391755926675919e-01
-1.619305296649807269e-01
-1.172506312555743335e-01
-3.603968185859505735e-01
3.751632391186562332e-01
4.014671588061244911e-01
-6.277955670877430894e-01
-6.028736950183930521e-01
-2.457655757857235834e-01
-9.208882312829076433e-01
-8.050020302225817659e-01
-1.112640663626913995e-01
7.344371469846443512e-01
3.179562115374706122e-01
-1.749677201039453733e-01
-2.338571766317880107e-01
4.481771806503492828e-02
-4.477464103044885846e-01
4.147265216244974129e-01
-7.426122002868569272e-01
8.868492997275224943e-02
1.514386886996842985e-01
6.659199913004850702e-01
-9.159461021290873917e-02
-1.496488025238685432e-02
-1.312287105243761243e-01
-4.461881774910404497e-01
-1.989236764538925839e-01
-8.284392056071420152e-01
4.114871442803029744e-01
-9.612467799330199902e-01
-4.687981624118877644e-01
6.511204419813554356e-01
5.434533961733527541e-01
9.211638210012568218e-02
6.992342815422890601e-01
2.320443048781924422e-01
-3.439026144365407989e-01
-3.762138388577074277e-01
-2.891889299124993928e-01
-9.123592287271105050e-01
1.245127337993434669e-02
3.668299990539380939e-01
-4.090842574854299807e-01
-3.727291988220062802e-01
-1.813604735260244127e-01
2.579509578620663435e-01
-1.862430054057255813e-01
-5.556513801399973751e-01
8.116630308570212948e-01
-3.277348183571716089e-01
-8.076790075402681679e-02
4.450917196113102769e-01
4.458634299065622475e-01
1.680864067527635675e-01
7.143919243865548552e-01
1.235630017336385444e-01
-2.411808203864214684e-01
2.958251779826577277e-01
-2.360905552572503674e-02
-3.700717911279284289e-01
-5.471810312545931643e-01
9.621836361546037830e-02
2.061526654037045270e-01
-7.310635282136848656e-02
4.134949412257075685e-01
-1.475306239545907672e-01
-1.417241246649119657e-01
8.076243083537566481e-01
-3.976950261085664129e-02
2.931119293962224925e-01
4.342517101861355089e-01
1.729398705341904097e-01
7.969111030020898934e-01
8.645788527492997977e-02
3.501574396243359311e-01
-7.391965344931358817e-02
2.276345940889353270e-01
1.749261812172424324e-01
-8.050141067598232114e-02
2.666593941324825190e-01
2.139465750373549247e-01
-2.743370759724228503e-01
-4.496299333297240075e-01
-2.922617858191025042e-01
-8.615424807219220771e-01
8.063784871484692696e-01
2.914882033406774320e-01
4.912049313081984225e-01
-2.476907970017471206e-01
2.713488054701422847e-01
1.105591562691049523e-02
3.062253551601429313e-01
3.312607940849457977e-01
-2.513185633419386389e-01
-1.000000000000000000e+00
7.641549285878902475e-01
-1.738295636011555623e-01
1.790505798257731318e-01
-4.065904761937287892e-01
-8.322822112722944032e-01
-2.511353162847647091e-01
-5.925846642233925099e-01
3.658046781011872195e-01
6.187120875969383260e-02
-4.808945573718045874e-01
-9.249941177874326792e-02
-1.137508087582498884e-01
2.077557884858545201e-01
7.625274116668939728e-01
4.629577297369275035e-01
8.412872370355020668e-02
4.791302269541750647e-01
-7.136017646378634005e-02
8.489014573516109330e-01
-8.475059897320660340e-01
7.057614072352489387e-01
6.356319040270929088e-01
1.086381351358065850e-01
4.536068578201657431e-03
3.269379722690965440e-02
-2.790225356217291841e-01
3.224495819547682496e-01
2.342229928298826536e-01
8.048412668723816665e-01
-3.515821793931767636e-01
-7.325460209073844098e-01
2.985331198438782030e-01
5.106771535815204377e-01
-4.839715112155112964e-01
1.000000000000000000e+00
3.106257407576620833e-02
2.004548770958356763e-01
-1.000000000000000000e+00
-3.289081469565772187e-01
-4.910743247248662291e-01
-3.598594732120664053e-01
-4.639725275504451296e-02
-8.673179299009128318e-01
3.416280964014598576e-01
-6.361123792512303199e-01
-7.593195077721626163e-02
7.819142842555703021e-01
1.451430286472421283e-01
-9.575926139299341389e-02
-4.382014264154038274e-02
-4.413216923088988941e-01
-4.756287627745844349e-01
-8.458953653312671905e-01
2.462704386806707779e-01
4.167726684310389951e-01
-7.037265773296957905e-02
5.015836062481420221e-01
-2.250042318393642438e-01
5.513733653080401531e-01
5.921883470295141727e-02
6.600937181364912032e-01
-3.360136447968495865e-01
-1.259133104156913430e-01
4.621223671349957707e-01
-2.175333841525399214e-01
7.519447258550362445e-01
2.623339645596399761e-01
1.786443041436397428e-01
1.554706212057807846e-01
-1.537825599791766695e-01
