4.903848190711064259e-01
2.310412419859964039e-02
3.502950675464795993e-01
4.144314461650777104e-01
1.786826111094336200e-01
1.409955206982597131e-01
5.071880024935745412e-01
1.312895864273324331e-01
-2.979356394862848756e-01
-9.488968720232189291e-01
1.349291281717871493e-01
-1.108149923533974790e-01
-2.348565815597609685e-01
6.224568468446797231e-01
1.134343345030350281e-02
7.760649476542069714e-01
3.828230242310369791e-01
2.376399782156836948e-01
-4.855310778798708760e-01
8.281002671636744639e-02
-6.521448184712452800e-02
-8.647031869669858928e-01
6.877845656583736478e-02
-4.482529507075094788e-01
-1.000000000000000000e+00
-1.462555218603546758e-01
2.673896063227613196e-01
-3.920946721252736022e-01
-3.132220625001772563e-01
1.000000000000000000e+00
1.000000000000000000e+00
6.757120637315554568e-01
-3.214537256983034386e-01
3.507587787055547190e-01
-4.789213175228438368e-01
-3.748776933969819591e-01
-3.173675374257645121e-02
-1.000000000000000000e+00
-2.429189297084737298e-01
-2.952989586860876869e-01
3.133270849704905547e-01
-4.961777038263986972e-02
-3.108660797308360202e-01
5.647596149015830791e-02
-2.779921596243239978e-01
-5.410251827668697278e-01
-5.533204048367530437e-01
-1.263846186415845396e-01
6.472514784149869804e-01
6.095136726193759458e-01
-1.986026143675750921e-02
1.023605757484149642e-01
6.710060208385444369e-01
1.000000000000000000e+00
3.538682480459596214e-01
6.368160500092631127e-01
5.710982375330522220e-01
2.345222725577065515e-01
-2.445075335456055043e-01
3.063569581160606736e-01
3.722967918698802947e-01
4.933927859761848556e-01
-4.387939035000109067e-01
4.123404190328149865e-01
-6.428921308545252344e-01
-2.301320933064050500e-01
-2.126436806287046177e-01
-1.931969928277059712e-01
9.958037853986945187e-01
3.177918793803687914e-01
2.407871791141596163e-01
-2.433369415287623683e-01
-5.044082037010991226e-02
-2.569143021893708356e-01
1.026509060960949238e-01
4.690296658865329427e-01
4.807994227951986055e-01
6.593486509720736244e-02
4.656902534094774504e-01
5.366182934512249147e-01
6.260780533170435813e-01
-1.000000000000000000e+00
5.031917904978977507e-01
4.670296092324075499e-01
-2.144361919743720257e-02
-1.858626102457037188e-01
-1.591929862522007966e-01
-5.711554749779318430e-02
3.487870814468954084e-01
7.351480414937885399e-01
6.373328510025585425e-01
-3.158241827805308155e-02
2.434611439405844069e-01
-6.086192225700991498e-01
-4.296354659331463877e-01
-4.637550287593978915e-01
6.528608559345444595e-01
-1.203056477466383223e-01
1.000000000000000000e+00
-1.000000000000000000e+00
-1.762149103997352750e-01
-1.879381908027681902e-01
4.134980340073275418e-01
5.874505955544153668e-01
9.583082599553549574e-01
2.912024791840495119e-01
1.524166161113745810e-01
-1.449094422843337782e-01
5.944956559787561989e-01
1.909481951393178778e-01
8.122263761335812848e-01
4.106209200923677249e-02
-2.521230697768105378e-01
-1.720700979200435327e-02
6.995968165475450196e-01
9.117086873971316230e-01
-1.879045614533971786e-01
-1.199439025039163997e-01
-8.079337848643044495e-01
3.712310064676853094e-01
-6.607656192177902010e-01
3.612913249446518815e-01
7.767903294692075633e-01
1.319736620425124851e-01
-4.931411272224164311e-01
-8.283904964494052114e-01
-8.900627853991031069e-01
-8.805940725412602088e-01
-5.871232853299289678e-01
-1.000000000000000000e+00
-8.621730880368567718e-01
-1.000000000000000000e+00
5.736541696730325102e-01
7.216499509759095599e-01
2.520131630294353275e-02
-1.836852727820326714e-01
-5.905804706389577996e-01
8.413332720851762758e-01
4.924813027670430499e-01
5.236830179307934152e-01
2.456035370089712511e-01
-8.744474234948365621e-02
4.605537741910955551e-01
6.187016018811386520e-01
-3.532414087327714336e-01
-5.575336063081555160e-01
-1.759233922048342169e-02
3.177210658437483737e-01
1.770109282829117614e-01
-3.309003483861298056e-01
-4.937163996676101063e-01
-4.613498381169091056e-01
7.714953243074180733e-01
-7.874553756067221855e-01
1.000000000000000000e+00
-6.567159148166454852e-01
-8.759964030265412482e-01
-3.325734852118470419e-01
2.553030794975082451e-01
3.609814852228915294e-02
-2.346321955875829146e-01
-2.583725782328183396e-03
1.607406720582423842e-01
-2.233462799803409005e-01
-5.672626268270865024e-01
-6.362855501045345807e-01
5.223793541021862774e-01
-6.431502299263325284e-01
-5.419980936246147074e-01
8.910885363081801902e-01
-4.221394680858311377e-01
-1.249264865360427690e-01
4.573376028560214301e-01
3.219345332547433602e-01
-4.875736574557368863e-01
4.667095222060062554e-01
2.323425135576443479e-01
1.000000000000000000e+00
-6.851071969485662549e-01
7.407147115195903408e-01
-7.795052015814190050e-01
-6.655462740587974046e-01
1.387070824688379500e-01
4.199275203700756909e-01
-2.264488889777774849e-01
-5.985392814960385222e-01
2.823504958047851066e-02
9.726742695523186155e-01
-4.648608377543719250e-01
-7.213110708771925950e-01
8.393615548364705692e-01
8.701114034685585308e-01
4.861308639933452636e-01
8.282704125595918843e-01
-1.958045862048790609e-02
-3.347567767398245131e-01
5.939241530735778207e-01
-1.485203057502372248e-01
-3.667049599184539765e-01
-3.178272926046367131e-01
-5.397570278036006863e-01
2.764154968505871945e-02
-7.041407265242124458e-01
1.708487264858424837e-01
-1.843460842681342582e-01
-5.153958409297917376e-01
-2.608984366088820117e-01
2.069473619671730047e-02
5.583227160725119376e-01
1.689100805957123308e-01
-2.394600072447731764e-01
-8.314583739691786546e-01
-2.897742906662315043e-01
8.624755838723157098e-01
-6.627376004820990651e-01
-1.000000000000000000e+00
-6.980185063959517544e-01
-6.209763572119736397e-02
9.888995613511342153e-02
2.551933077377702141e-01
5.262546516358601600e-01
-1.985401862155481700e-01
9.517149175815742268e-02
7.512378475801282374e-01
-1.000000000000000000e+00
-1.000000000000000000e+00
-8.928567264459875696e-01
1.274217537165747427e-01
-6.638151361540679529e-01
1.214889335309113916e-01
-8.970966295115065936e-01
1.859143326282234887e-01
1.193768991493063814e-01
4.816813433644444586e-01
5.327721865979389015e-01
4.979174848873100245e-01
-3.396029266515050438e-01
-3.962277892873860563e-01
3.523187654220769072e-01
-5.130747200014986742e-01
-4.419926370561222395e-01
-1.071324103546963946e-02
-1.083364518934852860e-01
-3.356860799079404711e-01
3.570198743535118457e-01
6.994426157949351630e-01
5.992894786193614376e-01
1.000000000000000000e+00
8.100956411240100019e-01
1.785127005735417383e-01
-8.333417483932230585e-01
-2.472118483675092016e-01
4.599903061332206722e-01
-2.612104399335352101e-01
-2.757813024843248084e-01
-2.368145972600778359e-01
6.866990278450745278e-01
2.328537488560756263e-01
-7.606681689534600110e-03
4.773876713504833225e-01
3.025892999248631088e-01
3.749510173773693555e-01
1.254388374778523940e-01
-4.510147746884274333e-01
-3.105156842995739352e-01
