-4.037945414393135368e-01
3.578858824805766226e-01
-4.855179280406867193e-01
3.760995367601589479e-01
9.574036850454872849e-02
-4.986231779981331047e-01
-2.636493628627611940e-01
-3.100091963657063965e-01
5.377774979360455676e-01
-4.492270662994684027e-01
5.152319226430570609e-01
1.225980089255644390e-01
4.041494039883923306e-01
2.957265731300315337e-01
4.734829399487703872e-01
-6.330046354260402408e-01
2.434258682200421131e-01
8.690881557307964522e-01
3.386901610240590499e-02
-1.132675464066839055e-01
-1.025425202352949761e-01
-6.294255443850239606e-01
3.903919391730951149e-01
5.863158862428328177e-01
-3.380341094878459018e-01
-2.247167253895184791e-01
5.268521959314682590e-01
5.107875685355327544e-01
4.591473827390453732e-01
-1.747638802569149996e-01
8.292235868147174171e-02
-1.942028155384455945e-01
5.086026047659144567e-01
2.922789889001526364e-01
8.469744370244614018e-02
-1.000000000000000000e+00
2.781295953293751178e-02
-1.450460820217891467e-02
-3.291547435576292480e-01
4.033307083130541759e-01
-4.199426501140990919e-01
2.936636065910655513e-01
-3.942163195155635735e-01
-5.613580981828740768e-01
-1.037785076903087467e-01
7.015249525395772512e-02
-4.094746186215089123e-01
6.943540131517780267e-01
2.562558901562720926e-01
-2.680382263512259833e-02
2.728372669336207035e-01
-6.882998493029124365e-02
5.927132624670590211e-01
6.243960979071319084e-01
-4.131363179134227570e-01
9.518044576399906642e-01
-9.040465028381808321e-02
-6.601034513659972403e-01
1.475034245321302784e-01
-1.000000000000000000e+00
-4.403460608885449434e-01
3.203072435344453961e-01
2.891376300727361848e-01
-6.996243723047601559e-01
-6.088716543487593391e-01
-3.848557786697146543e-01
-2.687844189717212839e-01
2.817504476895344445e-01
1.118740723047794289e-01
-3.991412137813761252e-01
1.572342485232827158e-01
4.067477277034774186e-02
8.308311178129287877e-02
-1.332769216017821723e-01
3.280503520457446476e-02
1.330162627536113085e-01
-3.222733719074142300e-01
7.863170631174644098e-01
1.982260354666876001e-02
-1.288924431718365127e-01
7.556983338160020436e-01
7.219557584252116467e-01
7.599686922910766640e-01
-2.712078217908048261e-01
-6.385598439172964769e-01
-6.210415223941820884e-01
6.814733006757300871e-02
2.008107498615875064e-01
6.515710828521943387e-01
7.167673902030943789e-02
4.133858787301468163e-01
-5.417216876569685979e-01
1.638248786249950351e-01
4.014710869800560689e-01
3.088204164020544873e-01
-8.700380180737068425e-01
1.916417623403882942e-01
4.167924649848778751e-01
-2.448883126963913304e-01
4.212846025718606224e-01
1.670298330902195982e-01
1.697176882171137768e-01
-9.854747940487475211e-02
6.256155659028836413e-02
3.895173823544693104e-01
6.985061210422400801e-01
-5.369584431069017727e-01
-6.230565918581906226e-01
4.108060965470601844e-01
-1.418708187169598345e-01
5.948751793234266505e-02
8.008867307859123263e-01
-3.836704412965878386e-01
2.593599818339798468e-01
-3.147735087994910641e-01
-2.950828281052958468e-01
-2.119239375395270131e-01
-5.818769858138581608e-01
-7.264254499828031175e-01
4.723718013360673762e-01
3.412331312226722924e-01
-3.057763004782079186e-01
-4.731180620648104407e-01
9.029405928421550820e-02
-5.865315955864153219e-01
6.810422738456872738e-01
2.664317135696485650e-01
-5.215531011752718715e-01
7.335232649016103501e-01
-1.565674826813582277e-01
-2.209495081167371922e-01
7.938352465527356849e-02
-2.788694297906757491e-01
-1.098837201232203686e-01
-5.270458461640011860e-01
-6.357215037333249774e-02
-3.732549229633415067e-01
-1.030366423630646178e-01
-4.362219580547391229e-01
2.882558643783826868e-01
-3.629423909501449663e-01
5.852077407874169968e-01
-4.292595366717339989e-01
-5.560972601709774921e-01
-3.570441964943508184e-01
-2.139915104730072959e-01
4.513990968012715488e-02
-1.312316361562824441e-01
-2.546475918368801827e-01
1.058078693543043208e-01
2.518165538350001231e-01
-3.329956711907763323e-01
3.549621198591031423e-01
-4.683874817892748621e-01
-6.223203322058240561e-02
6.997526864854501927e-01
5.066571635892431757e-01
-5.657573101514103975e-01
4.130401539879020034e-01
8.330616434463938846e-01
3.687559107147697635e-01
-8.650112263315770100e-01
-3.905621326152610151e-01
-6.640009663684193209e-03
-1.794198434856492108e-02
-4.555972468364737349e-01
1.962709150846719819e-01
-7.192761148913220381e-01
-1.186990326528808148e-01
-7.431729238892537115e-01
-6.526750041344006048e-01
-1.654619015348544886e-01
4.084529243225092365e-01
1.787833677368506347e-01
6.571588786481252775e-02
6.557916245550834411e-01
3.979038489301271464e-01
1.214370603402614712e-02
2.433338614432564717e-01
-5.181738043211669975e-02
-6.984088528686795971e-01
-5.849327156814611295e-02
-3.476157325231107875e-01
-1.000000000000000000e+00
-6.280058166304828271e-01
-4.136823980280284196e-01
-3.681778339285645130e-01
8.084208101074122910e-01
3.904876553210899770e-01
1.173701271160461634e-01
7.359848953474301680e-01
3.630884819553253928e-02
-6.513390903965636525e-02
5.803398363740029930e-01
2.417306393251738572e-01
-3.700990552777083664e-01
7.422337843700831383e-01
3.652982550863362321e-01
1.235305249432457342e-01
-1.428615170638171672e-01
9.677860952441952325e-02
2.135116322846915826e-01
-4.262731256480838393e-01
-2.988440290345424355e-01
6.134230362700209271e-01
6.981394952060862025e-01
3.988037017126643824e-01
2.615651285177943430e-01
5.937127158317775377e-01
-7.182583795640291591e-01
-4.175891015924439453e-01
-3.527198191400173766e-01
4.995182367366972631e-01
9.275819108622144205e-01
-7.973602225787801423e-02
-9.697310946819629462e-01
1.564849261070984099e-01
-6.424680802535763791e-01
7.332782600625721292e-01
5.549472504077404000e-01
1.618555722898756821e-01
-1.768692340474980196e-01
4.908558090170597743e-01
1.005945690590027627e-02
8.965951543723171824e-02
4.655661794799236808e-01
-1.280242702220086848e-01
2.151093220871544975e-01
-8.360356740372771878e-01
5.133583100860961146e-01
-7.030322528266403914e-01
-6.396418818328662992e-01
1.759148119699339707e-01
1.569196831591689878e-01
-1.000000000000000000e+00
-2.934748917037450777e-01
2.102257823189689345e-01
-1.120608439771338949e-01
4.662804556523948429e-01
-6.968660088369691419e-01
-3.198287804332595186e-01
2.030492848117267934e-01
8.066068465060152182e-01
2.109923389869489685e-01
1.389298161214874150e-01
-2.134888031209055959e-01
1.138489687708066356e-02
4.636690387841208016e-01
-3.777757745625333063e-01
1.044672689391625137e-01
-1.716868383298413570e-01
-4.155588465266024656e-01
2.224243087304255129e-01
3.227175757864373384e-01
-1.707561720436506225e-01
-6.241591684529146367e-03
-2.279694527163821927e-01
9.567793222045425372e-01
7.756416302557712639e-01
-2.948822961867739179e-01
1.587597606234942005e-01
-2.372626083898195515e-01
3.901689188878825210e-01
5.816909031403579844e-01
8.083446362935989837e-01
