-5.925162694970548261e-01
9.971435209334409411e-01
1.478005556352536276e-01
-3.513957662835699991e-01
7.424826185848392157e-01
-6.997510590378284157e-01
-4.996426875879824703e-01
-1.000000000000000000e+00
-6.393651604197749805e-01
1.000000000000000000e+00
-4.902374007607995243e-01
1.000000000000000000e+00
7.178042214945853372e-01
1.000000000000000000e+00
8.734952636292541150e-01
-1.000000000000000000e+00
-7.847235623546312544e-01
5.957757819257245568e-01
-8.679232340190083939e-01
8.787310873196911842e-01
1.382375201375605489e-01
7.754392497645896665e-01
-1.000000000000000000e+00
9.983335967300911440e-01
-1.440553712649393636e-02
-7.156690049035909773e-01
4.490325039581769540e-01
9.069858132997417055e-01
1.000000000000000000e+00
1.539096210581589186e-01
8.721839695477198173e-01
7.998670097412970970e-01
-1.000000000000000000e+00
6.307093446233984491e-01
-6.984363169597824772e-01
8.487205735835323672e-02
7.357039691601333642e-01
9.234389834018750243e-01
1.734994923016912050e-01
2.487801460249809971e-01
-1.000000000000000000e+00
4.534650144288940310e-01
-9.166340407977371374e-01
5.755057215300932727e-01
6.319272002930115262e-02
-1.000000000000000000e+00
1.000000000000000000e+00
-8.692988668766159499e-01
9.835874481216754228e-01
-1.000000000000000000e+00
7.633907659404373103e-01
2.836799303567727470e-01
9.808816338663005618e-01
-3.389217966581643537e-01
3.597470114592600243e-01
-4.885657439020939519e-01
7.661333052984276026e-03
8.875101300384261593e-01
-6.998838004349237085e-01
-4.001319397107683806e-01
-3.779258974812130800e-01
-1.000000000000000000e+00
9.759901353389208722e-01
9.801391019405865102e-01
-1.000000000000000000e+00
-7.147507751787369745e-01
6.675510609173243015e-01
-3.893407439698930994e-01
8.597200839077605572e-01
-3.479581982145363295e-02
1.000000000000000000e+00
5.608693865009466428e-01
1.088569246108571642e-01
3.504749860945148843e-01
-9.532793288748355742e-01
-2.697336197783770650e-01
-1.000000000000000000e+00
-9.405421473668038601e-01
-4.489147723195348605e-01
3.175793446764474393e-02
6.781994747436768112e-01
7.499793589367945712e-01
-7.731369144784238090e-01
-2.470126331482529192e-01
-1.000000000000000000e+00
-6.255800049065554091e-01
-3.708536382586515856e-01
1.000000000000000000e+00
-9.257504365528765877e-01
-7.228109753879021770e-01
9.887330782395852280e-01
-9.821203554305129035e-01
5.223483387838026015e-01
3.464643819709172234e-01
-7.746920072676399815e-01
2.578576053805480828e-01
-1.642789414425230299e-01
8.735636924301021233e-01
1.000000000000000000e+00
-1.000000000000000000e+00
-4.475414777934789701e-01
-1.000000000000000000e+00
5.537219730454572275e-01
7.084372515251644575e-01
5.214553270259137951e-01
9.566061858807781704e-01
-1.000000000000000000e+00
-1.000000000000000000e+00
-8.791340002225762618e-01
2.052690270838269382e-01
8.355736787577484614e-01
-9.205870885539760851e-01
1.000000000000000000e+00
-1.000000000000000000e+00
-9.126186042289590183e-01
7.750536336573610185e-01
-1.000000000000000000e+00
1.478088726775334538e-01
3.849103640624150224e-01
6.376714770666176424e-01
1.465116411474662317e-02
9.996455526929446389e-01
-9.865498512415418197e-01
1.694225515113084168e-01
-9.618584576738566927e-01
2.298310073033910106e-01
-9.771857589423427193e-01
7.224657839726662811e-02
2.918867256391270981e-01
-6.486290999657947642e-01
5.712789706787507749e-02
-8.863198254682351784e-01
-4.920990154792480031e-01
-9.101859803309044761e-01
-4.062512027953720239e-01
-1.882751523961905815e-01
-6.033845499732369833e-01
-9.925655852296291215e-01
-1.000000000000000000e+00
1.000000000000000000e+00
-5.564891295771143831e-01
2.297581966148358745e-01
-1.836445686800551591e-01
-1.000000000000000000e+00
1.820221151592103515e-01
1.000000000000000000e+00
8.732552089895273539e-01
-3.476264803706748951e-01
1.000000000000000000e+00
-7.061732207751137969e-01
7.220705705789433049e-01
-7.301320295731458798e-02
4.256132111399968387e-01
-9.201676242396641392e-01
-6.530361121685493431e-03
5.132012115541784159e-01
-1.000000000000000000e+00
5.920736671069012358e-01
-3.148268713620854808e-01
1.000000000000000000e+00
-4.632941136044474439e-01
5.153074806241169092e-01
4.899468993152974461e-01
-6.018392028247478986e-01
-6.661989877803202731e-01
-9.663750442838203725e-01
-6.136759873331671944e-01
-1.914224819333963379e-01
-3.422748765648313540e-01
-9.794331931759375776e-01
1.000000000000000000e+00
1.000000000000000000e+00
9.871912571209033871e-01
-6.118216933641841271e-01
7.040104924238763662e-01
-1.000000000000000000e+00
1.000000000000000000e+00
3.452126622872219719e-01
5.407371814591246384e-01
-1.000000000000000000e+00
-1.000000000000000000e+00
-1.027566549937601881e-01
1.000000000000000000e+00
6.345873892056658194e-01
-2.772564557667181462e-01
-1.000000000000000000e+00
8.677095676376447297e-01
-9.679987082443282098e-01
5.909697955903410183e-01
1.903879556204129964e-02
4.634316188180007123e-02
6.449594328173733349e-01
1.000000000000000000e+00
-2.001342069218327302e-01
-3.409637001088934305e-01
-8.354137960954532982e-01
3.892698549452998646e-01
5.630569784751383589e-01
-4.029300040442098663e-01
-1.000000000000000000e+00
9.315695002351231935e-01
1.875874675399464286e-01
3.270529020781544061e-01
1.520208726577493286e-02
8.399999999999999689e-01
-8.086327613958665950e-04
-5.686975168560782778e-01
-6.090209457476856159e-01
1.863960989706890947e-01
1.382017612747428459e-01
4.387208238653611536e-02
4.253429669250341494e-01
-5.042099297659990986e-01
1.000000000000000000e+00
9.965414762539467342e-01
-5.563265651816771129e-01
8.334824103785904992e-01
-3.409255836000634754e-01
-3.332530749854700769e-01
8.557198172828384131e-02
-8.021965831279856407e-02
8.583872560040864963e-01
9.572968637996051022e-01
9.413338953321843672e-01
2.804198097232105669e-01
8.842353134993483632e-01
-9.947616657031561616e-01
9.113119112400824839e-01
-4.422021870559648127e-01
6.943410589370141439e-01
-1.896344330293965874e-01
-9.475782742583258589e-01
-9.299078588392537537e-01
7.681379169557911446e-01
-1.000000000000000000e+00
8.594420616246355449e-01
-8.591498505511081518e-01
8.770016082336753449e-01
3.531559333705192039e-01
1.772847277808479449e-01
-9.144391667361051468e-02
5.458760523311388946e-01
9.439629715664329401e-01
8.146797413104915897e-01
-1.865437998369165462e-02
-9.571815524206918058e-01
-7.054726288286083946e-01
-9.731695111046598790e-01
2.737852916966797001e-01
1.000000000000000000e+00
-3.594675511056457662e-01
7.072459074673231871e-01
-1.000000000000000000e+00
-2.771315807024653521e-01
7.652419180186905701e-01
-9.557884911688925289e-01
-7.138058335765561369e-01
7.172079891719673750e-01
-8.814827865557199882e-01
-8.481553340122731655e-01
-9.093980170287613296e-02
8.100922404502990393e-01
-9.681062506864945849e-01
-9.838174494878560994e-01
-1.000000000000000000e+00
