1.572632974546706031e-02
1.000000000000000000e+00
1.000000000000000000e+00
-6.189092013301601414e-01
5.583491369843056606e-01
-7.523445440787615013e-01
4.069650721547656280e-01
-9.649356219857569972e-01
-1.773106643898736401e-02
-4.943167232402583267e-01
-1.000000000000000000e+00
1.206478420474059177e-01
-1.000000000000000000e+00
-6.805961125389514699e-02
-1.834152498516143925e-01
6.630979725837016225e-01
-3.234431991248687410e-02
4.144124280464267507e-01
1.239226609745264218e-02
-4.667405068183999584e-02
-2.041696215594611674e-01
2.723563219064768504e-01
-1.000000000000000000e+00
5.830155666773020329e-01
8.311665479702409209e-01
-1.000000000000000000e+00
1.000000000000000000e+00
3.255486157364481103e-01
-3.874280938950785957e-02
8.386089249765260600e-01
2.226033974900846202e-01
1.556419347419076282e-01
-3.017586998726353720e-01
8.835007494317114185e-01
8.760283670184382254e-01
-9.073227715994464093e-02
9.106178337123805866e-01
1.287898033988564839e-01
-1.000000000000000000e+00
1.000000000000000000e+00
6.272812151489390864e-01
-5.746645334355227064e-01
1.057508431450495945e-01
-4.791974732309770557e-01
-1.000000000000000000e+00
-1.000000000000000000e+00
-9.237261182826229655e-01
-2.629806730247810087e-01
5.340012995927845285e-01
-6.692695560766025453e-01
-7.837680679977718778e-01
3.136734079519624130e-01
-5.609604919794290989e-01
3.856635297389078287e-01
1.000000000000000000e+00
4.139185566980349562e-02
1.212494454408186151e-02
4.331202223182396560e-01
-7.634257161298863004e-01
7.179454581917164013e-01
-8.144516103386496564e-01
-4.319913324900374607e-01
9.448315608897087658e-01
-7.371569832008731948e-01
1.000000000000000000e+00
4.392801843927111594e-01
1.566072088589515188e-02
-1.000000000000000000e+00
1.000000000000000000e+00
-1.000000000000000000e+00
-6.450601552444892861e-02
-7.167482152169868392e-01
-2.741442634944033507e-01
-9.375333419785178424e-02
5.860055293916718311e-01
9.238432492477817448e-02
-7.415700354203664801e-01
-8.275662362634165214e-01
1.000000000000000000e+00
-3.370662103355307471e-01
-5.008144089633403961e-01
6.398075374938990700e-01
-1.000000000000000000e+00
1.335649197214513195e-01
2.495046628404116729e-01
-5.642217967173368542e-01
-5.367335647620474770e-02
-1.844844212878992140e-01
-7.759497887635746771e-01
-1.000000000000000000e+00
-5.114502961073348342e-01
-4.455055870657003148e-01
1.000000000000000000e+00
7.956545099627497786e-01
4.571892516211608637e-01
1.000000000000000000e+00
1.425177593827874345e-01
-7.164676534190856927e-01
6.184151548824935452e-01
-3.953282967997325814e-01
7.417534189621021179e-01
1.770802049472347539e-02
1.000000000000000000e+00
-9.667263010518459820e-01
6.809250629699101776e-01
-9.885907563286708832e-01
1.000000000000000000e+00
6.540103043286202289e-02
2.783766523324051056e-01
-1.000000000000000000e+00
-1.000000000000000000e+00
-1.000000000000000000e+00
4.659509756001406489e-02
3.922614090286382083e-01
5.901140663894600680e-01
-1.000000000000000000e+00
-2.943992489893759723e-02
-1.000000000000000000e+00
4.308126087116764813e-01
1.000000000000000000e+00
4.313420008803560690e-01
1.280541946919372398e-01
7.730383107036760126e-01
-6.583470069246151191e-01
3.232431958632255853e-01
-4.348637800376040641e-01
-9.471350210260163216e-01
-2.834319600603935063e-01
1.000000000000000000e+00
3.165906499576823796e-01
-1.000000000000000000e+00
-1.580914606543892265e-01
6.818653666345131370e-02
3.588212643253506640e-01
-3.406326033400275399e-02
-8.063544634238736797e-02
-6.916603571386533700e-01
5.913638118740096594e-01
8.480169395393358789e-01
2.571878717646057244e-01
-2.947728346887700246e-01
-6.791279798633914622e-01
2.029794585341089252e-01
-9.786129723102782174e-02
7.749041720410647649e-01
-1.000000000000000000e+00
6.742297093864284552e-01
1.000000000000000000e+00
9.084133196221677586e-02
-8.923242704303899764e-01
1.000000000000000000e+00
-8.438578305281092540e-01
-8.389603026485763504e-01
-7.182503872591993188e-01
1.140132255854849064e-01
-5.210181596039568097e-01
7.894020602051154967e-02
2.477077898968533809e-01
6.348513969546412117e-01
-4.257618431258639591e-01
-6.308405567479207221e-01
4.618612288052582615e-01
-5.057959246250472995e-01
-2.956487326254664261e-02
-4.830707897173311949e-01
2.642183269709100224e-02
2.037747018196602311e-01
5.704660489360691145e-03
1.428754239768125767e-01
-8.011369980724192263e-02
7.528560841912601553e-01
2.038240919224626468e-01
-4.292190370744344841e-02
7.607452772454801337e-01
4.678338049281102196e-01
-3.632282728798419957e-01
3.603162293321691134e-01
1.000000000000000000e+00
1.000000000000000000e+00
8.339338739439327020e-01
1.869826220411240358e-01
2.183919513064107587e-01
1.000000000000000000e+00
-6.759775173752069488e-02
-8.555969203899719266e-01
-6.282299006078617687e-01
-1.744278173367830309e-01
1.000000000000000000e+00
8.852476127207855594e-01
-1.431285383681085710e-01
-6.499630438884236305e-01
-5.184202557979324943e-01
-2.174709688094331739e-01
-5.817283796756966829e-01
4.959045240896514661e-01
5.439313135138881261e-01
9.082563162765073805e-01
1.000000000000000000e+00
-9.009248072061548651e-01
3.357674155796945836e-01
5.241125515718179084e-01
1.000000000000000000e+00
-3.167094648670754076e-01
-4.658350602427894227e-01
-1.958500469369292007e-01
-1.000000000000000000e+00
-2.400248388201566829e-01
6.548449861606571165e-01
-7.160594454423688804e-01
4.811800446433185385e-01
-4.267552896746521496e-01
-7.381856921975085140e-01
-8.643546540071627149e-01
1.000000000000000000e+00
-3.076433450486006915e-01
1.000000000000000000e+00
1.000000000000000000e+00
5.343714542959783209e-01
7.231778361047922488e-01
-7.323015571549524871e-01
-1.000000000000000000e+00
6.973248701181116171e-01
-8.496376551113111741e-01
-9.888077916259239153e-01
-8.851824254830737981e-01
2.841804924505825225e-01
-7.061833239211957602e-01
8.460013624577816804e-01
7.296125553139014563e-01
7.062458871536458904e-01
-2.287932917383654619e-01
-5.130839724816975700e-01
5.644548741689536797e-01
1.000000000000000000e+00
-1.000000000000000000e+00
-7.238787026068492780e-01
-8.995584530856605421e-02
1.000000000000000000e+00
-8.455137481006020916e-01
2.304264467594602239e-03
-1.000000000000000000e+00
6.670596294735741116e-01
-5.917574213004194172e-01
-5.107375413549849474e-01
-9.265498944495724754e-01
-3.825053392253646156e-01
-7.041689787607927631e-01
-8.215480107881207861e-01
4.536456857829551659e-02
1.000000000000000000e+00
-7.929990407269330577e-01
-1.000000000000000000e+00
-1.000000000000000000e+00
1.000000000000000000e+00
1.000000000000000000e+00
-2.919342262175961267e-02
-3.879218280315528400e-01
1.000000000000000000e+00
6.309211101796048382e-01
-8.463157848830131780e-01
-5.589228702511149782e-01
2.882019041595776931e-01
7.901072861057103491e-01
8.350381263054407199e-01
-1.000000000000000000e+00
