-6.886963515864626961e-01
1.384277634483381259e-01
7.971756223065633584e-01
-3.550510159518103226e-01
6.450057204452085413e-01
-3.446954266587207716e-01
5.420184758331847430e-01
-6.344001548782670641e-01
1.793514185683461881e-01
-1.520338784690691836e-01
5.546955116385650364e-02
7.686278728786526404e-01
8.507384563728229709e-01
7.404201396612413166e-01
-7.119024235995446981e-02
-4.934534433860146008e-01
6.369199657414964522e-01
-9.866407941196120301e-01
-6.675962135381582341e-01
2.067394933322723727e-01
4.672904670346123002e-01
1.076761318583800142e-01
2.068917439148801607e-01
2.522199764496136920e-01
1.706115218434874903e-01
5.129692808577583918e-01
3.256871001397727561e-01
1.887639961186859949e-02
3.569825191622028049e-02
1.000000000000000000e+00
7.338317615819317519e-01
1.228108528187989990e-01
-1.975213930701560927e-01
-6.301793451182940986e-01
-2.023585413153567436e-01
4.111236270432956363e-01
5.235819937102970112e-02
5.278059941599611005e-01
7.269163856812744795e-01
-2.800271301136781354e-01
-7.913316931447702540e-01
-7.430762737613764157e-01
7.891692450538792536e-02
4.546298732326846670e-01
9.541930150455779636e-02
-2.011185391688114499e-01
1.239809446147341898e-01
-3.315695891657778338e-01
-2.137042211942656034e-01
3.529091320232750628e-01
1.927642816343444476e-02
4.401537585086872095e-01
5.295613027601475675e-01
-5.325424567401526588e-01
1.910865249055759274e-01
6.719857173980394727e-01
-5.693948029016423495e-01
-5.482764946070414203e-01
6.719166397931430890e-02
4.008859323842969835e-01
6.600092820191232335e-01
-2.443776747190049836e-01
5.298760885735899206e-01
3.372865898085714020e-01
2.634379003658835483e-01
4.898051888398794462e-01
5.575195315727481393e-01
2.617443850426701135e-01
3.478768841235810871e-01
5.241184188229028873e-01
-5.866030128096337837e-01
1.000000000000000000e+00
1.679188756670755844e-01
-4.559385199910889197e-01
-2.818413983860530436e-01
1.165926181491766522e-01
3.448016609121981046e-01
-5.642647505449593925e-02
6.559727300576907449e-01
2.486784619556858811e-01
8.609253045946372307e-01
3.447103298766145407e-01
2.820610395972216744e-01
-2.560191249410647130e-01
1.000000000000000000e+00
-1.371952534301150162e-01
-1.165191315581919351e-01
7.988553796243695881e-01
-7.536834869670494541e-02
6.048759919839894472e-01
-6.236835124160544641e-02
1.870339934376173685e-02
1.129176724731815740e-01
8.065927672763001377e-01
1.512820989443566244e-01
-2.540402541348056875e-01
4.815106752952961200e-01
-5.685614270920934521e-01
-2.236656641837616033e-01
5.697670781155081965e-01
1.987083960146262748e-02
-2.942435058683512406e-01
7.697192838473410070e-01
8.555217084169831621e-01
9.194333753631827033e-01
-7.253282997343757366e-01
2.492343635067610363e-01
-5.316407351079473209e-02
-1.068598591227570282e-01
8.727566938678935626e-01
1.220873771454183965e-01
4.291669521366385798e-01
-4.175965521701951455e-01
2.332960773529922094e-01
-2.485844307209487125e-01
1.536580829745530785e-01
-1.621467287494579024e-01
1.799680391848781230e-02
4.432688531790596742e-01
-4.669074980771545369e-01
-4.508581912203797337e-01
-2.211562461450667927e-01
-2.888470749653297975e-01
-3.794801898171524801e-01
1.462244875882105499e-01
4.434713935346615288e-02
7.369658248906174602e-01
1.270677856114732496e-01
3.931958250852818360e-01
-6.184188753949284578e-01
-6.633223717501857131e-01
-3.146785026214335979e-01
-5.344987898299004003e-01
8.059102707356818884e-02
2.355518788276342868e-01
1.498987136442843648e-01
3.090345437475708334e-01
3.954711776209353657e-01
6.276296498198374874e-01
7.290416106739534552e-01
1.965379076630434096e-01
-2.974340698303749586e-01
6.918412879646996805e-01
-3.281742748629520312e-01
3.929427720081947184e-01
3.423568181310017167e-01
-9.283512438852082882e-01
-3.997313884871158685e-01
-2.619223764331932713e-01
-6.197912616230123461e-01
4.336630954479826494e-01
-4.618612192610741518e-01
-2.254815571765418358e-01
-3.600549499381007212e-01
-8.970580995676411540e-01
7.756916155867913387e-01
7.536025420666693231e-01
3.046046934559869523e-01
2.130848102006114297e-01
-7.816654368469069802e-02
8.826656625420289393e-01
-8.500772118475096173e-01
-7.970883994880870738e-01
4.044740710194160149e-01
5.203032619397501835e-01
3.532503653020240275e-01
1.006012938906258314e-01
-9.009726444877053098e-01
-1.981059150199022678e-01
3.952252400974507474e-01
8.704740010105286308e-01
2.023473787938706858e-01
-6.366254626107156200e-01
-2.171757531065713342e-01
-9.174078984451485841e-01
8.267762553494264477e-01
9.474375417759858253e-01
-3.167575912069161004e-01
-2.140773326541895449e-01
-1.682320498744631632e-01
4.561311215992840951e-01
-6.375592095482988109e-01
-8.541601719900279166e-01
-8.125560244075229477e-01
9.435220593804731770e-01
-5.472405619488067696e-01
3.323481547020196158e-01
3.414643623628266234e-01
-9.273499757989509540e-01
-3.064204645539109761e-01
-1.540794303881229677e-01
4.591290113967678721e-01
-6.223016156370103635e-02
-2.246788393339477219e-01
5.741884068658336115e-01
-4.433004107216552137e-01
-5.652081149193309839e-01
-3.629919916863073581e-01
3.409385722481197978e-01
-3.751256108121810984e-01
-4.761157259144176424e-01
3.037020936742020893e-01
5.667317793649842006e-01
3.430148830285797978e-01
3.682794497684147017e-02
-1.454429682566558621e-02
6.403548901082270484e-02
-3.550813267972204312e-01
-9.217129634351292067e-01
-5.908728553312204701e-01
-1.849381190995665614e-01
2.825399007327142886e-01
2.420144337552422587e-01
-5.217238929889608245e-01
8.836052384340153942e-02
-5.078003285170671344e-01
-5.140981046614263583e-01
3.241004442393653484e-01
4.388714693833161706e-01
-1.493133728143528627e-01
4.610117501866913825e-01
3.158699903844085499e-01
-4.220009261749424478e-01
6.515733560293316406e-01
-5.877882044242299653e-02
5.456907229158520778e-01
-3.024787116052499725e-01
-6.512586761908135680e-01
7.878871202198534096e-01
-5.237745080307008028e-01
4.055214471895050576e-01
-1.711582933615784508e-01
-4.978858511306787360e-01
7.325903728394584924e-01
-6.778443788987698060e-01
-2.547523492125914335e-01
9.742931488839473575e-01
8.295124845631993149e-02
8.891895176741420048e-01
-1.000000000000000000e+00
-1.068733388944963919e-01
1.507382358179603921e-01
8.929656721486580739e-01
8.947794508791633294e-01
4.812206479774189249e-02
1.112409325132536486e-01
6.693603530775346644e-03
5.130799235313096562e-02
3.024964669711215359e-01
4.023708319567371738e-01
2.715376448164451006e-01
5.144935306566759126e-01
8.950049187498895775e-02
9.003850385913753085e-02
-4.171759413305873299e-01
-4.939013952508511940e-01
7.821139889185496630e-02
7.792266852264159160e-01
8.390406911186619465e-02
-1.298246399396977280e-01
-1.649135692344065596e-01
9.056716676126963517e-01
-1.000000000000000000e+00
-7.844315555524935535e-01
2.613854689429355727e-01
