4.387255050256307354e-01
1.230915442413105659e-01
-7.099532460066593220e-01
2.721655292640992596e-01
1.428456935350549961e-01
7.867376855854005258e-02
2.033343888251196163e-01
-3.458394965596943149e-01
-5.122077136265259373e-02
-1.390766635134809137e-01
2.410314849000223802e-01
3.580351251433657178e-01
2.469790420880813020e-01
1.043515969019943729e-01
1.309141839479041891e-01
1.877106915708044999e-01
2.989844963979353398e-01
-1.619683995998489057e-01
2.283202555242256349e-01
-4.597951778216206598e-01
-1.429752033349219742e-01
6.735415867769007497e-03
2.244996392939435370e-01
7.173981396745252037e-02
-3.742003285062375229e-01
1.611092982261078665e-01
-5.606033366039354648e-01
1.514859777242099359e-01
-1.651980096744932736e-01
2.146180421780957970e-01
-2.228484197621606044e-01
-1.563943501164084537e-01
2.296316469229857660e-01
1.125719670865623634e-01
-3.645395751990736510e-01
-1.970572914646557816e-01
1.995835305088103639e-01
-9.995710355253649426e-02
-3.280731503068127219e-01
-1.854847920734096212e-01
-3.001544664267363216e-01
-7.990944575394572091e-02
1.267158461697401040e-01
1.487650507009242729e-01
-1.868821191633634471e-01
-1.855192593455445849e-01
1.957004655212253585e-01
-3.505353095850725631e-01
4.203224627312178718e-01
1.078675162907204166e-01
4.052760443533198753e-03
-3.314622886796581014e-02
1.369493560159768530e-01
5.709737741808963707e-02
-4.332139838267311527e-01
5.007927245324531040e-02
-2.799043394702279142e-01
2.154418155058617779e-01
-3.990896612279768441e-01
-1.077193945825673516e-01
-3.066937895703831796e-01
1.138643647192085356e-01
-3.693099306101578772e-01
4.229553916987510709e-03
2.964339051157200977e-01
1.598367917006985883e-01
3.686713386604636988e-01
-1.999033389312084019e-01
2.737968373761010543e-01
-1.922625715069966046e-01
6.246522013775573923e-02
-1.176950257449126125e-01
-7.039053632173902786e-02
2.822336633160741348e-01
2.069544670375412510e-01
-2.013392544049245059e-01
1.809649283069227343e-01
8.081203627202176998e-02
-7.573866341904186839e-02
-7.125881724918368965e-02
-1.495288047835077183e-01
2.872488343064280580e-02
-2.643588798418891606e-01
1.872925176171780781e-01
2.115095557718486494e-02
-1.515540040906209751e-01
7.889831377907033372e-02
6.173217717099779844e-02
1.146304044452417514e-02
1.558656357465641185e-01
1.967132180007978293e-01
-1.980563387283396093e-01
4.393952033626374876e-02
-1.401738941093349233e-01
1.657015305835325414e-01
-7.884261061196409792e-02
-1.831984547135956931e-01
3.597210709781477611e-01
-1.931565312154624736e-01
-6.330265003335616703e-02
1.437101778211773706e-01
-3.464148032164071633e-01
-1.775031540437934374e-01
3.210440968186393240e-01
-4.266668228577076283e-01
8.021642177505189375e-02
-2.075889382378962589e-01
-1.359287009703031290e-01
-9.865866435998423001e-02
-5.206219248063984062e-03
1.193290397403998920e-01
1.173806314465360157e-02
-4.290987226886519568e-03
3.778104763886180884e-03
-7.473724687875063499e-02
1.121462681292385855e-01
1.323616690181885491e-01
3.579591708325670085e-01
2.685888016941517797e-01
4.913000071421541604e-02
2.114991208203249595e-01
-7.517600026100801358e-02
1.078605686731240049e-01
-1.131492728788065227e-01
-2.357179450629784956e-01
-5.322918323059140366e-01
-1.433144961609106316e-01
2.203157452346926615e-02
-2.889959065554476014e-02
1.851072260517792611e-01
1.451936269374221877e-01
-1.600585004957219837e-01
-2.252618504413688716e-01
1.321102940079343369e-01
1.613672879620704215e-01
3.817679374951863380e-01
-7.427564532241398565e-02
-3.354310577848615416e-02
3.414101629939046423e-01
2.206010623035557505e-01
-1.755310485745834592e-01
-1.616868010002892875e-01
4.943919109004109302e-02
-2.154321002486600523e-01
-3.296997130583178004e-01
-8.507848217142557901e-02
3.811960095904391443e-01
3.422869863479285346e-01
-1.720503998325350614e-01
3.703799438910118647e-02
2.006180216900190771e-01
-5.056945056949176120e-02
-4.879233225206420776e-01
9.897066726710744555e-02
1.745936240832182129e-01
-1.488907946876388277e-01
1.498623456363305517e-01
-1.086074258997812431e-01
-3.865736377460203266e-01
3.612672646463413462e-02
-2.679561598019974400e-01
-5.987785802497547216e-02
2.474720341524109801e-01
-2.480738791818131173e-01
2.153810344090544282e-01
3.620716653594591161e-03
2.000181116600076026e-01
5.585641932786521852e-02
1.466166994791683609e-01
-4.889349938049644684e-02
2.197295198239496428e-01
6.259357868236245515e-02
-3.063663010487843730e-01
2.322098960963513148e-01
-1.580144268453305412e-01
-1.513716439125511459e-01
-4.517432261877064870e-02
-2.787060441085197349e-01
2.221977696039021677e-01
-5.181683088329043507e-02
-1.257421593800504001e-01
-8.719357006659433917e-02
8.426173454505397897e-02
9.662283047918192314e-02
-3.697475776096417754e-02
4.663475701196935219e-01
-2.723839131154031090e-01
1.346055323241839297e-01
3.308926844557003033e-02
-1.523266488483787651e-01
-5.352715123394156949e-02
-3.202450855761779791e-01
-8.583868007768646891e-02
2.740124570409852578e-01
2.830435911075092625e-01
2.879410012969435204e-02
1.231963649071028399e-01
-4.222119290078885090e-01
2.664472964002020383e-01
-1.188932447553224803e-01
2.021592946511914513e-01
-2.543270878334976878e-02
-2.293427427995497481e-01
-1.465638089849055359e-01
2.590551843713213842e-02
-4.458691751634947242e-01
-1.595325151939505637e-01
9.622384763647523487e-02
-2.266331478783060460e-01
-4.140844240368062312e-01
-1.157661948756577575e-01
-9.133561820251524799e-02
-1.398307774832985295e-01
-1.621582772303127862e-01
-2.936529222887567236e-01
-2.165418666780260515e-01
-1.037275811469498543e-01
1.740269710627459498e-02
-5.040502665110774272e-03
1.189913064155195543e-01
-1.157251032408277147e-01
-3.639705425933483646e-02
8.701234996272141919e-02
2.086342789992443325e-01
-4.559236892291911314e-01
-2.086472813101654111e-01
-1.501960051635204685e-01
2.369694626494491668e-02
6.734507045871587771e-02
1.392133186079205776e-01
-2.108294962578428633e-01
1.451133163789913860e-01
1.142905715865304012e-01
5.960547314792818963e-01
1.565776260500298389e-01
-3.268733010789111049e-01
-3.349085527079671554e-01
-2.103619353447014895e-01
-1.802055057433139262e-01
1.657705219538719299e-01
7.633428425457204625e-02
2.140867500703437787e-01
4.137496332774013852e-01
3.453579120280852316e-02
7.304707044809852223e-02
-1.067145117171500179e-02
2.183158981117672981e-01
-2.300881063379836833e-01
-1.025509363460512524e-02
-1.226515332534779262e-01
1.447331515932502310e-01
8.246242118986475689e-02
3.349559940788701118e-01
5.672787854527661100e-02
-6.903686461010294373e-02
-1.520738383871967914e-01
-2.011799770980679802e-01
-2.040668845302609224e-01
1.985226990687135595e-01
-2.325064851137021715e-01
2.910593720917217103e-02
-2.028655841218796330e-01
-1.534201209477321359e-01
5.618054182396168411e-02
-1.217550688313398799e-01
