-7.770830090010055757e-01
1.691669168008502755e-01
8.023504869022596298e-01
1.223850030047310272e-01
1.000000000000000000e+00
7.071073690262266176e-01
5.377418098267351398e-01
2.236291507507390530e-01
4.280111465515583635e-01
-6.151769897262719944e-01
5.310568181975008351e-01
1.377391671279764584e-01
7.959592379087168101e-01
-7.929168352324051927e-01
-2.484429428684183927e-01
6.326663349283675464e-01
-4.044992228332240647e-02
5.284715074021397729e-01
9.851907518689764776e-02
2.441205304505185136e-01
1.930647358030267713e-01
3.235865106051177831e-01
-5.275309018470221156e-01
8.391496499815058463e-02
-2.179311255238650380e-01
1.625660118007463129e-01
8.334045159287982729e-01
3.670838492624934890e-01
-1.115911975828215996e-01
3.533126852629239201e-01
-8.834984589605993088e-01
-1.916243544759025641e-01
8.399797619189812437e-02
-5.534354369339292701e-01
-3.842814863304610529e-01
-8.120548695906387726e-01
-4.230153966114761910e-01
-7.858626047590643315e-01
2.040229522982410781e-01
4.752881235917550962e-01
9.483652463725248394e-01
-2.743696597724880615e-01
-6.080077501048642974e-01
-6.118944813958372420e-01
-3.748004457018926927e-01
-6.983751505389941550e-02
3.484175406133026565e-01
9.366692680872771293e-01
4.546067181237544164e-01
-2.669796858943527806e-01
-5.748960837766480259e-01
6.943148900545270674e-01
-3.261119248122122394e-01
-3.001979547132094805e-01
-9.625851950319777028e-01
2.825962407323199810e-01
-8.361391750441988790e-01
1.123705774820052544e-01
-2.877572065844640758e-01
-9.988529917937877256e-01
-6.882899171495197033e-01
-3.116810818659164761e-01
9.100872064792123739e-01
9.140457368148355854e-01
7.089283280363206652e-01
-1.115139661342080535e-01
2.936089251586604942e-01
-3.357888434253085697e-01
-4.901848262192216032e-01
-2.117485388834247917e-01
3.684255791205447994e-01
6.372035459345880559e-01
4.453356826184482475e-01
-5.125314327501575562e-01
7.462932915157047820e-01
-1.000000000000000000e+00
8.192454176649301978e-01
9.890233201805851415e-01
1.471107887259762159e-02
-6.175527713138873054e-01
8.050650493106479288e-01
6.948854477601733581e-01
5.333459295975131464e-01
-5.992475023445392734e-01
-2.027565623899715563e-01
6.287284961152384000e-01
-5.681604881432525955e-01
-1.220843826374849034e-01
8.533069829031281195e-02
2.188847215785043043e-01
-7.559058742392212038e-02
4.407474631333694326e-01
-6.855561408413812785e-01
-1.268801127536979267e-01
4.646840296205118070e-01
6.643413903873853776e-01
-4.574868121804781529e-01
6.772455153956200014e-02
-2.515133359508726074e-01
1.688769339925417223e-01
-3.338755192789927828e-01
3.523675111343770872e-01
-1.065193948500172683e-01
1.845782469697631045e-01
-5.762671074500133050e-01
2.336061933280696445e-01
-2.107685668727349582e-01
-4.280436288354934615e-01
2.092689350028096307e-01
-8.716088466834159831e-01
-7.906536313054475240e-01
4.869651143730850951e-01
8.922478933310826754e-01
-2.452983154686970702e-01
-1.795066257885780669e-01
3.557337026577459538e-01
5.036344809088773022e-01
6.973598972906164262e-02
-4.174766907676834560e-01
-1.473543566886220402e-01
-1.142252467598556254e-01
-4.122987084361001697e-01
-8.632322052332511153e-02
-1.839599591793992794e-01
-6.396925216836681916e-01
-3.516579532902235350e-01
-1.674096925332447250e-01
7.786045771844322116e-01
3.482392999134435452e-01
3.831870285950886301e-01
5.745295710769322550e-01
1.881205625894583899e-01
-2.692484564103260758e-01
-6.499796105807824631e-01
-8.774871945786658078e-02
3.309842975306326873e-01
-7.621922307228117255e-01
-5.889988478240855141e-01
-7.472539784300463728e-01
-1.360246101337263258e-02
-3.315151627252239108e-01
-4.741283898815071285e-01
9.284535295514775299e-01
-3.106499483504395198e-01
-3.896383618779894475e-01
-8.325115606623899600e-01
1.196221290394247627e-01
1.000000000000000000e+00
3.673842658454826160e-01
9.558232115627475212e-01
-1.000000000000000000e+00
-7.556232105920025754e-03
-3.968712902401442810e-01
7.193386132856373072e-01
7.474566460227963782e-01
-2.807917790046563500e-01
2.441366172239277654e-01
3.812699080200708801e-01
-8.704141608565831856e-01
-7.127068651075781081e-02
2.035539035218499049e-01
-4.567429324936468638e-02
1.009529467265548597e-01
2.882693132603555419e-01
3.968230084737870422e-01
1.000000000000000000e+00
-3.433427109083946327e-01
6.359620220398191082e-01
-8.105576959925357983e-01
-4.480536531333662031e-02
-1.453687760747389146e-01
-6.423031706413527830e-01
-9.098417596477750280e-01
5.401154849603352348e-01
-8.515052530405725628e-01
-6.316772299115569478e-02
7.501329035544487267e-01
8.585488056905900001e-01
1.035491286969726643e-01
1.545279282809487731e-01
-1.992892552991528676e-01
-6.397214747597161910e-01
-4.344426982449086649e-01
-7.170888571492993746e-01
-6.084086784008209126e-01
-1.381752915091397083e-01
-3.743498661402563377e-01
-2.679151592537232229e-02
-1.026436448985241778e-01
-9.768859639602246459e-01
2.786390703722380069e-02
6.521230209103104913e-01
8.069726077706299572e-01
-2.879765315275234494e-01
-7.643987620190737520e-01
-8.027725517991698423e-01
-2.834561853699114897e-02
-6.044962245739038398e-02
7.613973845876962354e-01
-3.597534052186649595e-02
1.376550731280496986e-01
-1.070172118102415693e-01
-2.404572731498172689e-01
3.517726505718929420e-01
-4.598122896679405214e-01
-1.060148717056645651e-01
-3.492293252875305898e-02
-1.884231726161592624e-01
-3.496845111982983534e-01
-4.872298607825300554e-01
-3.529891259983228835e-01
-9.042749761135736586e-01
-2.909179564507215210e-02
6.847885991370719072e-01
8.132269668597460477e-01
-3.117257235792644243e-01
-4.286351357408891838e-01
-3.655845368555596941e-01
-4.881239139010372097e-01
1.512432392908986956e-01
-3.182915289766174993e-02
5.486705117701808077e-02
4.511078008079453250e-01
3.492982753664081175e-02
-7.384509489390214121e-01
-3.452301722190019850e-01
-8.022405974928495942e-01
3.440688928802917435e-01
-7.912353052200066239e-02
9.076638258086483502e-01
9.624431827227951652e-01
7.272181632885045266e-01
9.016754039657937092e-01
1.826926929127916654e-01
-3.820459194693821559e-01
8.885943957486220901e-01
-1.568525141357902108e-01
-3.404741364272670379e-02
-2.942176926451403260e-02
-9.901364655393568581e-01
-9.660730129992639581e-01
-3.763021481921184908e-01
-7.317798250458211751e-01
-6.972190513621164820e-01
-8.020687227270351105e-02
-1.810686156202135910e-01
9.245658823329165887e-01
-2.371592190701100195e-02
6.110009646679309681e-01
-3.683953394932845682e-01
-4.552525843265240457e-01
5.860531776596666909e-01
-5.771432570790989425e-02
6.894295469419706723e-01
-4.008340372133650797e-01
-8.043387494735480814e-02
5.612908740840706345e-01
9.352765306800465694e-01
-1.707292504279760426e-01
-4.475003111306871117e-01
1.000000000000000000e+00
3.926543906454153521e-01
1.045953014259148051e-01
4.081811008419970466e-01
-5.937957044215879110e-01
