9.788453154160834391e-01
-3.984960516139435249e-01
-4.855197107679173341e-01
-3.997782808189955794e-01
-4.334331579994452621e-01
8.497776797058946840e-01
5.407435501181223625e-01
-1.000000000000000000e+00
-3.633519940881835275e-01
-2.428475260487821252e-01
8.468225632079937615e-01
-4.109165455005931444e-01
2.354648489403765588e-01
6.010802949878721879e-01
1.251363621936310011e-01
-3.686758953959657914e-01
7.979501766031784626e-01
3.912949560988241426e-01
-8.145766171633930242e-01
-5.548471178876039911e-01
-9.890242254154907320e-02
7.227668189444298452e-01
-5.749209681527815974e-01
-5.805383818847287269e-01
8.715573428940239786e-01
-4.304227359256559415e-01
1.336968543087627137e-02
-1.000000000000000000e+00
1.738747290925983791e-01
8.646483663153086141e-01
-9.014493483559380405e-01
4.210239166487217410e-03
-6.498069722701935724e-01
-1.000000000000000000e+00
5.714166001057969790e-01
-5.298311351368953925e-01
-5.541222511063037537e-01
-1.000000000000000000e+00
5.893548002898361116e-01
-5.149245944613274339e-01
9.805798538331556014e-01
-9.257554467717157287e-01
4.741774625639266771e-03
2.822323578675143274e-01
1.464795281595018261e-01
-4.324001339619951700e-01
5.748242290169454094e-01
3.685983312817988494e-02
6.529177306689482041e-01
-1.000000000000000000e+00
-6.142635567283982745e-02
4.785534050858140098e-01
-3.818801502183619689e-01
6.616096165115519234e-01
-6.595060684420630537e-01
6.650958914886710982e-01
-2.524690016023730110e-01
8.301130254052244695e-01
-7.789952721031276894e-01
6.675584095210974622e-01
-4.169788973235030727e-02
1.591347524667872104e-01
6.707082080868320695e-02
-5.540616724310252206e-01
-1.000000000000000000e+00
-1.629054635579947341e-01
-8.861940021033163362e-01
1.000000000000000000e+00
5.385109834709420618e-01
2.813574420993890657e-01
-4.616626104868711833e-01
5.199062980589597149e-01
-6.673710211875201193e-01
-4.097312253185473319e-01
9.841075366636182764e-01
5.715524588096403402e-01
-3.551957481357497226e-01
-7.074712672111871381e-01
-1.856464773548957004e-01
3.337970368589285308e-01
5.054154404185882132e-01
6.845492766847161015e-02
-3.936126627617080320e-01
-1.866635027077249709e-01
9.754314454628576492e-01
4.672948832679935105e-01
-7.669583727134822171e-01
9.109308377931968348e-02
1.000000000000000000e+00
-9.203180604822969180e-01
-1.000000000000000000e+00
-6.011855957196570177e-01
4.896747798359626369e-01
1.712226814085286986e-01
1.000000000000000000e+00
4.631188372839578626e-02
-5.048378466772345252e-01
8.978253469347057258e-01
-2.284121272788590673e-01
1.000000000000000000e+00
2.843434415126444570e-01
4.494811635619682666e-01
1.000000000000000000e+00
-1.000000000000000000e+00
6.431723983257224830e-01
3.010598428256081038e-01
-5.140839032529290753e-01
6.662091126325995205e-01
-4.672710624405476132e-01
4.140870518818222656e-01
-2.942703925553685207e-01
-7.754148858091438612e-01
-5.221006174106906927e-01
-1.071118483158940426e-01
-6.338189373044178510e-02
-6.555673145166440730e-02
-7.072042190798661920e-01
8.909270832529916362e-01
-7.654889314935179323e-01
1.408404940038161524e-01
-9.289542112450366318e-02
2.268242386786327724e-01
8.753970278343954359e-01
-3.023800842820862922e-01
-7.602043539514513615e-02
6.440146020163506346e-02
-2.220109078175116490e-01
-1.482878155259206854e-01
-7.154978391106030511e-01
-7.638882041680630230e-01
-1.000000000000000000e+00
6.680012408223030551e-01
-2.545185917978081136e-01
7.083490733842565668e-01
-6.433597944437192684e-01
-1.000000000000000000e+00
4.039053574519784195e-01
2.492545417713290523e-01
-1.169397187791609838e-01
2.772538991172173173e-01
-1.000000000000000000e+00
-4.546999910922377985e-02
-6.873738241120178616e-01
7.633528843484655990e-01
3.488834423785049932e-01
-4.465299848313293296e-01
-6.435136488857186032e-01
4.205569572482290019e-03
-9.709335874391160637e-01
-1.000000000000000000e+00
-1.000000000000000000e+00
-7.571120273774900600e-02
-1.000000000000000000e+00
-4.997546477946679389e-01
-1.000000000000000000e+00
6.798592058694357121e-01
2.260514778783649092e-01
8.813241538723745050e-01
-4.167166709486695708e-02
-5.891837977882290467e-01
-5.909425590109376181e-01
-9.997071042833276522e-01
3.165223152114153837e-01
-3.497719042637792985e-01
1.564198271827123010e-01
2.035593383126095279e-01
-7.607252232909034184e-01
1.321823577971283914e-01
-8.239302100723988609e-01
-1.000000000000000000e+00
7.654997836135519762e-01
-6.653213909003565796e-01
3.685662025854792301e-01
-4.789154652231771281e-01
2.319937525470198714e-01
-4.033415157952631169e-01
3.683514104570033143e-01
1.000000000000000000e+00
1.000000000000000000e+00
-1.000000000000000000e+00
7.316898996270477795e-01
-3.086885220463444490e-01
-5.547792805192504062e-01
5.053939076844160549e-01
9.498524136336250479e-02
-1.158323457690024760e-01
-3.346635872711711812e-01
2.922981945016431826e-01
-4.368028805894041966e-01
7.642567316499633279e-01
-1.273281823115754996e-01
2.914179301795227772e-01
-9.272732753383055027e-01
-8.304250322727435574e-02
1.000000000000000000e+00
-4.784555327767248678e-01
2.329049052743537018e-02
4.567718330192482856e-02
4.764804857641853353e-01
4.727426947212014507e-01
-3.296725123000915914e-01
-3.258018155200906874e-01
1.887409208467689670e-01
-4.589450310497137364e-01
1.219942603004893211e-01
-6.299506393873932630e-01
6.531167013918754982e-01
2.761642511800460609e-01
-4.052448289789474245e-01
5.718418426159415091e-01
-9.990180267946802140e-02
1.000000000000000000e+00
4.445105008352602249e-01
-5.897087580464677181e-02
-1.000000000000000000e+00
6.791139764238904863e-01
5.844452976945229139e-01
-9.028963520782991026e-01
6.011885302010777643e-01
-7.515057928036239510e-01
9.352569090528124462e-01
7.775194388532975509e-01
2.188960729304629815e-01
-2.521964569778055720e-01
-1.000000000000000000e+00
3.290624466711916662e-01
1.000000000000000000e+00
7.512806481067811903e-01
7.249629171659082161e-01
-9.752912371171862382e-02
-3.000451325935036273e-01
-5.461882960920573238e-01
5.266970104494693716e-01
6.485767823593522330e-01
-1.839934383097654447e-01
-9.128721253704523697e-01
1.881879685732157359e-01
5.187610359247085690e-02
-1.148411008011620549e-01
-9.548529862197940865e-02
1.000000000000000000e+00
3.913272922984116775e-01
2.368338473145499279e-01
9.258565118280012163e-01
-6.689687173134243325e-01
1.000000000000000000e+00
8.059820250452911505e-01
-2.380124175687041710e-01
9.976778623315418759e-01
1.240787286159701353e-01
-9.226697474134324395e-01
6.023425995431008761e-02
-6.754131322119427683e-02
5.564957273929582726e-02
2.377660884257045137e-01
9.468594176799371986e-01
5.991896191146415251e-01
5.338536465674803555e-02
4.023069708519784182e-01
-6.326914657565914091e-01
-5.633713781432209133e-01
-6.694666627880194731e-01
8.751702716947589167e-01
1.000000000000000000e+00
-3.838348761066290860e-01
