7.440471879213778061e-01
7.785544268935807866e-01
-6.529013261050002903e-01
4.787814177282607719e-01
-1.000000000000000000e+00
-4.391699637644917442e-01
-7.293643093754286211e-01
4.336997228048378727e-01
9.913406025052903248e-01
7.038685501178956194e-01
1.731238484726985855e-02
-2.814261875199609020e-01
-4.204287819393032199e-01
3.445251532866357436e-01
1.137089301313949641e-01
2.892093627308759407e-01
3.556637534490552643e-01
9.924523576669210811e-01
3.288311100176885549e-01
7.026715258723471580e-01
-4.221287461567416743e-01
-3.591041759920648446e-01
-1.582262868521004395e-01
2.912365719826197630e-01
-7.957123117787741062e-01
1.891564467692725127e-01
-6.905539832704780112e-01
-8.553407585298143656e-02
-4.228196846668657582e-01
-2.906886995171342747e-01
8.095599100064403419e-01
5.534976710649534004e-01
8.265611408901953894e-01
-6.026369114897752732e-01
-5.648273702942934182e-01
-6.388621229051351103e-01
-6.821021738633926690e-01
-8.182062303350799981e-01
-7.525754952895441496e-01
-8.054254137054372986e-02
-1.126280849094586090e-01
3.603131448637535983e-01
-9.985615013996770317e-01
3.937199811635110347e-01
8.988868301192257659e-01
-7.137897537191036923e-01
1.938135269795809856e-02
1.510367925164092517e-01
9.017391562223586732e-02
5.306659422928791670e-02
-2.197800893881164952e-01
-2.923765672344155186e-01
-9.994668044651546790e-01
9.858190916148252825e-01
-7.310709376978390406e-01
-3.379695768849248771e-02
-2.574853015117182231e-01
-5.526956613433295917e-01
2.684164213107447655e-02
1.382909676113681374e-01
3.770331200590879561e-01
7.218389633716885134e-01
9.742648427077166273e-01
-2.320373643991694435e-01
-3.424325061560942046e-02
-4.632009759922128822e-02
-3.587297519243151100e-01
-1.145992902127823954e-01
-1.595447380873781518e-01
9.059700758205466720e-01
-9.285251252361935714e-01
1.886384621999254996e-01
1.000000000000000000e+00
9.723182672470382926e-01
-6.405405554114744771e-01
3.178885473358412650e-01
-8.689261582779170823e-01
-3.527485798113928483e-01
-9.387021372340911829e-02
-2.321852022518661185e-01
-5.744358904664729204e-01
4.115643972308614118e-01
2.281330581334036767e-01
7.017970492257716852e-01
-7.576905996330423054e-01
9.253413690931050484e-01
-6.807543731944309950e-01
-3.332766621171867061e-01
-9.950250227886041632e-01
-2.031104659587612549e-01
-6.350089203852136155e-01
5.229282637180597826e-01
4.343676105116554553e-01
-1.535732522082440543e-01
-4.149072274262550764e-01
1.201059389018690610e-01
-5.282423793168746773e-01
-3.917337571356049875e-01
2.697038860931340043e-01
-5.929291877095423102e-02
6.172366807394348565e-02
-8.230414427323109461e-01
-3.184603089100230822e-01
-7.113845796900850615e-01
-4.209711409647925451e-01
6.264103412912537527e-02
-8.965203319708446861e-01
8.119356524791162544e-01
8.937747060285619605e-02
-9.204083530551004921e-01
6.239192538979562164e-01
-4.776193911076972443e-01
-3.731184394039432917e-01
7.630685205987152164e-01
7.784561219660754983e-01
-8.222894702495884278e-01
5.141981002949082002e-01
1.076500544648587299e-01
-1.000000000000000000e+00
6.201085743402496853e-01
-8.063197014517050620e-01
-1.972918389795036143e-01
-9.092717516588710858e-01
-9.692096209544815988e-01
8.113723531970653546e-01
-5.894613117630601029e-02
-1.000000000000000000e+00
6.145561321627154294e-01
-7.487953641312651565e-02
-5.169029454466875784e-01
-3.094998714282357621e-01
6.055218675932241279e-01
-1.927312977149604756e-03
2.051366296576380144e-01
-3.856922998516655876e-01
1.665840387041897241e-01
-4.772531375490964844e-01
-1.086306658595253966e-01
-5.315459069535386494e-01
-7.155613457494625074e-01
3.151820180147344441e-01
-8.918489092579257038e-01
6.006624902108319564e-01
-3.206845085385464644e-01
2.755810969466539473e-01
-3.109693460320874236e-01
7.447442229094441979e-01
4.586471760147868837e-01
5.308390255665292878e-01
-4.073755895495562718e-01
3.122719145274137631e-01
9.847575849520784352e-01
2.912626693976679282e-01
5.036534254536509936e-01
-2.849470680554496704e-01
9.292490446672364568e-01
-7.039452712047638006e-01
-3.172723951221045335e-01
1.623973512699370680e-01
5.694347296648251122e-01
-7.076782791170008746e-01
-9.339235258965739028e-01
-7.176327884805479007e-01
7.961286469578907621e-01
-7.080973982531182376e-01
-9.982104080688201098e-01
-4.768545692953371495e-01
8.527932820247149381e-01
4.185755749114953433e-02
-7.239311908852631428e-01
-6.123275564003166638e-01
7.919414357968699303e-01
1.000000000000000000e+00
8.873240215772060235e-01
2.561499768741070659e-01
-7.235568404352334948e-01
-8.179025235828752960e-01
5.110234882138523504e-01
-4.059905956577107289e-01
5.321215241536522145e-01
4.274910660242837723e-01
-2.973024128163520019e-01
-9.709631100127895653e-01
7.940548779668119561e-01
-7.557493234327038456e-01
5.684072664251295093e-01
-7.235423535033591591e-01
-1.000000000000000000e+00
8.774586107168766969e-01
1.018907619065988479e-01
5.446256802105960970e-01
-8.153933782247685391e-01
-6.008877818506140889e-01
3.743067262143103258e-01
4.017743000879628323e-01
-5.133845609162385193e-01
6.592612520079150773e-01
8.092579248606862619e-01
1.691395314350947476e-01
8.251254995825622052e-01
7.190367471551968315e-01
-9.969985440947569666e-01
5.398947853096988103e-01
2.013383243119067079e-01
-1.858917615638734089e-01
1.335876425436366699e-01
7.785806580498529916e-01
5.325613547343127641e-01
5.561878538371868297e-01
-3.005162551857484821e-02
-6.490698887168335762e-01
-4.406633752596555986e-01
6.467648016285002521e-01
5.570727833018197517e-01
-4.063367870929058268e-01
9.614827319013264928e-01
1.000000000000000000e+00
-8.397246186563681603e-01
9.920384153551626838e-01
8.598094723292609709e-01
2.201289280716117736e-01
-1.555642893324686027e-01
4.719592475675500332e-01
-4.944347290183476740e-01
9.871209237165921024e-01
-9.882061984249824738e-01
9.036722097691904931e-01
-2.806058606353116769e-01
7.496642015073319287e-01
9.398414482660983893e-01
-1.108834802279969889e-01
9.997047869797968112e-01
-3.515308890460890900e-01
1.000000000000000000e+00
-4.661066214400015895e-01
-9.995025380094225975e-02
6.393158333526623993e-01
4.499295720130402354e-01
-3.259296209429870528e-01
-5.760261302533010719e-01
9.903776826778395437e-01
-1.181097080958081053e-01
3.175319738975942996e-01
1.455119109895645357e-01
-2.406341288461633643e-01
8.569724837939288742e-01
7.585155096033168176e-01
9.258185495709497781e-02
-2.773368740632034535e-01
-1.550206669717894559e-01
-9.925703317895561151e-01
8.342318729596712723e-01
1.000000000000000000e+00
5.313207915490735234e-01
-9.206181574538893075e-01
-2.815558503356700437e-01
9.434694409621147138e-01
-8.170206485448210376e-01
2.756278266539753941e-01
5.822933499100828580e-01
-6.619036975912439003e-01
-5.000090138831949638e-01
-7.703987353665893156e-01
9.637640523458908259e-02
6.554399760474174386e-01
