1.000000000000000000e+00
-1.893004901977421994e-01
5.545730270703184139e-01
-7.748896138478652551e-01
9.861211165682014501e-01
5.573012472335910766e-02
5.942763112609276144e-01
-2.918499996920342898e-02
4.827549941704244452e-01
-6.827103273726966570e-01
1.386499975887997005e-01
-5.269322552153867800e-01
-1.000000000000000000e+00
6.293670029557288936e-01
-4.667746029973779409e-02
-4.006678030578683103e-01
4.924886007261424226e-01
-9.697683418607202510e-01
1.042248896413669468e-01
-7.871707031176924385e-01
-1.271857063011583300e-03
1.000000000000000000e+00
8.272026787929147584e-01
-8.925494202286718970e-01
-2.809276989440384620e-01
-5.393411041020211849e-01
4.972099568154118576e-01
2.660941480110604607e-01
-8.091889347555654144e-01
7.725887405450517775e-01
1.226496211936835001e-01
1.465310215964551466e-01
-3.428433388160206929e-01
-1.000000000000000000e+00
7.724707562565275021e-01
-8.291619696028753594e-01
9.307156554967983553e-01
1.032458267636532923e-01
-6.655427764041919048e-01
-1.000000000000000000e+00
-5.033503551789427766e-01
9.433484869946759388e-02
1.238477846336932808e-02
-5.286423093702554699e-01
1.000000000000000000e+00
6.963548500265797081e-01
1.441916519457366042e-01
1.000000000000000000e+00
1.667224469892458760e-01
-6.550969787864673322e-01
3.353636127374939324e-01
-1.000000000000000000e+00
-1.000000000000000000e+00
1.000000000000000000e+00
2.640745167750373490e-01
8.703015204916455527e-01
1.000000000000000000e+00
2.256640170384115462e-01
-1.000000000000000000e+00
-1.000000000000000000e+00
1.992807287842790487e-04
-1.000000000000000000e+00
-1.612030326360738286e-01
6.092693111945739481e-01
1.000000000000000000e+00
-6.012367861219221066e-01
1.232045627405942145e-02
3.217989248691240367e-01
1.000000000000000000e+00
-1.601754879083950589e-01
5.178154447206584354e-01
-3.474428789632554304e-01
-8.804892874429340321e-02
3.848699154985152360e-02
-3.139639154747877470e-01
-6.256940639921533265e-01
-9.290324251898695040e-01
9.530373894818223723e-01
-1.000000000000000000e+00
-1.000000000000000000e+00
-5.079362867492582811e-01
1.000000000000000000e+00
4.750715297783195123e-01
-6.942000820670398697e-01
1.888438376522152129e-01
-2.612051046229502127e-01
7.231371197353028135e-01
1.000000000000000000e+00
-8.276276684113658133e-01
4.585515854915733769e-06
9.217830107337227075e-01
1.000000000000000000e+00
-2.155277814676964387e-01
3.918067681351499187e-01
5.623775035698720393e-01
-2.330513898521895388e-01
1.000000000000000000e+00
8.933086251832488278e-01
-1.000000000000000000e+00
-1.380442386990299308e-01
1.000000000000000000e+00
2.436857372858671766e-01
1.000000000000000000e+00
5.010365503274761823e-01
4.102275428842406813e-01
5.785626437950370793e-01
6.085451452939366623e-01
6.257981561462570008e-01
-9.818402122176158597e-01
7.842855698109023610e-01
-9.436708986777283537e-01
7.191579894723535427e-01
-3.496142545503108101e-01
-4.193950528609279860e-01
1.000000000000000000e+00
1.000000000000000000e+00
-5.208315648301823364e-01
-1.000000000000000000e+00
-1.000000000000000000e+00
-4.911825048953030737e-02
7.027721432953372149e-01
-7.213025999788513776e-01
1.000000000000000000e+00
1.000000000000000000e+00
-8.595999650865177033e-01
7.657504908771444185e-01
-1.000000000000000000e+00
-4.075026732681105712e-01
-6.619567957991064899e-01
4.233493772737885186e-01
4.284996644157262335e-01
-8.906527233507773866e-01
9.494216348808013350e-01
-1.327952468769213468e-01
-9.967548342460630373e-01
-1.000000000000000000e+00
1.000000000000000000e+00
-4.874718912212777644e-01
2.713027754278109493e-01
9.621157341187035472e-01
-9.747444007258761201e-02
1.000000000000000000e+00
-1.313159029424781354e-01
-5.410596057555308036e-01
2.217168962389580167e-01
-1.489512562535601492e-01
-8.596353868317921920e-01
8.213221837827373584e-01
-1.476433020004397911e-01
7.021922139828502551e-01
1.000000000000000000e+00
-4.052235212620228233e-01
-5.400418241638531569e-01
-3.162796675316514872e-01
-9.261903960927985180e-01
3.494185231569215677e-01
-2.369991291413885148e-01
-5.318437445937518326e-02
3.616913197684073489e-01
1.870205581477336620e-01
1.000000000000000000e+00
4.393948010822429362e-01
-1.506474155025455119e-01
2.806760902404398239e-01
-5.181093284165136925e-01
7.802697785510974704e-01
1.000000000000000000e+00
3.118366319878123072e-01
1.000000000000000000e+00
-1.000000000000000000e+00
-1.000000000000000000e+00
-3.755975365930819265e-02
2.822034146933585230e-01
9.973639812879478983e-01
-6.862444466485961847e-01
1.000000000000000000e+00
2.496978401908050427e-01
6.837433552859479846e-01
-5.418340477643250885e-01
-3.750247890804834228e-01
-5.466835777949741182e-01
-4.546026021070042611e-01
-8.482588149439092007e-01
-9.982509610120154919e-02
-3.594004993059010111e-01
7.393736280324476606e-01
1.000000000000000000e+00
1.000000000000000000e+00
-1.000000000000000000e+00
7.349977054079452898e-01
7.152838753201236077e-01
-5.848458749765002018e-01
-2.413949306721385746e-01
-1.000000000000000000e+00
-3.815174389423184875e-01
-9.295361219468045721e-01
4.084121823664044193e-01
6.276316851437176991e-01
9.183616439095551032e-01
-8.182389178545376174e-01
-8.406427351861055497e-01
9.440344171405269380e-01
6.363487488066907338e-03
-8.592613050300274002e-02
-3.758203490241789346e-01
-1.000000000000000000e+00
1.000000000000000000e+00
7.692101762382832497e-01
4.392241192226503665e-02
1.000000000000000000e+00
-3.338270597723134170e-01
-9.963635105759974797e-01
8.287361395500796313e-01
6.717267134425096708e-01
1.856786457281297542e-01
-7.306966080771289951e-01
-5.365546416601754132e-01
5.286396570007300122e-01
-5.565869820778789334e-01
3.400787348173040514e-01
1.000000000000000000e+00
-1.000000000000000000e+00
4.359190226194233353e-01
-8.234430557874923284e-01
1.679230020318467353e-02
1.000000000000000000e+00
3.331275441506441615e-01
7.450746407499619917e-02
-5.772545694980202313e-01
-6.731043962798638480e-01
1.619570145550978113e-01
8.221131460834217863e-01
-3.950839619135609881e-01
-4.638267513168672362e-01
-1.557587760090903828e-01
-7.321222717484932030e-01
7.477588374800345772e-01
-1.000000000000000000e+00
5.566037999823217897e-01
-6.124889832923328115e-01
-1.000000000000000000e+00
-1.000000000000000000e+00
-5.355666313694834590e-01
1.000000000000000000e+00
-1.501492598821672075e-01
3.577822631322365998e-01
5.820086850783789956e-01
-2.224044784481213899e-01
1.000000000000000000e+00
2.813535156565661888e-01
-1.272985177653528366e-01
-1.000000000000000000e+00
-1.012216504473612000e-03
2.929644102903978808e-01
6.454854122101443270e-01
-7.233448160874200727e-01
-7.486672074405493760e-01
-1.000000000000000000e+00
-6.204414736863086421e-01
8.640348078349980865e-01
1.035555707013008642e-01
1.068890196884863530e-01
4.107114520458879370e-01
1.903373701016497499e-01
-9.377429279984508259e-01
