1.000000000000000000e+00
6.141166630591761155e-01
-6.900835895313962576e-01
-3.963699382522850034e-01
3.069403803358560778e-01
3.097624183209915505e-01
6.225871119077899252e-01
7.861505203361793259e-02
4.714849531452419140e-01
7.005056191534833054e-01
5.459407090173049593e-01
3.251247455728745739e-01
3.086018944571051192e-01
-6.247669180565761371e-01
6.091639456385538054e-01
-2.334918353724899365e-01
-5.944026072857513388e-01
-5.940071217880519283e-01
1.890210505865529134e-01
9.419451041203381614e-01
-7.995034124149336119e-01
5.523702154677780918e-01
-8.428366861792918607e-02
-1.653888130683422442e-01
-3.651148829026309994e-02
1.073238016692529273e-01
-1.774120802271664243e-02
7.685150730634457972e-01
-7.483112685391044017e-02
3.434867538560416045e-01
2.312558704216003402e-01
-1.643669095457649387e-01
-4.050871234655606390e-01
5.829650494342419886e-01
-7.085008784871742460e-01
3.656029749688925468e-01
-3.946030467781986295e-01
-4.341478075935933933e-02
-2.784159404953598926e-01
-4.544516322413420517e-01
6.475130030388744906e-01
1.302086830111369165e-01
8.828538777538695870e-01
-1.592848627938766859e-01
1.626463179739358056e-01
6.150784047415576161e-01
-2.808290090032967146e-01
-8.697936635303786801e-01
-4.753703231328713086e-01
3.285872022755272348e-01
-8.602485797952309499e-01
-3.148036508394179145e-01
-7.557725799551109347e-01
-7.660387865495407733e-02
-2.346719501251018358e-01
1.294459459510395594e-01
-4.298014296799534395e-01
-5.012471490265607565e-01
5.399887925584339055e-01
-2.893907602810745217e-01
1.420021899798894482e-01
-3.083116981188538941e-01
8.024682680463393614e-02
4.151096901412616447e-01
-7.883622599843554957e-01
5.610194866631575961e-01
1.327545082746579286e-01
9.330576618367054653e-01
3.604281069819051386e-02
-3.270014989275785156e-01
-1.101317391454826461e-01
-6.099272003379557772e-01
-4.097325819759145560e-02
9.752041264661515108e-01
1.487826593922680629e-01
4.892579999985572359e-01
-5.038864195002852597e-02
-4.164471310252170211e-01
5.811372380899053613e-01
-8.684285229049912291e-02
3.648154101747613787e-01
7.944692949835123474e-03
-4.288881671678764218e-01
-5.294358340659298667e-01
-4.966021232808087715e-01
-2.637934374560391149e-03
4.196880234097857265e-01
-3.369642890672364666e-01
9.242864219281703431e-01
-8.840548272031014676e-01
1.000000000000000000e+00
-9.012251213547293194e-01
-3.580201347025203651e-01
-2.773247552013613504e-01
7.558891711605176811e-01
1.214820902930605628e-01
-5.402968383169901578e-01
-8.101065212169075713e-02
2.014613835810169784e-01
-3.449630531566439395e-01
-3.043670206086799279e-01
2.975490427482510580e-01
4.535095066563422095e-01
-7.825516475939111594e-01
-8.542688485246624497e-02
-3.721734001734779973e-01
4.316920882351487077e-01
-1.644242642094853046e-01
-4.863009113322498689e-03
2.129712482951564567e-01
4.880424592684332596e-01
6.570212203813059759e-02
-4.281725357343894034e-01
5.558217225842312370e-01
5.013074940874790997e-01
2.168127994295844241e-01
-1.809820395552566574e-01
2.854495012864123327e-01
-1.000000000000000000e+00
3.492575224134150669e-01
-8.537377402234580526e-01
-3.166953199356026816e-01
-5.804203654752640995e-01
2.633254595384822982e-01
8.110577126053728492e-01
-1.373558199444342709e-01
6.452741518589818481e-01
-8.593974352139271966e-01
3.973128904725310717e-02
7.841972340636066408e-01
-9.635537381477096708e-02
9.395220542623455851e-01
9.409431354034865080e-01
4.620118858796841144e-01
5.991570690576382141e-01
4.071062218474479910e-01
3.562944072396985185e-01
-4.416310934166176594e-01
1.895496002653567491e-01
-3.857948975331916275e-01
5.506140797759532246e-01
6.659747432148721558e-01
-1.598386868003080497e-01
-4.618261127357091711e-01
8.247562484066320865e-01
-9.560761717119160563e-01
-1.258792375660354179e-01
-1.639132589892010050e-01
5.285885865299853048e-01
2.343054692104107606e-01
-1.979496327547599355e-01
-2.358153858432848748e-01
2.342464279358193735e-01
-9.182552904669335492e-01
-1.778077890392485982e-01
-9.167500614260973846e-01
8.505218160653325032e-01
-4.739509368905888698e-01
9.100700092225180726e-02
1.340052065810934945e-01
2.174104189764800577e-01
-7.313133277756835859e-01
-5.620427507815707324e-01
3.490889636668085272e-01
-1.720426418947826608e-01
1.608760321266536342e-01
-2.192558082248359519e-01
4.077848820691520326e-01
-2.812766454400121574e-02
-8.751328302781857804e-01
2.779366682577531500e-01
-2.271767531339091428e-01
-7.618106034469795951e-01
6.191407592225375289e-01
-2.347481511687535272e-01
6.060601661214052305e-01
-5.357664947028943636e-02
1.077630041185833609e-01
-7.698204038500353619e-01
1.399642631644001101e-01
-1.400947057903958459e-01
3.938417830060051417e-01
3.562267907663459882e-02
5.064359770571060793e-01
-5.192720471412273775e-02
-1.000000000000000000e+00
4.962714468550649127e-01
-3.819992853984192638e-01
5.674020507537160807e-01
2.785823236531829658e-02
-8.421005896171602778e-01
8.981645290940436510e-01
-1.191783267014612929e-01
1.490741936409183399e-01
-3.082810630986271283e-02
-4.025838741148207167e-01
-1.819503972297352445e-02
5.701233283557000098e-01
-6.193265010284962901e-01
-8.753880573614899463e-01
4.766708084149036406e-03
5.373855040655737270e-01
6.623092884912837874e-01
3.112423979643210714e-01
5.544404286861939202e-01
7.586480950972071535e-02
1.069273598331249020e-01
1.014873827122393934e-01
-5.608974879413778369e-01
4.212998225479788750e-02
-2.033844246330826777e-01
4.380700478320262437e-01
3.056698216693416459e-01
7.094984533228237966e-03
8.063340778011410803e-01
-9.506016064958285883e-01
-9.838675842052774234e-02
-2.021091996645009714e-01
2.282732087391210196e-01
-1.461559755043888020e-01
-4.406477493480944752e-01
6.686912814318941578e-01
8.502974268196782370e-01
-5.388779076220001629e-01
1.478707311625455934e-01
-4.591421892593409160e-01
3.368389144821405390e-01
9.789905951429324071e-01
-2.849673938802595452e-01
-2.792189984888713283e-01
-3.302177265887199509e-01
-5.116955099136152318e-01
-2.485616635959842780e-01
5.829083398595165111e-01
1.528366018054498898e-01
1.000000000000000000e+00
-7.365399829877838922e-01
9.662061250479334062e-02
4.975268984045122522e-02
-6.779708988315189533e-01
-6.998722113128315048e-01
-3.390868124282094831e-01
-2.113873226463786892e-01
8.459940608241837134e-01
-1.000000000000000000e+00
4.996808369785662451e-01
-1.685969965621004207e-01
-2.590777379523946933e-01
4.914947741411244686e-01
5.830064363630458324e-01
2.302057064411742182e-01
-2.833042734105373217e-01
-4.538712327687968728e-02
-6.602137761901413215e-01
2.283921798876816789e-01
-5.696820878960279222e-01
-8.875440779066542385e-01
7.254150425018086601e-01
4.926855608486324645e-03
-4.257555575454158858e-01
2.095048514911521664e-01
7.063272469505360585e-03
-6.445296977404407768e-02
5.113897167320439197e-01
4.830591106063566315e-02
