-7.361228110376025757e-01
-3.810508277320518999e-01
1.037569058221218254e-01
5.614706960627443566e-01
8.692478544879924662e-01
7.489282158281901358e-01
-9.814790280028484748e-01
1.000000000000000000e+00
-9.421774481878606444e-01
6.289848768113200927e-01
7.444740785095063096e-01
2.700504703135109819e-01
-6.145075805429440763e-01
1.000000000000000000e+00
2.418723468096940499e-01
1.000000000000000000e+00
4.294142610883348865e-02
4.306807119068635226e-01
5.162293145664054173e-01
-3.269680427068422102e-02
-1.000000000000000000e+00
-5.048724995824982464e-02
-9.100962379504491384e-01
7.887592087063244328e-01
2.514678575085551593e-01
-9.981810223230001000e-01
3.717183421903905161e-02
7.061135756227451266e-01
-7.153253042184981592e-02
-6.584934510011062336e-01
4.425319574101156395e-01
-7.098815570469732550e-02
-5.546801695334638849e-01
-1.000000000000000000e+00
-1.000000000000000000e+00
6.256043834852575980e-01
-1.271600639822258183e-01
1.000000000000000000e+00
2.942571198274074318e-01
-1.000000000000000000e+00
-6.213271143010214992e-01
4.435234361493587962e-01
8.156184515393021250e-01
3.326229194094930675e-01
2.333240998449778170e-01
-1.000000000000000000e+00
6.264249314514839240e-01
-2.331637497400781411e-01
-3.484955818406935690e-01
4.336126938114410190e-01
5.066577061562390627e-01
9.533675912660017904e-01
-2.518591102588663144e-02
1.700705954855259994e-01
1.000000000000000000e+00
-1.523323488885508503e-02
-2.089951156790882392e-01
-3.832370485704110763e-01
-9.973173427135640923e-01
1.000000000000000000e+00
2.363490288547098750e-01
1.903489693172129016e-01
-3.539991703910527754e-01
-7.237057079152626748e-01
-7.932353393960899224e-01
2.415873023185916013e-01
-5.585958063067764101e-02
-1.000000000000000000e+00
-1.000000000000000000e+00
-3.222446892448053157e-01
7.852740445110623080e-01
5.211158026997975146e-01
7.783527710232827079e-01
9.041139259522705807e-01
3.538992289927833657e-01
4.922753862989825979e-02
6.660982603933049417e-02
6.438776481229157023e-01
-7.660467019296384183e-01
6.393846041990319806e-01
-8.079646709222425560e-01
6.818808066087405084e-01
-3.017965737821609595e-01
-6.049998292054543647e-01
2.943637564024714770e-02
4.211022303435521530e-01
-1.000000000000000000e+00
-8.788727360988050075e-01
1.285667645653790492e-01
-5.302057362245266026e-01
4.457911522622679534e-01
-4.467171930515482781e-01
1.976634469813631778e-01
-1.360169425398278786e-01
8.799452215173569902e-02
-4.936564405172081393e-01
7.144344626290175526e-01
-3.985641345109273981e-02
-1.000000000000000000e+00
5.613921017429857052e-01
-2.802566051842739214e-01
4.416834537860762078e-01
-2.007054836585586699e-02
-4.412491353538244843e-01
1.382169572114582135e-01
1.389421899785744652e-01
-5.317798969256858355e-01
-1.619135273242209433e-02
-2.168208758022470706e-01
-1.000000000000000000e+00
-5.963368750508375449e-01
-9.052526658476316435e-01
1.000000000000000000e+00
-1.000000000000000000e+00
-3.190491311310759137e-01
2.195024904111174124e-01
-4.344483293413766711e-01
1.000000000000000000e+00
2.237727832376242565e-01
-5.679508767257142043e-01
-6.925936095785043545e-01
-2.370190288038377391e-01
1.000000000000000000e+00
5.285897686577225585e-01
-6.474778828683396270e-01
-3.886298367572349477e-02
4.568798356022469864e-01
8.771564990724376454e-01
-4.934551590381013320e-01
1.000000000000000000e+00
4.973451449032395555e-01
-2.411078611813854411e-01
-7.980676504136620109e-01
1.000000000000000000e+00
1.000000000000000000e+00
-9.195201294674977266e-01
9.154289522655072453e-01
-1.772221431440348383e-01
-5.622112108341725811e-01
2.636084101545976832e-01
6.048965290521923777e-02
7.754603947308896794e-01
-1.816855666932468694e-01
-9.708914035374880402e-01
-1.000000000000000000e+00
7.615415303792161250e-01
-4.967892618701198471e-01
8.166900878939433728e-01
-7.156821760739158211e-01
-7.166311785552442748e-01
2.954205347962759465e-01
-1.000000000000000000e+00
-5.279974301921604996e-01
2.839140279940206568e-01
6.236004661035730035e-01
1.000000000000000000e+00
-5.980446074138467960e-01
-4.512940228137649612e-01
1.221735304002196099e-01
1.000000000000000000e+00
1.000000000000000000e+00
-1.000000000000000000e+00
-9.878420329371684350e-01
-8.577874987319016320e-01
-1.000000000000000000e+00
-2.688692976024444903e-01
3.192878631373253784e-01
4.780064469971264662e-01
-1.000000000000000000e+00
8.454446168505522774e-01
-6.405593980874320081e-01
2.902405761113222571e-01
3.341340457456347390e-02
3.073222822638430607e-01
-5.895038378247916544e-01
5.031005666373159491e-01
-5.872931337371780636e-01
3.890390021517643460e-01
-9.244977972169876601e-02
1.910008843942280765e-01
1.000000000000000000e+00
-2.581732592942090898e-01
-1.000000000000000000e+00
1.000000000000000000e+00
8.958545128103496680e-01
9.854576417490954476e-01
3.578833219136312582e-01
1.000000000000000000e+00
1.000000000000000000e+00
6.606433842204195717e-01
8.180811847308854245e-01
1.273476003848124094e-01
2.277835105010428407e-01
-3.715034674838719742e-01
1.809914698138181954e-02
1.000000000000000000e+00
1.000000000000000000e+00
-1.000000000000000000e+00
1.000000000000000000e+00
-9.173289459201409146e-01
5.471783629308413222e-01
2.800000000000002487e-01
2.238664072146603345e-01
-1.800540395243929170e-01
-6.025671910683638721e-01
9.124216775243045863e-01
1.000000000000000000e+00
1.000000000000000000e+00
-7.467666173360973936e-01
-3.399945917177488175e-01
3.783968257987116446e-01
-9.390174399802867500e-01
5.885959467446871818e-01
-1.000000000000000000e+00
-1.813892821865726590e-01
3.647952807055463431e-01
2.096590855262668307e-01
-7.398379027236703376e-01
-3.989404177630071491e-01
4.944433545502750493e-01
1.780265915184047198e-01
-6.131548739486309962e-01
7.080597218878308396e-01
9.274826997961739261e-01
9.952762989378133307e-01
-1.000000000000000000e+00
6.558300140801304190e-02
1.000000000000000000e+00
5.703789614152540155e-01
-8.643807528251441497e-01
-2.396567638796567312e-01
-4.958661455789069583e-01
9.588886576352395608e-01
-3.180231258439425446e-02
-1.000000000000000000e+00
-9.394634970703499288e-01
-1.000000000000000000e+00
-8.455981821724929404e-01
3.311636709173064741e-01
8.731381513080548329e-01
-1.000000000000000000e+00
8.672067849505684656e-01
1.000000000000000000e+00
8.009211834473766167e-01
-9.632233828940857112e-01
-5.724968933408994820e-01
-2.763139313753544268e-01
-9.620348748650339177e-01
1.000000000000000000e+00
-1.000000000000000000e+00
-4.964425632272656541e-01
-2.550780711494436970e-01
4.159878832668748583e-01
1.000000000000000000e+00
4.583659606672496611e-01
-1.000000000000000000e+00
-1.000000000000000000e+00
-1.000000000000000000e+00
1.000000000000000000e+00
-2.737195925218141035e-01
2.818957412753824165e-01
7.357971904524576168e-01
1.000000000000000000e+00
-5.736061363703601756e-01
9.284405951842047422e-01
