-4.621308803154481337e-01
-5.826586682731164091e-01
1.725190982560214081e-01
3.756697133611169304e-01
1.197710790208168785e-01
-1.894677150483672357e-01
-4.659208693360077369e-01
7.703196473169804381e-01
-2.532326323142078395e-02
-8.341455158344700527e-01
-4.491043997597045645e-01
-4.381722755523745350e-03
-3.144805521519974945e-02
-8.125598049795329514e-01
-1.765689919567654254e-01
7.236765290275438689e-01
-2.153617783621545601e-01
-1.862626354826155128e-01
3.824518690456432668e-02
5.557038027601254315e-01
-1.440143750716732785e-01
5.184682365492327971e-01
6.582016961970235114e-01
3.718976355597558570e-01
-5.279433320434062660e-01
8.871394695552767828e-01
-1.000000000000000000e+00
9.441107614071632403e-02
-5.280804495186246506e-01
1.054304614508463495e-01
-2.888107945735020055e-01
2.128346781169935253e-01
-1.139138564054514302e-01
9.900982463954350887e-01
4.901524024762124454e-01
1.645386211788349429e-03
2.458784488543898639e-01
1.606736591274689763e-01
5.844800380020929997e-02
6.644267620027533017e-01
1.000000000000000000e+00
-4.817681650195418941e-01
6.602306561090964809e-01
-4.545948170564200197e-01
1.414508040919010279e-02
-6.590549403172060172e-01
8.516781551614789336e-01
2.741935437021352229e-01
-6.102838240897543454e-01
-9.427775712222724591e-02
1.592741336774996519e-01
1.958040220532095699e-01
-4.383770696790732502e-01
5.444000693266618507e-01
7.794913688557667530e-01
-1.974451236323212788e-01
-2.411827929268977877e-01
4.606955046986822566e-01
-1.407493484857532118e-01
-3.769742643720765951e-01
2.400287269222263764e-01
1.221177329848208148e-01
1.929408525927835405e-01
8.365614329877080202e-01
-3.635759047745900641e-01
-6.155702051505005379e-01
2.023302107856439491e-01
-4.503894222465432834e-02
2.329953388416515780e-01
2.237058914145872990e-02
-5.483353496573446506e-01
8.545539863191649044e-01
-2.062364111839607994e-01
-2.538257540699778714e-01
1.858513096396914033e-01
7.719781445978426415e-01
7.056499977254273581e-01
9.824372334465087953e-01
-1.602524396160102949e-01
-7.246389781638504779e-01
8.314184863315586815e-01
-6.780670945738914712e-02
4.393465692500104214e-01
-7.207333580876329471e-03
6.951757463884944421e-01
-1.036148850984929259e-01
-6.228473508330423236e-01
2.338419901654564814e-01
-6.104796555315668005e-01
5.893904935738706330e-01
-1.431242272010913585e-01
2.817662603949112610e-01
-5.154134697658232511e-01
-1.078747811385600830e-01
-6.836930596345981437e-01
-1.460340100948311071e-01
-1.563367908465123357e-01
1.435961147643181612e-01
-4.674869492438663565e-01
-7.856405486877934274e-01
5.404810317811955533e-01
-9.728306266432468208e-02
-2.146283378933609709e-02
2.659737906651728490e-01
3.515412309417049741e-01
-5.905598264482292414e-02
-3.561789291133282132e-01
7.011140520718639468e-02
2.779680938960132908e-01
-3.030745344085487014e-01
-6.432224124217951200e-01
3.244724334259624365e-01
1.000000000000000000e+00
6.831739788206653285e-01
-3.978479483943959671e-01
3.499130800306676781e-02
3.895689558104588335e-02
4.153150441965727802e-02
-8.899019582457381450e-01
1.354318024979453972e-01
-5.873440468597639352e-01
9.717600291183319250e-01
4.501048583207095666e-01
-5.572626156254480989e-01
8.796402732176692441e-01
5.413962157743632542e-01
2.443092232204546743e-01
1.256169217971235541e-01
-4.299044444455951686e-02
-4.464147332663966905e-01
-4.263666595794730063e-01
1.293914263081943905e-01
7.960313059900498978e-01
-8.239329673137952836e-01
1.072807023877693222e-01
-7.644827321495620831e-01
-1.027023311188040994e-01
8.636615685691473310e-01
3.852655725989568847e-01
2.719765635093919220e-01
2.572337103102104727e-01
-7.176174210259583797e-01
-9.349928548613920531e-01
5.855042452878618242e-01
2.568955386717394207e-01
-3.900087491638101200e-01
3.399423996825913230e-01
-9.054503816377310055e-02
1.852817395633011288e-01
-3.188415200409911998e-01
-1.178723616484952386e-01
-4.550710355112587147e-01
5.763670306332041582e-01
5.819574591441037947e-01
-6.462998750935793346e-01
-9.231497087642555055e-01
-5.539970372941318555e-01
3.865305403944227502e-01
4.864699607280251192e-01
9.954779320026551082e-01
2.044355605490557337e-01
6.767320040511586310e-01
-1.230203708495673509e-01
3.831761969471937368e-01
2.542249279345731861e-02
5.890331188099079407e-01
-5.938046319794019201e-01
-8.076278542328446663e-01
-4.192036379677133162e-04
1.112835453399519114e-01
3.910422077986982492e-01
7.569287533174430260e-01
4.021370549599363464e-01
-6.862635181800490480e-01
3.511106557193741651e-01
-6.667508084713656968e-01
5.858554492547060621e-02
3.212730675398456359e-01
2.638171556565389597e-01
-6.605452348165757881e-03
-6.198589473713140841e-01
9.719953160560595995e-02
2.846839176258253445e-02
6.072634813341890592e-01
4.243252798844299734e-01
-3.937672483835240045e-01
-6.842887598510842828e-01
4.681783399209109020e-01
2.177207518936978559e-01
-5.027748434479455408e-01
1.586625671376628577e-01
-1.837449714832548875e-01
1.809739882854225490e-01
-6.972720373754895395e-02
-3.150045940639742970e-01
-9.448083909399030977e-01
-9.328327747633287093e-01
-4.336649055809840836e-01
7.353965737893841670e-02
-4.091816706024660744e-01
7.735926985099315090e-01
2.969950800721373740e-01
-5.714028987652356451e-01
-6.309784821353286999e-01
-8.676578235508738413e-01
5.269611357190812084e-01
-1.182634373722533938e-01
-2.006700539011690987e-01
-1.654211956573394260e-01
3.163695599138092729e-01
2.086135143737487541e-01
-3.994229948600614977e-01
-3.690020373205023241e-02
1.582545258412031974e-01
5.391941329980134423e-01
4.047385754786677059e-01
-3.848510480842250170e-02
4.584191322162801119e-01
3.655104966221466856e-01
-4.058089099412289791e-01
-7.734247488834936068e-02
1.599350916630958297e-01
8.115180606012769582e-01
4.468859398174557240e-01
7.534905300448755394e-01
-4.439006514070916731e-01
5.024026726146652022e-01
-1.262168629695586131e-01
3.418902771598356094e-01
-9.855082335245770597e-01
9.765250559266962227e-02
-5.437621300000522462e-02
4.606284454070285195e-01
2.709128561662130230e-01
-4.690964058258923486e-01
3.074309364653700360e-02
3.934842768685060665e-01
1.443177686736095422e-01
8.868655765528180579e-01
5.150037056977597727e-01
5.917848465413683146e-01
8.321525148267253091e-02
5.564755087095859531e-01
3.727308449816271185e-01
2.091745478558583726e-01
1.361193419339881694e-01
3.933362776198877642e-01
-4.144004754723216721e-01
-7.868142916430869160e-01
7.162895927323186251e-01
-6.287569922493487784e-01
1.000000000000000000e+00
-4.701767266028780146e-01
5.785047757957907377e-01
-2.472231538131076101e-01
-2.298972005372966476e-01
1.000000000000000000e+00
-4.097312410872822053e-01
3.457119173706154625e-01
-6.016839963841534855e-01
4.142963891550841549e-01
-8.443685651705096218e-01
9.962597938113493257e-04
1.947635743379136364e-01
4.464003614966897959e-02
