-8.702608283365036446e-01
1.000000000000000000e+00
2.115022005978378639e-01
1.000000000000000000e+00
1.000000000000000000e+00
-3.355337609478965533e-01
1.000000000000000000e+00
-3.704839461474620510e-01
-7.661783511292812321e-01
4.962686090329573307e-01
-8.133768063491457756e-01
1.000000000000000000e+00
-5.794755833205311735e-01
-7.614296262833732953e-01
8.988606077021576990e-01
1.224899561001562553e-01
1.150141832212081550e-01
-8.355535512107334917e-01
-1.097267824843703443e-01
1.000000000000000000e+00
-1.000000000000000000e+00
3.992667096824459305e-01
1.000000000000000000e+00
1.000000000000000000e+00
7.313298697905226131e-01
-5.793101884508753407e-01
7.131365457069553937e-01
6.402516371560376673e-02
-7.829432257331552236e-01
-7.037116089918821205e-01
3.764724549360878858e-02
-3.062997093201095256e-01
8.669664670447274624e-01
-5.572087495693156534e-02
3.480409953615039020e-01
-9.626920316421190282e-01
5.981119472767295608e-01
6.850951240641814932e-01
-1.000000000000000000e+00
-1.000000000000000000e+00
-1.541314479489130918e-02
1.000000000000000000e+00
-6.222973515837328939e-01
-1.000000000000000000e+00
-4.236418959704335574e-03
7.996112737655549640e-01
-5.846024986676863489e-02
1.000000000000000000e+00
-7.457255062635277376e-01
-4.446081877157349593e-01
-6.507102768778836310e-01
1.000000000000000000e+00
9.200225842558913403e-01
-8.015509178524167222e-01
-1.000000000000000000e+00
-7.267876019965906487e-01
4.990236041458071536e-01
-5.779504282071351584e-01
1.000000000000000000e+00
-9.139993875800056511e-01
8.766304960058852735e-01
5.654260672681392652e-01
-4.404551568764281666e-01
-4.331376993460768210e-01
3.538194398128641227e-01
1.000000000000000000e+00
-5.060975067927269144e-01
4.912609168531767434e-01
3.668429400509736205e-01
8.359110841442662920e-02
1.952027802774801979e-01
-5.879932964043188548e-02
1.000000000000000000e+00
-1.000000000000000000e+00
1.387222034037152718e-01
7.514865816670488474e-01
1.000000000000000000e+00
-1.000000000000000000e+00
-1.000000000000000000e+00
7.351547820976485070e-01
3.786288372470661412e-01
3.281224538365004051e-01
-1.000000000000000000e+00
-5.452490415438935312e-01
6.282285769287681010e-01
1.239648971683948164e-01
4.935911220521493892e-02
-5.555829059626469224e-01
-1.000000000000000000e+00
-3.926887267000261916e-01
4.162655598884745789e-01
-6.582310203960803907e-01
-5.517611464138058031e-01
-7.044541536746474764e-01
1.830845446064635063e-01
-1.476564767201561934e-01
6.637655986962112120e-01
7.903347997945633363e-01
-1.000000000000000000e+00
-5.855910385725107137e-01
-1.000000000000000000e+00
6.432914096199737752e-01
1.000000000000000000e+00
-1.000000000000000000e+00
1.000000000000000000e+00
-2.576123910567065245e-01
-1.000000000000000000e+00
1.537905980885294621e-01
-9.181194466083884009e-01
1.000000000000000000e+00
1.000000000000000000e+00
1.000000000000000000e+00
-8.415758338935190874e-01
-6.786167660570663340e-01
7.997126116269155371e-01
-5.153145214177405897e-01
2.152465693493982313e-01
9.670475400563383062e-02
-1.000000000000000000e+00
-1.000000000000000000e+00
-3.137418160005333023e-01
-3.364895177995641529e-01
-3.530865037681758523e-01
9.448817650973384552e-02
-1.579119451545989428e-01
8.461622548576506198e-01
1.096953761608722711e-01
6.969030513475130695e-01
-1.000000000000000000e+00
-1.000000000000000000e+00
-6.423169063140450330e-01
5.888851424517336230e-01
2.015300274015805471e-01
-3.540291076022858974e-01
1.000000000000000000e+00
7.441382612745835179e-02
1.000000000000000000e+00
3.147058306082037293e-01
1.000000000000000000e+00
1.000000000000000000e+00
5.771053890008788212e-01
-1.000000000000000000e+00
-1.000000000000000000e+00
1.000000000000000000e+00
1.000000000000000000e+00
-1.152754852520925244e-01
1.000000000000000000e+00
6.241150453519854757e-01
-1.000000000000000000e+00
7.422158032432721875e-01
1.000000000000000000e+00
-5.086078101282767161e-01
2.364462449875410766e-01
3.252539807594615473e-01
7.735879077343383869e-01
-1.000000000000000000e+00
1.575032297530040704e-01
-1.514021562366996143e-01
1.000000000000000000e+00
5.171248606778766632e-02
2.728699217538619326e-01
1.000000000000000000e+00
8.468621238798862416e-01
-2.679273339389018904e-01
1.867221911512524923e-01
9.820354887913596009e-01
-1.000000000000000000e+00
-3.023483029081913132e-01
5.158851180165249239e-01
-1.000000000000000000e+00
7.021956445372430355e-01
8.379892937591928437e-01
8.145049885563220293e-01
8.238594146256217332e-01
-9.481264765934334093e-01
6.156687556111009041e-01
1.000000000000000000e+00
2.851552970936888087e-02
-1.000000000000000000e+00
1.000000000000000000e+00
1.000000000000000000e+00
-1.000000000000000000e+00
1.095539274824886000e-02
2.033504252995914086e-01
3.017186088636734098e-01
-1.000000000000000000e+00
1.000000000000000000e+00
-4.726997591515342823e-01
-7.851090036972320219e-01
5.007814954541629504e-01
1.000000000000000000e+00
-5.641360283443852541e-01
-9.904402054400998079e-01
-1.000000000000000000e+00
-7.548441074719646204e-01
-7.637079302864735464e-01
-1.000000000000000000e+00
-5.888961750455594668e-01
-1.000000000000000000e+00
1.000000000000000000e+00
-7.589316231681382252e-01
2.765042805295230277e-01
9.119110335738078721e-01
6.650252051817778787e-01
1.000000000000000000e+00
3.829695484276225415e-01
-1.000000000000000000e+00
5.334399113064062226e-01
1.431904585711328837e-01
-1.000000000000000000e+00
-5.982626030834838904e-01
-7.844695641146111065e-01
5.477838759921433986e-01
1.270254708098469409e-01
-3.824601869193506865e-01
-1.000000000000000000e+00
-6.948617613812895222e-01
-3.214507779380419983e-01
1.614671550391395538e-01
1.000000000000000000e+00
-7.374554067377794286e-01
-5.832344121390468095e-01
-1.432594583719328796e-01
-1.000000000000000000e+00
-4.327156036170518583e-01
-1.000000000000000000e+00
1.000000000000000000e+00
-1.000000000000000000e+00
1.849195319443962537e-01
1.000000000000000000e+00
7.574416250778355231e-01
-4.736495618422946752e-01
4.550029318779075238e-01
9.506845064890057095e-02
7.447574888322889830e-01
1.383724461334113476e-01
-1.000000000000000000e+00
-4.284701545776725684e-01
7.764300174489129347e-01
-1.918248367957954836e-01
-1.000000000000000000e+00
4.048321540222058479e-01
1.000000000000000000e+00
1.000000000000000000e+00
7.847865041703984135e-01
-1.000000000000000000e+00
7.409957085878504657e-02
1.000000000000000000e+00
-6.562696283282836163e-01
-9.910412614231508543e-01
3.315666454143557096e-01
5.501544282036328060e-01
7.767814807347788175e-01
1.000000000000000000e+00
-2.947140539556916128e-01
-4.661618814529159271e-01
-1.000000000000000000e+00
1.000000000000000000e+00
1.000000000000000000e+00
-5.688760717235958886e-01
5.345493475240765680e-01
-7.037896767329331338e-01
5.392771406307098614e-01
1.000000000000000000e+00
8.486428837022146343e-01
