-7.130335772735193478e-01
3.640621725714419110e-01
6.208775187267432383e-01
9.126360044651999903e-01
-9.001350896278864644e-01
-2.765343599143319508e-01
-8.844641239976265279e-01
-4.986463982542285178e-01
6.364039816974208508e-01
-1.000000000000000000e+00
2.092986123332112869e-01
-1.000000000000000000e+00
-6.645186493607921907e-01
-8.161901673395380863e-01
9.380095347636575598e-01
-4.221567287900857002e-02
9.752228658500685654e-01
8.179281418002357640e-01
-8.889506945833899332e-01
6.840869770769191227e-01
-9.599364447441922632e-01
-1.000000000000000000e+00
4.776670611749622708e-01
-5.340179277724642626e-01
1.000000000000000000e+00
-1.000000000000000000e+00
6.012490699360135693e-01
1.663487615722282764e-01
-3.920809255676797056e-01
1.000000000000000000e+00
-2.181604243778932362e-01
-7.380054820995793907e-01
-1.000000000000000000e+00
1.000000000000000000e+00
7.354678604348313664e-02
-8.918212933560643041e-01
1.470046979920319463e-01
1.000000000000000000e+00
-1.051607916407118620e-01
8.129473456070852588e-01
1.000000000000000000e+00
-2.822972917280680005e-01
-1.000000000000000000e+00
-9.244337021891864126e-01
-1.619892663255828591e-01
-2.335722088399163343e-01
-4.848057731536566106e-02
-1.755594251769270198e-01
-9.847573540993196373e-01
5.996179810965727164e-01
9.271436241748184370e-01
1.000000000000000000e+00
9.179422050437141545e-01
9.053533105853547314e-01
2.908974708050144908e-01
1.000000000000000000e+00
1.000000000000000000e+00
-6.939754516727989486e-01
7.719702315847313256e-01
7.859134711215283176e-01
-2.302649801018966380e-01
1.000000000000000000e+00
-7.368669411559859439e-01
-1.000000000000000000e+00
9.905366750714088564e-01
8.523700827663354129e-01
-8.224142189761693977e-01
7.443335245214899309e-01
2.504523573056772756e-01
1.917523694933955802e-01
-9.957923035383218213e-01
8.173597909190140065e-01
2.305155655188222963e-01
-7.827719438648425010e-01
1.000000000000000000e+00
5.102318952812959774e-01
5.445725484987893328e-01
6.647223411758227396e-01
-9.377074848984928712e-01
-1.000000000000000000e+00
-1.000000000000000000e+00
1.000000000000000000e+00
-8.469218673167737688e-01
-9.247957483978018756e-01
8.155546060721682311e-01
2.833760686248211202e-01
-9.228631943981264740e-01
1.067715061454297398e-01
4.181632764060645990e-01
1.000000000000000000e+00
7.356654719838353618e-01
1.362778682499621863e-01
9.857021648715111883e-01
1.000000000000000000e+00
-4.773169079779293611e-01
7.452179761333047603e-01
-9.834913150671419357e-01
5.548212537901403563e-01
5.732313133925692750e-01
4.485540182746431959e-01
-1.703456811211480626e-01
9.271287150846614367e-01
-2.103180902654384898e-01
-1.000000000000000000e+00
-9.952502925730105643e-01
-9.180493038691458496e-01
-4.862580671559488255e-01
5.432397667346919867e-01
1.000000000000000000e+00
8.423736459871291604e-01
-9.162484105440818483e-02
-3.357208819912445019e-01
-3.664730583863825553e-01
-8.320661379529660229e-01
-2.000265707148018435e-01
3.338784313780224222e-01
-9.018435550565556680e-01
-6.714018499161138465e-01
-3.839479163988194776e-01
-8.710456719435488715e-01
-1.000000000000000000e+00
7.179393759900419836e-01
3.175513418681582545e-01
3.895493008328159701e-01
-3.155668307831117625e-01
-6.921954714789232410e-01
4.609673042747276517e-01
6.501367716241822636e-01
-5.502795632832524486e-01
7.620743159902656494e-01
-2.665057827748634756e-01
1.000000000000000000e+00
6.186518317132156941e-01
9.737606324468516261e-01
9.536062952881669830e-01
2.472774700984141372e-01
-8.132324413167867361e-01
-5.501305308523035675e-02
8.290705731716810911e-01
-1.000000000000000000e+00
-2.518522226472330039e-01
-7.517645134407185958e-01
-1.000000000000000000e+00
-9.746027512433013129e-01
-2.983769175314248123e-01
-7.997942619220763660e-01
7.405423168055661476e-01
-9.192007247532433256e-01
1.000000000000000000e+00
-3.113712502357617318e-01
9.519679959031899230e-01
8.966548681053889691e-01
-4.096953688382248271e-01
-9.452548928406016016e-01
-1.772721560791945539e-03
8.060807062651837995e-01
4.274188200000227367e-01
-1.000000000000000000e+00
-1.000000000000000000e+00
1.000000000000000000e+00
9.174741306342198977e-01
2.532268554042209074e-01
-9.383758958966673669e-01
-8.847086135194590639e-01
1.000000000000000000e+00
8.591135654681292255e-01
-7.877891170390096676e-01
1.000000000000000000e+00
-9.961100824960619216e-01
1.000000000000000000e+00
5.520195155929071840e-01
1.436449675568321482e-02
6.051941603597941199e-01
-3.364944343188239761e-01
2.733189334216962196e-01
-5.429633644653700797e-01
-1.000000000000000000e+00
9.420661711935162108e-01
-9.852276102315097317e-01
-1.000000000000000000e+00
-8.700114666648819384e-01
-9.764339623992820405e-01
3.230885757766602251e-03
-1.000000000000000000e+00
-1.000000000000000000e+00
-6.538000713667250219e-01
-1.000000000000000000e+00
7.541716377626384027e-01
-8.780031963509737913e-03
2.370770466996927617e-01
-4.856916883715849398e-01
6.269260787579644667e-01
-2.728381485395377504e-01
-2.442581512481731276e-01
9.928169554433634580e-01
9.555459639958456541e-02
-1.000000000000000000e+00
-1.000000000000000000e+00
1.000000000000000000e+00
-8.715095302324242788e-01
-1.000000000000000000e+00
-1.000000000000000000e+00
1.000000000000000000e+00
3.324180490709882640e-01
8.779180504308584654e-01
-6.399882733419992586e-01
4.745292113095152253e-02
-9.743643692280966606e-01
1.000000000000000000e+00
7.139032431634677600e-01
-8.837256489111000590e-01
-2.277953287686562689e-01
-4.344609635356747601e-01
-4.974222507963858009e-01
-3.098521024819426151e-01
9.985445826430660032e-01
-5.579042351749756712e-01
-1.000000000000000000e+00
5.983813270597876377e-01
2.321915702097524237e-01
-1.000000000000000000e+00
-5.309265469616979427e-01
1.000000000000000000e+00
8.878154757803699004e-01
9.677350908711513933e-01
2.306689587711254763e-01
-1.000000000000000000e+00
7.372140394301464061e-01
4.635369086829054242e-01
9.702279466416421361e-01
-3.319955020300413562e-02
1.000000000000000000e+00
5.530190155538414754e-01
-4.934863772533871207e-01
1.284774068599826846e-01
-3.619263781909947131e-01
-9.172825512996927166e-01
-7.637886047112959487e-01
-9.049471140658175150e-01
3.983932757750061615e-01
-6.175121642665104549e-01
-8.030505047423287524e-01
8.035341857407622967e-01
-3.110201810669298572e-01
-4.121707603668542941e-01
-2.450825183519793060e-01
-9.988752150361911442e-01
2.392069401789999883e-01
8.885368280780614469e-01
9.884417719610533171e-01
1.565403260957497766e-01
9.906664503912119280e-01
4.802201922592928551e-01
9.880804909102429701e-01
-3.596191731700013050e-01
7.347771476635603927e-01
5.983291381321513835e-01
8.894897906819043687e-01
9.946178343339112660e-02
-2.567363060866846847e-01
9.732686304103785879e-01
1.000000000000000000e+00
1.045022182514275255e-01
-1.477382938454705197e-01
1.735780508448296899e-01
