-5.244748913302235138e-01
6.544176498463881719e-01
-1.877442950708163305e-01
1.176838214954347706e-01
-7.423054264265702695e-01
-3.361297121356696116e-01
-9.716805915672527272e-02
-5.975155100143739184e-02
2.888324716418660398e-01
-1.834655712433626851e-01
1.031281762572740374e-01
6.399699751345144794e-01
-8.860181070027106642e-01
1.456113184507739633e-01
-7.434297829162526128e-01
-5.859591719322886361e-01
8.739565052861457684e-01
9.986310909696840543e-01
-5.949363613031484199e-01
-4.169988630157169807e-01
7.068531938408032511e-01
-7.048871032581218721e-01
-6.565692350360106955e-02
6.695849728363419961e-01
8.538875976124929434e-02
-2.433143595169793075e-02
-2.843416733642050720e-01
-6.483549589174747441e-01
-4.254356945623450903e-01
5.245639601544406228e-01
-7.022094844454783713e-01
-6.030696443705413357e-02
-9.942988516338900906e-01
-9.546800670469573341e-03
-3.972167807329015504e-02
-6.107687720105723361e-01
-3.149907836431900532e-01
-7.216761243977185547e-01
-1.000000000000000000e+00
-7.041882843821546389e-01
-6.329238715677931726e-01
6.070695051710792156e-02
2.089295502486017697e-01
6.305510564885231650e-01
8.578516808550319395e-01
9.105983102353846226e-01
-1.824892883292368595e-01
2.560843447449993870e-02
6.973409160918471184e-01
7.062706483050300577e-01
-2.107094961580400494e-01
5.901203922558182491e-01
-3.876366333528335484e-01
5.642338404264514162e-01
3.336671239056164806e-01
7.669189833672143131e-01
-1.486188736747131034e-01
1.944179631940008424e-01
-4.246757564216058212e-01
-4.048360694571668805e-01
2.882820941304919948e-02
-4.398804461063977045e-01
4.345653666836891138e-01
9.857527200787418176e-01
4.011048623532734725e-01
5.193832059773479948e-01
8.095797504031390646e-02
-8.668066201438014984e-01
7.905482002785891860e-01
4.663355335617517805e-01
2.310763692224695187e-01
-2.221723380635000356e-01
-9.252850956946930827e-01
3.628978536871131366e-01
-1.182155657916974800e-01
-3.471245462118599523e-02
5.175014419592353088e-01
-1.436473199331759210e-01
9.155254533796546301e-01
2.940155166127896846e-01
-6.042473011630185020e-01
2.013121270013253084e-02
1.316441245971698877e-02
-4.059911940899408461e-02
-1.400719271530874444e-01
-1.000000000000000000e+00
5.153870983095241165e-01
6.191085825318288771e-01
-7.663605443821597252e-01
-1.000000000000000000e+00
7.416490166045605070e-01
-6.085918355949542224e-01
-5.017862262713415067e-01
5.569100797026695915e-01
-3.631281477435832628e-01
-3.525037772012776793e-01
-4.335778583952834553e-01
8.120236278242981554e-02
1.295096156660970055e-01
1.517504893129059673e-01
1.925500672019364312e-01
2.936452183978148778e-01
-7.446794832991167068e-01
-2.138134257148592010e-01
1.160218177083097157e-02
7.243203551065192647e-01
6.111612111250311896e-01
-4.500454429577950277e-01
3.111327850325100175e-01
6.207061456157793033e-01
-9.031381884401191718e-01
2.737080740361963471e-02
-6.784213153272594665e-01
1.000000000000000000e+00
-6.001686083507351555e-01
-7.090048910836942442e-01
8.325373554377649699e-01
-4.179410869079281526e-02
-8.214776184501086931e-01
7.948928268471588954e-01
-5.670887582536533467e-01
9.275872878651121312e-01
-5.336946518196089562e-02
-9.707601589695156186e-01
8.585597178699911902e-01
5.472285222085739864e-01
1.206792853768904328e-01
7.648971024648109074e-01
-7.038127933315700968e-01
-3.832982694090356635e-01
-4.921189806625744789e-01
-6.132084127073116342e-01
2.295186133690194918e-01
2.541786614671626143e-01
-3.438801832763052624e-01
-9.626743213522720444e-01
-9.422090257365289823e-01
-9.379996059622449645e-01
7.560961480497879750e-01
-4.118377537097790975e-01
-1.076131320028276828e-01
-1.607001933752074396e-01
-8.725458656716572614e-01
6.164712835803977109e-01
3.087571562960800958e-02
2.851918145626825551e-01
-7.509602258557666887e-02
-1.964682405379815922e-01
2.880771728053961867e-01
1.997504606565163043e-01
7.778364793727755577e-01
6.594617560286367697e-01
-7.510744487768811206e-01
1.012674447129249811e-01
8.267398798646418134e-01
4.412227182890974819e-01
-1.438945490753648082e-01
8.547954386377671909e-01
-4.909568466762068151e-01
8.714463892709526371e-01
5.489056540566616960e-01
-3.573712737572680709e-01
7.583182959208797924e-02
-3.712947985008673846e-01
8.873535207145941683e-01
1.427449203458085458e-01
2.452762968751281136e-01
-2.177686143768521043e-01
-8.147113324294977810e-01
-4.843663603748551427e-01
-7.098298155258467856e-01
-8.582745903800296228e-01
5.362679732147800360e-01
-5.431492163537452456e-01
-2.879512235576659474e-01
7.218485684895467047e-01
-9.328825425380909975e-02
3.336619520220401314e-01
8.927190228743100420e-01
8.308938823530238604e-01
9.756304706286505340e-04
-2.876071369923476340e-01
6.488618357424250638e-01
1.901858980556308393e-02
6.322204507677676721e-01
-2.361897883255524300e-01
9.255501207588893164e-01
-4.526420972248493269e-01
-4.610860791799880620e-01
4.192991497092805053e-01
2.169648771857584091e-01
-1.000000000000000000e+00
5.172471766988688824e-01
-5.240508629242499605e-01
-5.379393359343236369e-01
-1.000000000000000000e+00
6.204775185453897945e-01
3.386250837382070306e-02
-5.956224210925900042e-01
9.421648733440839418e-01
-7.663959201680511368e-01
-6.860468504960890446e-01
9.138949786057046776e-01
8.995915046245267499e-01
-1.883653913147461390e-01
-1.000000000000000000e+00
-5.119091646826806619e-03
2.293019684779719625e-01
-1.405347926569579242e-01
3.203374524535438361e-01
-7.527819927881616024e-01
-4.896298311458214814e-01
3.939634608748052713e-01
7.517032806574812653e-01
3.514289476562604819e-01
3.113258290256486205e-02
-4.222868480121393930e-01
6.898190443420839646e-01
-4.800627653398886197e-01
8.128507120738571734e-01
2.287119618121025155e-01
-5.568114651302760176e-01
3.702030722307406152e-02
-4.149659264519376389e-01
-6.944453216720455346e-01
-7.928689497825622823e-01
-3.583163108258053398e-01
-4.826622415934800348e-02
9.260747776286065713e-02
5.949508642240660672e-01
-1.046702720554022470e-01
-1.117907189427498615e-01
5.937216954187485296e-01
-3.099663663461638130e-01
-7.016075652251572981e-02
5.480534441336504248e-02
-5.874032948573818524e-01
-7.253954777269072673e-01
-1.835878195605824825e-01
-1.424331771318796958e-01
-8.683414125466749622e-01
-1.332023747219990562e-01
-3.657588344040074713e-01
-4.470171491472978986e-01
-4.683365762011338362e-01
-7.719770346517292881e-01
4.655455156757263846e-01
6.681155231308951725e-01
8.561292911209862355e-01
8.494919395797100314e-01
-5.612985219168776796e-01
-6.012469711344301526e-01
8.930795609283012082e-01
-1.286180140774658039e-02
-3.242359863707420242e-01
7.691076155114501267e-02
2.478293433237992172e-01
9.650190079570735158e-01
3.686012202895112139e-02
9.465088119125047994e-01
6.494659039362260522e-01
9.264098455232901985e-01
9.877924976727432416e-01
2.443993433658116776e-01
-6.613613032452100859e-02
