8.172362514867688166e-01
5.737788076169447748e-01
1.000000000000000000e+00
-1.000000000000000000e+00
6.307798167211129403e-01
-3.513432661672656332e-01
-6.585270397377613882e-01
-2.508088092973226879e-01
8.337642850592774657e-01
-1.000000000000000000e+00
-3.283703450471195384e-02
-5.620427070861198082e-01
-1.267566497451083352e-01
1.000000000000000000e+00
5.828428952817736874e-01
-3.471445270905252345e-01
-4.111978839432235411e-01
4.948770121224907448e-01
1.976702970385180169e-02
-5.696032638408753401e-01
-8.766815529703033683e-01
2.455240619714077754e-01
1.000000000000000000e+00
-8.690662606197820939e-01
1.000000000000000000e+00
2.957760404592806314e-01
9.308788040921164297e-01
1.655602292321711189e-01
7.297242748560126557e-01
7.647112177680849276e-01
6.116948486029221144e-01
6.472898458723050918e-01
-1.000000000000000000e+00
1.000000000000000000e+00
1.000000000000000000e+00
-8.632534836045768767e-01
1.000000000000000000e+00
1.000000000000000000e+00
9.338615699447699869e-01
-1.000000000000000000e+00
-6.030971720295148497e-01
-6.523934260974215693e-01
6.401362248182365100e-01
-3.153656114949479061e-01
1.000000000000000000e+00
-3.995497220347586365e-01
-9.192153557422844123e-01
1.000000000000000000e+00
-7.795407208052698156e-01
1.000000000000000000e+00
1.000000000000000000e+00
8.612998541242459227e-01
-1.000000000000000000e+00
-1.000000000000000000e+00
1.000000000000000000e+00
1.773517625421732191e-01
1.000000000000000000e+00
1.000000000000000000e+00
-3.387497438610115874e-01
3.082324283735702886e-01
-1.000000000000000000e+00
-9.290690662056388938e-01
-2.983306896791655394e-01
8.564541264276991361e-01
8.861406630292500974e-01
1.000000000000000000e+00
-5.481933116874884160e-01
1.000000000000000000e+00
-1.000000000000000000e+00
1.957250093507832411e-01
-1.032577391418891821e-01
-1.146025895550806251e-01
4.030542758786390678e-01
3.059382290383377834e-01
1.000000000000000000e+00
7.929859684724789304e-01
8.926607779157279543e-01
9.826095051573413564e-01
-1.000000000000000000e+00
-5.410002905488645042e-02
8.701932162744998589e-01
-1.000000000000000000e+00
-1.000000000000000000e+00
-6.326105208800184010e-02
-4.886767792055068949e-01
1.000000000000000000e+00
-4.656781901290426573e-01
8.566267144226605845e-01
6.885823649023766757e-01
3.062516951360613193e-01
1.000000000000000000e+00
-9.290232694810123260e-01
-1.465031304104258414e-02
-9.280436464216692549e-01
1.657919049083272367e-01
2.949068755793640140e-01
-2.609725028751345155e-01
-1.000000000000000000e+00
7.469244683696368847e-01
-3.751733542402510002e-01
8.236884924206911984e-01
2.735604032001476837e-01
7.626982803682824663e-02
1.389349890216796668e-01
9.776482836228781448e-01
-1.000000000000000000e+00
-8.658058490833485665e-01
7.198926005703382147e-01
-1.000000000000000000e+00
5.752891387701346559e-01
2.297805687073639636e-02
-3.874915433310123225e-01
5.402188019671612107e-01
-1.000000000000000000e+00
-1.000000000000000000e+00
1.000000000000000000e+00
9.141917893178967969e-01
-4.711925120634863906e-01
-6.234533238381968490e-01
-6.371040122389048932e-01
-1.000000000000000000e+00
1.000000000000000000e+00
6.827340957220230377e-01
6.083672136528706087e-01
6.501600409010577231e-01
1.000000000000000000e+00
2.698175470801449372e-01
1.000000000000000000e+00
-1.207967454130987051e-04
6.628474725302881954e-01
4.041071845827617359e-01
-6.531923611236303273e-01
-7.988227490562915811e-01
-6.012749185925114759e-01
7.880619028310386076e-01
6.990350031700165445e-01
1.000000000000000000e+00
-1.939045735371552892e-02
3.758779700118453082e-02
6.535346932874953607e-01
1.479591138941046269e-01
9.018463211737086649e-01
-3.826600189344878111e-01
-1.322312887454602237e-01
8.244384072656807394e-02
2.450703840125358912e-01
-5.825066945122271411e-01
-7.760892418429368167e-01
3.065616418569958035e-01
-6.324034059028618704e-02
3.538850660149839289e-01
-1.000000000000000000e+00
-5.669130665494528376e-01
-1.000000000000000000e+00
1.000000000000000000e+00
-1.000000000000000000e+00
2.269626006388799633e-01
-6.724158141198153249e-01
-6.166224272042930554e-01
-1.000000000000000000e+00
-1.000000000000000000e+00
8.875609766490090147e-01
1.000000000000000000e+00
4.429105165807338818e-01
5.319802357271656845e-01
1.952958997508279504e-01
2.579583149351307725e-01
-8.479860742733038581e-01
-1.322837212106455773e-01
-2.106018970633930509e-01
7.856282270769004983e-01
1.755052954614084171e-01
8.683327638736373366e-01
-7.460553973332287869e-01
-1.000000000000000000e+00
-1.000000000000000000e+00
-9.684036683722552219e-01
1.860414844871658424e-01
-6.703907621063635025e-01
8.295839851779822638e-01
-1.000000000000000000e+00
1.000000000000000000e+00
3.909046103984847864e-01
3.522292355087057458e-02
9.448469845419609214e-01
-5.994794466639391528e-01
-8.359216082715995588e-01
-2.139073917315250095e-01
-7.974291910919946158e-01
-1.000000000000000000e+00
-3.314271180135497374e-01
1.000000000000000000e+00
-1.000000000000000000e+00
-9.839303924440673255e-02
-1.000000000000000000e+00
-1.000000000000000000e+00
-1.963871314578922722e-01
1.000000000000000000e+00
-4.702630072776381454e-01
-7.429002175865474511e-01
-9.591323696575446700e-01
1.506603725811834216e-01
7.509995286819183269e-01
2.318282015996433465e-01
5.730364806034857761e-01
9.451045441200185415e-01
-5.683293289947044524e-01
2.508741229793101102e-01
6.475575859676830914e-01
1.000000000000000000e+00
-1.416182470206207578e-01
-9.083323951296864429e-01
8.881361203710890218e-01
-1.000000000000000000e+00
1.000000000000000000e+00
1.000000000000000000e+00
-5.775972019783234268e-01
1.000000000000000000e+00
2.011423940838658053e-01
-6.877758389412566564e-02
-7.108576930601100408e-01
4.816549355420983725e-01
1.000000000000000000e+00
6.914924592205167198e-01
-1.000000000000000000e+00
-5.856642050617062445e-01
-4.481342029085295109e-01
-8.915096172203780256e-01
1.000000000000000000e+00
-5.125580873817525696e-01
8.538287415122819413e-01
-4.109993281481694183e-01
5.164570468827129890e-01
6.763150851385157925e-02
4.241842238801084575e-01
-1.000000000000000000e+00
-5.697051353350606195e-01
-7.893159285806986558e-01
-1.825181139395515295e-01
-1.000000000000000000e+00
3.276046758311078611e-01
-1.000000000000000000e+00
7.879323288460028385e-01
-1.000000000000000000e+00
1.000000000000000000e+00
-9.129940943200983705e-01
-1.000000000000000000e+00
-5.795343412683361395e-01
9.375920412335296827e-01
-2.375591500398405165e-01
-9.270324515965082668e-01
-4.588896493709763297e-02
5.282793031164731423e-02
6.980161337654929854e-01
5.375594123963299831e-01
-1.857118302925004905e-01
9.981367724342460335e-02
4.347823832279213985e-01
1.000000000000000000e+00
-7.915719191929384557e-01
-9.736399884762496626e-01
5.413176453730544901e-01
-1.000000000000000000e+00
-5.732197556422450324e-01
6.230536024169703868e-01
