-6.322023789617773337e-01
-5.949606046384570135e-01
2.981052667851273874e-01
5.402945915730493764e-01
-4.173792758278289106e-01
-6.993219542317482551e-01
4.502591304609978445e-02
-9.378888166657398662e-01
-5.396318376636373149e-01
8.981935469991191023e-02
-8.305419206488772188e-01
5.486085279490023892e-01
-2.777260458109807595e-01
-5.867351118579342550e-01
-1.865445451713544922e-01
2.096546143731517209e-01
1.713583395505899332e-01
-1.759932670086102324e-01
6.386596668018749146e-01
9.155122330174734202e-01
-3.218177430879761575e-02
-7.788844592469919281e-02
4.558158624045196006e-01
4.542860547823046602e-01
-6.135655943982644134e-01
-7.665390460778660764e-02
5.580025785643532021e-01
9.409986869362921835e-01
-6.502309581995537879e-01
9.781286994074521735e-01
-2.597838708204353586e-01
-5.214201887025337046e-01
9.807931997719228079e-01
-5.727160863999740670e-01
9.934472579376560919e-01
9.746846280767341719e-01
-5.983187945332424373e-01
-2.938268599754427779e-01
2.776411518311780458e-01
-5.160459117945042085e-01
-7.776485073980402563e-01
-1.000000000000000000e+00
2.669662848913835762e-01
-5.421336176787521222e-01
2.491588775654187404e-01
6.576967821090964339e-01
-6.732763916561462780e-01
-3.666959364760164486e-01
-6.040793794588695809e-01
-2.142848621667863551e-01
-4.608565900952290018e-01
-6.468167148815846534e-01
1.640784505955589501e-01
4.650439601744508211e-01
-9.997598733045393038e-01
-3.961375294490014354e-01
9.743559969388134734e-01
1.995906381566261156e-01
4.603938084797434271e-01
-4.737769407194158955e-01
7.383079486176126194e-01
-9.073960685552721062e-01
5.871251763319011996e-01
-9.991252008529158957e-01
9.410970016351556389e-01
-1.041550195103836535e-01
8.987875436106682603e-01
-2.147900034930212698e-01
-3.681232589055106752e-01
-4.268706449773242428e-01
-9.999247535780292351e-01
-2.508381381464375171e-01
-2.275823234456564592e-01
-6.437815109529861912e-01
-7.300503876839232742e-01
6.576407083868121006e-01
-9.809645478189067402e-01
6.078754215485007023e-02
5.108127303606853076e-01
-5.484197768136117590e-02
-4.793901977241592505e-01
7.459145596069027828e-01
-3.687592117103080658e-01
3.054249680658123745e-01
-4.476118399718047591e-01
9.917077509612691744e-01
9.324185823388837502e-01
-4.583290588670517751e-01
6.211219668659363063e-02
-2.934817830138685135e-01
9.038931935133530660e-01
9.914792925173907534e-01
-8.079805340053302087e-01
6.075838836032757539e-01
-5.752680461646595411e-01
4.904710297006639186e-01
-8.735750336469371158e-01
-5.969514963216151493e-01
-1.472781476090972985e-01
-6.308102027427110459e-01
4.095085970996679148e-01
-1.279152624871885413e-01
8.136049510857840117e-01
-5.743044102716432509e-01
5.072459545238905410e-01
-4.222390892974387522e-01
-9.367376702632919105e-01
8.583426187329941115e-01
-6.557702749550547994e-01
-1.937304081899819327e-03
-4.072491800230846337e-01
5.004125686681603069e-01
4.419203694952084649e-01
4.365122011263758983e-01
1.573285602181922344e-02
-7.421901350777683204e-01
-4.119368744706280450e-01
-9.942163120822214983e-01
4.875710262447193744e-01
5.878766937791717329e-01
4.030958525830829475e-01
5.362546290488428014e-01
2.715079403369451416e-01
-3.327923960171250140e-01
-6.647437577312060863e-01
-5.437891127142679970e-01
-8.880276126089965416e-01
-7.596043827174548957e-01
1.056378396527007935e-01
3.845968682143462436e-01
-6.782934038117693909e-01
2.356723729551300495e-01
9.593607197866375891e-02
3.133597792438472251e-01
-7.392107629853323925e-01
-9.977104188608493240e-01
-3.164600460798502879e-01
2.218544690604818403e-01
-4.586824281080738031e-01
-1.000000000000000000e+00
5.092983654354943379e-01
-6.819864989271857691e-01
7.587200248318758111e-02
1.000000000000000000e+00
8.717624474755989450e-01
-7.215186817721143120e-01
-5.114732859075888927e-01
3.975068290391129411e-01
6.196715663219639625e-01
3.445568143261005800e-01
1.056863869479471169e-01
-2.063133060173127226e-02
-9.215738483411935189e-02
-6.997803542475899974e-01
9.508212376740059479e-01
-4.521299670678941562e-01
-8.133476818409044462e-01
9.985360188864210729e-01
-3.989143288115912789e-01
-9.421511160057900458e-01
7.061093422726064661e-01
-9.893189715989160471e-02
9.452453005492884586e-01
-6.690699017723638065e-01
4.245702504970790270e-01
-5.160781294936945818e-01
-3.082549152104861467e-01
-7.531801439285339406e-01
1.657921544205953612e-01
9.855584188538636381e-01
-4.219950298257329480e-01
-1.000000000000000000e+00
-1.209128125399043657e-01
5.974257055299225794e-01
9.655251730919043318e-01
2.586303495288356236e-01
5.403356541711781258e-01
3.770261483506030797e-02
6.219559525168746328e-01
-3.705882662837660102e-01
-9.613627611896622405e-01
5.606004470878447887e-02
3.383529728628643096e-01
1.000000000000000000e+00
2.058491124004385719e-01
-8.802409098815963673e-02
7.510868475940131461e-02
9.762058456295521491e-01
8.483718100169319598e-01
-7.859101087231236127e-01
-3.801450740384413329e-01
8.091201763724816809e-01
-5.433617603344245151e-01
-9.125222673389284944e-01
-3.377752773687646148e-01
-5.850716360936402127e-01
-6.813771162403392534e-01
7.509248460488247012e-01
-6.556416483110761861e-01
-9.930550734900752685e-01
9.947934124892616747e-01
-9.036757524496449867e-02
-9.804687805600287298e-01
6.227940345570663894e-01
-5.837690427059042397e-01
2.500115944926232237e-01
3.569615835935285308e-01
1.000000000000000000e+00
4.347673602911483193e-01
9.966522120276877228e-01
-9.795235061222667960e-01
-9.623186281847093682e-01
-7.067309159192327606e-01
5.549875803470576130e-02
9.082536968033692037e-01
-9.628903891710682839e-01
-3.389344715104404271e-01
6.890412776227444747e-01
9.418841394000416756e-01
-8.183230615565576516e-01
5.325660122920441442e-01
-8.100666009276699109e-01
9.555676272615968303e-01
9.571004808895380300e-01
-2.028988774665173023e-01
-1.172629445582234892e-01
9.938562141548861195e-01
9.097112656094342720e-01
9.596163938183313036e-01
9.868550520132831627e-01
7.343022890919623791e-01
-2.160162038766738901e-01
9.997428009151495543e-01
1.805368973036034982e-02
1.000000000000000000e+00
-1.586426293950231603e-01
7.618321341530214230e-01
3.452651441518379549e-01
1.031486190177559326e-02
2.813842869366918187e-01
-1.520144153096659456e-01
-9.710870524601111775e-01
-5.749693439353700253e-01
9.980743598556046647e-01
-7.349639813969233160e-01
-8.667745705452372107e-01
-3.581041122930797571e-01
7.748715343092822672e-02
-1.818205765909404747e-01
-5.082958191536146586e-01
-2.330680216467159449e-01
3.915336795501098699e-01
-8.314452881238294513e-01
-9.863091029025075063e-01
-2.866197688303301905e-01
9.922876865428021942e-01
1.895092297170292428e-01
-5.994425042173161522e-01
5.145002323431635549e-01
-3.950715952267528919e-01
1.914880487009746057e-01
-9.962755635868449922e-01
3.111352585981647101e-01
9.880526234360106352e-01
-5.966594146402502963e-01
