-2.548635951656306187e-01
-4.238077041618687479e-02
-1.492402459353750488e-01
-4.736811533850747158e-01
-1.000000000000000000e+00
-2.929350867696283167e-01
-3.036241967467392944e-03
3.412173249946521825e-01
-6.075351893576474982e-01
-1.679327949254436070e-02
-1.909790897980908619e-01
1.000000000000000000e+00
-8.668033770454028897e-01
7.045443918103835856e-02
4.857191939317961893e-01
-3.336525511396664090e-01
-1.165637101808321974e-01
1.000000000000000000e+00
-4.429905003314937861e-02
-1.666648722636898672e-02
-1.000000000000000000e+00
6.237008172147087137e-01
-2.994469265838768379e-01
-2.243282733480975177e-02
2.800294667408346205e-01
5.817972893741614193e-01
-6.079472755033694664e-01
-8.978863582562648382e-01
-4.983376409872333768e-01
1.000000000000000000e+00
6.314076614290282663e-01
-4.929428058468490192e-01
3.840963348101607000e-01
-7.061543886531768122e-01
-1.000000000000000000e+00
1.226022033862016192e-01
-1.454871280835574598e-01
1.370720612929383075e-01
7.671961410132420722e-01
2.908100469937387467e-01
-2.483725310754414384e-02
-5.381008567562293177e-01
-3.432868087894160314e-01
1.000000000000000000e+00
6.336379094859478922e-02
3.189675388110474463e-02
-7.344913928300595973e-01
-2.634961859648004556e-01
-5.521116832707625433e-01
3.385368182738054399e-01
-6.392975789150121546e-01
-7.290871987202068860e-01
2.649265009033023310e-01
2.509006452808250631e-01
2.465623741630999233e-01
-3.938548444828757766e-01
-1.917046151767854423e-01
9.517443795561267850e-01
-7.341974994164432999e-01
-2.217503416523206317e-01
6.332308910308958039e-01
3.961929572022241386e-01
2.841588389830747574e-01
9.625894562454150316e-01
3.522126971410950436e-01
-4.239126857772904655e-01
3.214287837239704904e-01
-3.224509008497938312e-01
8.206847135282131500e-01
3.937537015369521609e-01
1.118265810586043241e-01
1.080476179568512218e-01
-9.062029221048134575e-01
3.282895945587174791e-02
-1.843390430876896691e-01
-2.459270992798920641e-01
6.587888905648050519e-01
3.761190566444314598e-01
-3.977726473409141095e-01
8.789040976340036782e-01
5.536037438173642133e-01
2.561868201771039244e-02
3.390969315394997685e-01
7.106992017032960351e-01
1.598941698960812396e-01
-6.784653422848136994e-01
-2.976970130893751842e-01
-2.144397914257943072e-01
3.664917592902521282e-01
7.794483701629999484e-01
-9.231761787923536966e-03
3.119534072096429300e-01
6.778659106227490350e-01
1.000000000000000000e+00
9.131127254679476390e-01
3.593809742521562045e-01
4.754278103236035391e-01
1.000000000000000000e+00
1.993233529277309013e-01
6.844479052101497540e-01
-8.061956686200250077e-02
-1.000000000000000000e+00
-5.086158247999007509e-01
7.042612984498507478e-01
2.247024060221769481e-01
-6.959239351138279961e-01
-1.447774977740351465e-02
-2.552993345410053960e-01
2.917538424878693415e-02
4.638781854309832475e-01
-2.266753425997687366e-01
-6.466888147412086507e-01
-2.332149731265406034e-01
-5.712311125547298030e-02
2.964831920948731159e-01
2.604045914629072866e-01
3.029577290474710360e-01
3.090034677253011841e-01
3.439654420173514082e-01
4.289185943954729741e-01
3.699216160137846487e-01
2.530445219578308924e-01
-4.840589148823536136e-02
3.693989129010067374e-01
-3.996135752555004528e-01
-5.001713389236622787e-02
-6.514386203124045149e-01
1.226414048355477515e-01
4.556820435602922936e-01
-4.448446779722918798e-01
-3.476512878715355415e-01
1.000000000000000000e+00
-6.248649154008201201e-01
1.777897551032562862e-01
-6.697320603747881629e-01
8.173102117653807674e-01
3.760443376003580473e-02
-3.844814490699707821e-01
-6.456867825703674901e-01
3.579903302318251934e-02
5.022108770140699258e-02
-4.033589987535260435e-01
-1.961915054551793824e-02
-5.769349147001217037e-01
-3.803419027695201793e-01
2.309740930640274970e-02
-4.265182774342017591e-02
9.706887163039013000e-02
-1.364127109379141278e-01
-4.293356588941301677e-01
5.620367099257236876e-02
-3.840089848033137465e-01
6.807462710391690708e-01
-4.647583698853867129e-01
7.065502231927289767e-01
8.492230967996003410e-02
-2.108246587621561696e-01
-3.825576397036320464e-01
5.515754701885502986e-02
-2.361291991100111787e-01
3.487287658143172764e-01
3.638130360500967386e-01
-2.032822209134072799e-01
1.206298384575421045e-01
1.150195411763664244e-01
9.921583127386648382e-01
2.887966774598000885e-01
9.621862045045513900e-01
2.296058105224361434e-01
-3.661073761178282315e-01
4.706199542246227718e-01
-2.525255289505823342e-02
-7.337978520897120438e-01
-2.149793600518790093e-02
-4.584003256616985267e-01
-4.850620848097155768e-01
-3.462590496796895678e-01
-5.067768103201069074e-01
-4.126534593137851092e-01
-2.447411443718136848e-01
4.062098996805367235e-01
7.075129969495063120e-01
1.672019307937104848e-01
-9.512138333710296045e-02
-1.390801693059937061e-01
7.991965505126676916e-01
1.384377964984062626e-02
-1.431683447767960471e-01
-1.199365720624837039e-01
-6.007069884762561429e-01
4.968516289237836503e-01
9.789671215651538638e-01
1.956080385394648458e-01
-3.451006158318933870e-01
-1.175772527259087430e-01
2.023105541655370321e-01
9.971438131413797867e-01
2.612116981745540301e-01
-7.055191565503188267e-02
2.269729832729167063e-01
6.355228885808074102e-01
-6.775730743206860307e-01
-5.072903193750204487e-01
7.568430716774854350e-02
5.530208494238219030e-01
1.507259081419320967e-02
2.478729253526530674e-01
5.384810350756374930e-02
6.982606282890759797e-01
7.043976841599631777e-01
-6.390039734531354210e-01
2.229747803075753376e-01
-1.921083147057591201e-01
6.723889108820053639e-01
-3.850049308559269634e-01
-2.617349881208784756e-01
-4.067433337622837208e-01
-5.166958743360887674e-01
-1.034122987414521355e-01
-5.070694830983176749e-01
-6.702292984867138648e-01
-1.227247839553828046e-01
3.281951187608960208e-01
5.979693006148023571e-01
-7.266056183266103030e-01
5.324823334687502907e-01
-3.692569043679124752e-01
-2.046610286163136894e-01
-2.507789362546961054e-01
1.000000000000000000e+00
-7.221408101863675544e-01
6.856820388603468430e-03
6.734253860517604995e-01
5.573318710732955150e-02
-1.804771111976490872e-01
3.592394052787015180e-01
8.020119914084629376e-02
4.178673577956805718e-01
-2.729879793163272339e-01
-2.538008145205689070e-01
-4.436455117345496357e-01
-6.177675456985993740e-01
7.494505213865876314e-01
5.336253636075958262e-01
-5.019558991190298247e-01
-4.662493319491545218e-02
-8.000011049814603759e-02
1.752072318483471336e-01
7.183576382162455420e-01
2.427207344660872734e-01
-7.025739587524334473e-01
-1.617382636466876411e-01
-3.124518226607428950e-01
2.922682110288441493e-01
3.699205209362969593e-01
-3.701177448956044502e-01
2.850689614050644916e-01
-3.857672145510944173e-01
9.645050379570916377e-01
-5.933921026560883272e-01
-1.161191232000924334e-02
4.214779625083944770e-03
-4.721157904713146891e-01
-2.964265821817831936e-01
3.302268178621607930e-01
