7.311112145109583960e-01
-1.354699833275031517e-01
1.322405798220264994e-01
2.166753301481638694e-03
3.804259912959578327e-01
-7.378142966292120519e-01
-6.597707949062610044e-01
3.714316373502701829e-01
1.286504753461469308e-01
-5.753656196354665076e-01
4.652436986312800116e-01
-9.401415227987477419e-01
-8.358401515964896111e-01
-1.411240095057193500e-01
4.290637067778694247e-01
1.610531365758673950e-01
6.301737073596280769e-01
5.771399055396642108e-01
3.195260095488887120e-01
8.921024518518706481e-01
9.884441129898588474e-02
4.886675953886591151e-01
-4.654670875090527460e-01
-2.439691193453006335e-01
1.000000000000000000e+00
2.542334683458268296e-01
6.180717209276120894e-01
-4.327653675381613052e-01
8.881193683006480821e-01
7.975022642254619987e-02
4.503471265184486594e-01
-6.532115049326996381e-01
-2.857882265307621350e-01
6.970172831550547343e-01
2.559385576924108618e-01
-2.060149402204332070e-01
3.764514459927327805e-01
-1.495689150972714099e-01
-3.384928952126963764e-01
7.865606317655138291e-01
8.742363969250994682e-01
-6.323681985546423245e-01
-3.927351530203440633e-01
3.947768655577170160e-01
-8.840202669715808703e-01
-9.633064625545246784e-01
1.323967138250078945e-01
-5.190133091339419469e-01
-5.309305758598740210e-01
6.376427610733977069e-02
2.389071548410495738e-01
-2.664547745826604253e-01
7.186012574837974398e-02
5.981364006436049596e-01
-5.510244741626220133e-01
2.519082291122713979e-01
-8.156676703250469451e-01
3.055996905593962865e-01
3.750929647848860737e-01
-7.652978278768287623e-01
-1.148666044275236386e-01
-2.646451340223358040e-01
2.851744578264323593e-01
-4.155450473230324349e-01
-3.598984790799327760e-01
-4.500049229359534553e-02
3.418684873227673116e-01
1.787877552998404229e-02
4.339960689748673106e-01
5.846320713573690542e-01
-4.514361578388748075e-02
4.971625829952118214e-01
3.650154057984638656e-01
3.890622280639723374e-01
9.920293216983688822e-01
2.237874909189407902e-01
1.286784385676282838e-01
-8.434676108933440997e-01
5.411918660194189323e-01
9.873982616254173283e-01
-4.536079053803563355e-01
5.357848149523564141e-01
-1.653233289532263228e-02
7.260009902607278409e-01
-8.732236488851993217e-01
4.483232002373808145e-01
-7.364494948992941215e-01
-7.293857948221363907e-01
-2.659493429714968604e-01
-4.730673002413007255e-01
1.584314989772699356e-01
9.340203513964613347e-01
-1.994246675233790622e-03
3.987394992716881692e-01
-5.547206230355636314e-02
2.978446010444232295e-01
-5.128938246172598525e-01
-1.833801975380217053e-03
3.914726684462900286e-01
1.886729552218894823e-01
-4.433459944760388405e-01
-8.648461599845724823e-02
2.078456400834027273e-01
5.925792752223395521e-01
8.820808279804988050e-01
-5.750999920485078132e-02
1.000000000000000000e+00
-5.959673980552702144e-01
4.934359838274515186e-01
4.314732228647910617e-01
-2.845743024043898006e-01
-2.101497478771447991e-01
-3.948376577309602453e-01
4.365725040980111826e-01
8.840042036085087318e-01
4.337227739855531450e-02
2.100972970250724603e-01
-2.933308024894309973e-01
6.229051538335614313e-02
2.086094077875718655e-01
-7.734699247282582624e-01
-9.014072976051609176e-01
1.000000000000000000e+00
6.434107225377250217e-02
-7.316418532045294576e-01
3.328456008350322293e-02
6.433843751163779157e-01
7.192368972615936773e-02
-7.280850131987198770e-01
-2.768505446761614364e-01
5.681319589289376415e-01
1.497888621969337697e-01
-5.036435364189832953e-01
-5.639923971555198534e-01
6.331423651787789764e-01
4.446354260848650597e-02
9.805465655406832015e-01
6.380074519062353677e-02
-1.732185350308550476e-01
-6.521582769264845647e-02
-4.655144708090049877e-01
1.626794312150993682e-01
-1.000000000000000000e+00
4.739057686460161900e-01
-8.978666358081965893e-01
-5.306185906111438033e-01
-2.410003432448674099e-01
-2.516227137852902751e-02
-2.106827203258059555e-01
-5.242229830670730450e-01
2.055103224500686165e-01
7.776332524615678921e-01
-1.234053182451114589e-01
-6.251736281518247562e-01
2.222025184770342887e-01
3.622892357681149478e-01
4.447108642390131816e-01
-8.554959500376041470e-02
4.279377082902771079e-01
1.797149420572636824e-01
6.536848196148223877e-01
-5.816603439497852052e-02
-3.340095485861378499e-01
-3.449351131544200477e-01
-2.872694536094917983e-01
-9.357722629472420284e-02
-4.861914815984426097e-01
9.013619601389698532e-01
-2.607854819928818735e-01
-2.812526259005466711e-01
3.491611604120802292e-01
2.233946848662962670e-01
4.509085510498689331e-02
5.622545825864269098e-01
3.438356077411020006e-02
2.812982834029690293e-01
1.274537470651042059e-01
-5.335545660521101574e-01
2.672854663055782010e-02
1.839402983732277286e-01
4.098341554358164718e-01
2.409198205998449860e-01
-1.000000000000000000e+00
5.421827797894822609e-01
6.261418346622388276e-02
-7.735529835376272478e-01
2.350469952967039755e-01
-5.821689957690826533e-01
5.875908617004815815e-02
-5.886755834465940973e-01
3.106096743637446478e-01
-1.917871465924081698e-01
-6.471826369742970098e-01
3.342286683969071248e-01
6.716734184675281494e-01
4.472073929806270609e-01
-4.922232359415182334e-01
-8.829932969868841131e-01
-1.000000000000000000e+00
5.512900926704067395e-02
-1.589540300691846264e-01
-1.807616893238475630e-01
-8.055713979899070676e-01
2.987595549316672816e-01
9.174150879996980645e-01
1.205477767437269782e-01
-4.461491043457405103e-02
3.211987718647479340e-01
2.393870209576008934e-01
-6.523522636360454263e-02
-2.285381604426112157e-01
-7.237193844266649467e-01
6.619994978545509223e-01
4.014687180817036460e-01
6.811991034667368439e-01
-1.000000000000000000e+00
-5.594858816598486939e-01
-7.857866233672308187e-01
2.458100723518121533e-01
4.399334530235075036e-01
-4.758533039505880025e-01
-6.729917697750426031e-01
-8.854366025768415360e-01
3.096928736732862397e-01
-7.466962835664437970e-01
-9.739529874016981115e-01
7.789208451714400017e-01
3.627467990888104676e-01
4.362123087437924651e-01
1.458147600089374496e-01
-1.344625340705855598e-01
4.132983782437538167e-03
4.376500286084202829e-01
-1.458865540279641326e-01
-2.730232298549981618e-01
-6.004595390353841822e-01
-3.464647091862769201e-01
-6.208086485462754878e-01
3.810161596048544097e-01
-5.848188405088041719e-01
-1.069198894948966139e-01
-1.155958978181266666e-01
-8.409464820826652032e-01
3.363371227971634347e-02
-1.037149529216011001e-01
-5.891732870612249595e-01
3.457769342111153277e-01
7.564043399406626955e-01
3.930722827550637843e-01
-4.341533629316368659e-02
4.720315408422037784e-01
-1.190192534083145404e-03
-2.434805671566069307e-01
1.000000000000000000e+00
8.773596033882378187e-01
9.238123746513503542e-01
3.270354055444748553e-01
7.456233484537440059e-01
-1.429862710492899036e-01
-1.546479136582015190e-01
-6.440569107260392112e-01
3.793894976377705786e-01
1.000000000000000000e+00
1.197518587706360993e-01
-2.723777109060689372e-01
