4.498081673587054352e-01
-5.450942219283616552e-02
-1.000000000000000000e+00
3.298239841932861793e-01
8.418281446574661375e-01
-4.381032690074119773e-01
1.539350367879420700e-01
6.008359937767171477e-01
-1.000000000000000000e+00
5.028705189176816415e-01
-1.000000000000000000e+00
-1.000000000000000000e+00
-6.118827023436259616e-01
1.192757119297700175e-01
4.290740620161637153e-01
-2.445184926544863302e-01
5.949252188210596426e-01
-5.981295652099805071e-01
1.000000000000000000e+00
7.050786492441422082e-01
-7.623567965064544927e-01
-1.000000000000000000e+00
-1.000000000000000000e+00
7.036030507202863937e-01
1.455508542420624329e-01
3.737198291527785710e-01
-6.810414503003510145e-01
9.313516436662081510e-01
-7.482480147288674832e-01
-1.656382809932223088e-01
6.998521624608986524e-01
7.462928279027507550e-01
-1.000000000000000000e+00
-8.139135350737825014e-01
1.000000000000000000e+00
-3.050179048344012767e-01
-7.014076590593316674e-01
1.000000000000000000e+00
8.704059579649379152e-01
8.333413969975469460e-01
-1.000000000000000000e+00
-3.093892654330355763e-01
8.547881300313355801e-01
3.694669691306757264e-01
1.000000000000000000e+00
4.323604728678442921e-01
-5.962102680078631423e-01
-7.904408990833535764e-01
8.094021279017821202e-01
-1.000000000000000000e+00
5.260183989649913627e-01
1.000000000000000000e+00
-2.163126543351578945e-01
-6.438391200102979717e-01
-5.054117113328793209e-02
-4.077826919390146743e-01
1.000000000000000000e+00
-1.000000000000000000e+00
-2.439136025880115355e-01
6.500037260433313424e-01
-1.997322730088545439e-01
2.300725747600798066e-01
8.457441858415815084e-01
7.933904928535233658e-01
1.000000000000000000e+00
-1.000000000000000000e+00
5.401929964837721698e-01
1.000000000000000000e+00
1.000000000000000000e+00
-1.000000000000000000e+00
-7.164346228481996981e-01
-4.717861730087040684e-01
-1.000000000000000000e+00
1.843006626044360052e-01
7.246554854043725236e-01
-1.000000000000000000e+00
5.847001093064001509e-01
-9.728442064994708982e-01
-1.000000000000000000e+00
-3.331115785683853026e-01
-7.436911556779739474e-01
-1.028012912653881172e-01
6.735597319564313734e-01
-7.121571125185741646e-01
-9.769717321877697813e-01
5.939221366656457501e-01
-4.378504322297357421e-01
7.293813420524920821e-02
-3.389919910190517527e-01
8.916690912384733769e-01
-2.189883552960518454e-01
4.497591964930713893e-01
8.614609739252414577e-01
7.454578541666151414e-01
2.705023034140701180e-02
1.528405134333776783e-03
-7.809332416375835972e-02
3.165432432227497928e-01
2.049162935973580790e-01
-1.000000000000000000e+00
6.685232468351960389e-01
-3.718025035814087609e-02
5.108436336228394659e-01
-1.460492945308657364e-01
-9.672834240507611758e-01
-5.386325924290390477e-01
-6.786622725482254204e-01
-5.216369104452032168e-01
6.100881894699680119e-01
-9.171785713493174619e-02
-3.226014733499530940e-01
-1.319464489292306864e-01
1.709011890720956717e-01
5.863887483377282495e-01
-8.590760198262687997e-01
1.452677128290308373e-01
-1.000000000000000000e+00
-7.519677876991508469e-01
8.708504119222066908e-01
2.955690219745112923e-01
2.329250712817957369e-01
-8.813168542873098810e-01
2.338320387294368086e-01
-1.000000000000000000e+00
-4.404298805703836250e-01
1.066698641605172693e-01
-9.241895997362155057e-01
-8.440471839006475907e-01
7.086871189272678784e-01
-4.444864846374120271e-01
1.019289691380042967e-01
-7.539868945572687498e-01
-8.309635502570038579e-01
1.981426100783340027e-01
-5.557507583744447643e-01
-1.505464473115931678e-01
-1.000000000000000000e+00
-9.561063161887327633e-01
-9.662974652460170066e-01
7.495570775519994067e-01
5.011074411844096410e-01
-4.565083402816704772e-01
-2.523949659027528991e-01
-5.289546652445933361e-01
1.000000000000000000e+00
-1.609900330642403399e-01
2.521762552235077282e-01
9.488399115191914479e-01
1.000000000000000000e+00
2.257776719852688796e-02
-4.116338727080652848e-01
2.318010908292685857e-01
-3.374953252442612905e-01
-3.851001418571030621e-01
-1.972832759873249797e-01
1.000000000000000000e+00
1.000000000000000000e+00
6.642984404901760564e-01
1.858421557081529896e-01
-7.116290495466914834e-01
1.821983410157792527e-01
1.462217661495839593e-01
-6.717288748999793446e-01
7.213621017110068978e-01
-1.000000000000000000e+00
-4.235600501567718945e-01
-8.095451965453631660e-01
-9.292179378794793720e-01
-1.340847079725283608e-01
5.932005136700201353e-01
1.000000000000000000e+00
4.763400723337362641e-01
4.011156587851224531e-01
7.699044431499526553e-01
-8.623278591639422785e-01
-1.736829473754303299e-02
1.000000000000000000e+00
-8.086741688317273802e-01
-6.783610346732347196e-01
-2.139768827709883636e-01
-4.028071456839111830e-01
-7.423644331304071198e-01
9.511858417085677919e-01
-8.962099434216039828e-01
-2.225523273091704612e-01
3.363638464961087871e-01
9.466379482549330815e-01
-6.964032791414979107e-01
1.000000000000000000e+00
-3.456047175474715738e-01
-2.381942942674930563e-01
-1.000000000000000000e+00
4.445796432817151755e-01
-6.247041338340377781e-01
1.992098256157824876e-01
1.825502405570429421e-01
-1.000000000000000000e+00
-9.688099526800556527e-01
-2.968098505549809363e-01
3.754751831750701707e-01
-2.400353765072458234e-01
-1.000000000000000000e+00
-2.425072750807125976e-01
2.371377106482497332e-03
-1.000000000000000000e+00
1.000000000000000000e+00
-1.000000000000000000e+00
-3.153865966221693906e-01
-1.000000000000000000e+00
4.449495848018431010e-01
1.112427736017817248e-01
-9.150353983214511988e-01
1.000000000000000000e+00
7.170714598291659803e-01
4.213068787635319834e-02
2.347435710634194483e-01
-1.020781641034053111e-01
-4.278427922029064967e-01
1.791970033871880252e-01
-7.562519567033980650e-01
-4.363416531821845412e-02
6.239902794398499708e-02
-1.072118611358530704e-01
1.000000000000000000e+00
1.455161751554298055e-01
-8.817830804252291266e-02
-1.000000000000000000e+00
6.659347370610371186e-01
5.440144216251197040e-01
9.423035509226088680e-01
1.000000000000000000e+00
-2.712536645034646643e-02
9.013680718260326241e-01
1.000000000000000000e+00
1.205005134232395858e-01
-1.000000000000000000e+00
1.671272493647288915e-01
-3.558254322640419520e-01
4.388044992252633225e-01
-9.171095115379463980e-01
-1.000000000000000000e+00
1.000000000000000000e+00
1.193214563091887781e-01
-3.229272157880213046e-01
1.000000000000000000e+00
-1.000000000000000000e+00
1.000000000000000000e+00
-8.378923915958228497e-01
-5.264797691659879320e-01
8.827969720177930579e-01
1.717818970747547747e-01
-3.038131404289244886e-01
-1.331178080282447718e-01
9.563008829865189409e-01
-5.287184204644579388e-02
-5.500856123992207136e-01
5.490039584571071440e-02
3.612629954247844610e-01
7.948852336175237232e-01
-1.000000000000000000e+00
1.667095875311185305e-01
-6.957537636197606012e-01
9.023008363561033085e-02
-5.894019860507521136e-01
8.732538628612394049e-01
