-1.187676719430222350e-01
-5.174641037603072702e-02
-9.693536224146053204e-01
8.260593380666696184e-03
-7.498597405533843907e-02
-7.376132793957720368e-01
-3.258320039549569835e-01
1.000000000000000000e+00
4.722684170165035444e-02
6.336888231326107679e-01
1.806470986528377343e-01
-6.845620877644497115e-01
9.555498893096148194e-01
-7.597471794024770464e-01
9.166979211197552324e-01
-3.706418339066547274e-01
2.559641305947637502e-01
6.874272937828540542e-02
7.026570571140642318e-01
4.346020565489106535e-01
-4.757456035691751683e-01
6.047226943041686953e-01
7.855473512451884854e-01
9.968082684410387584e-01
-9.761657369669978213e-01
-9.203697743715354429e-01
-9.322212244064449482e-01
4.550890664302807975e-01
-5.322637052273346825e-01
8.469178811580475585e-01
-8.999282418929178962e-02
9.952629529242598694e-02
9.344232184032736921e-01
6.743416185275682428e-01
3.750228201040865794e-03
-9.887659803390524971e-01
8.625160752287752697e-01
-1.823713213605539230e-01
1.332233481015421828e-01
2.916673564917405814e-01
-1.151889174459163057e-01
5.834418620742634065e-01
9.062540578112947554e-01
-9.530022138679692389e-01
-2.378774625757924532e-01
-9.890250300294154417e-01
-6.944711194961906697e-01
-9.605616773537030140e-01
-9.442299204114614763e-01
-2.689168163691886271e-01
-6.727597040956518892e-01
-1.000000000000000000e+00
-4.193763146376274231e-01
-7.622748815655862042e-01
-9.626010138190140841e-01
-1.000000000000000000e+00
7.572978668737451180e-01
-9.011072661096033443e-01
-9.938211470407813941e-01
1.350205474358952829e-01
-1.792531799731847397e-01
9.949945337309156201e-01
-9.513623026565496410e-01
-7.290662703186142624e-01
8.871188145222670164e-04
8.743113549609042856e-01
-9.765716864071188885e-01
-7.647511001287485843e-01
-4.008459881321931872e-01
6.706827222133078248e-01
-8.494562431146279735e-01
-8.656794188261593970e-01
6.057853949153104711e-01
1.909138752007963069e-01
9.139550646300419467e-01
-9.495363987537812633e-01
5.644886680953413727e-01
-1.911841030581765827e-02
9.389159043514252456e-01
4.519410672019444353e-01
-3.794640218293562350e-01
-5.529476679114779802e-01
3.779220577159490557e-01
-1.650357559497209747e-01
8.737709604949362996e-01
9.765144326728701918e-01
9.571247090913443945e-01
-1.797458760990031101e-01
9.985537852275798709e-01
7.133515260130656177e-01
-8.594317371356887669e-01
7.965256312733592914e-01
-9.144055588588069217e-01
-3.899536349152284836e-02
-9.021545635944892005e-01
-2.388266777651283090e-01
4.435787592654296674e-01
-9.403103063116260429e-01
4.424535763093766505e-01
-8.716689366757244262e-01
-8.629379211699326202e-01
8.553402971266872434e-01
8.279088359009945108e-01
-1.000000000000000000e+00
-7.889611870300098362e-01
8.129650514397076533e-01
-2.224892455549921932e-02
-7.290417977310654774e-01
6.829003284210184432e-01
9.898569651959077120e-01
-8.136294778631472657e-02
-1.527147415059847968e-01
-2.906810806110234902e-01
-1.473961074453483122e-01
9.978473288836233746e-01
-9.518455789181869964e-01
-8.104622037244050281e-01
8.847339674404213206e-01
6.398076393407947648e-01
-8.762524222769916271e-01
5.178947650565661753e-01
-3.416759613354053982e-01
-1.000000000000000000e+00
-9.385495316048824144e-01
-3.417759212996226287e-02
-8.716886977481169696e-02
3.053254936164421229e-01
7.788720987846927679e-01
-5.013591524599660953e-01
-9.894435561708487814e-01
7.620152763156489151e-01
8.827543943946859484e-01
-2.527619729249866998e-01
8.239629121146785362e-01
8.653177227631283497e-01
-9.951610713954491816e-01
9.599907740089297370e-01
-9.944593355747055607e-01
1.301646579025348138e-01
-9.970453623167354618e-01
8.581316653141701778e-01
3.716815451818126226e-01
7.450579643437795774e-01
5.296222150117970706e-01
9.619762690245903247e-01
3.708300443969941851e-01
-6.190996566791374667e-01
7.947854189684525616e-01
3.202920495249864663e-01
-9.164837840522833678e-01
-9.731899274413714496e-01
-9.909584190058388087e-01
-3.917701251063191448e-01
-9.877045201216169135e-01
5.720535902510743842e-01
7.662369302730829279e-01
-9.879449634415410353e-01
2.346708425398142395e-01
9.814337916647706272e-01
1.000000000000000000e+00
-9.306109275706164752e-01
-5.586104447718507338e-01
-7.993072099980167433e-01
-7.251726379884599893e-01
8.827353729418323525e-01
-9.174434384222153183e-01
7.765764949223710190e-01
7.713221820191390465e-01
-1.000000000000000000e+00
9.899036406625880691e-01
-9.715191827072493513e-01
-9.751915773133512655e-01
2.375287731259438928e-01
-3.557913528912475809e-01
9.845795379680111203e-01
9.859328887077349890e-01
9.118249551778025985e-01
-8.745851701738203143e-01
-9.827703908376237418e-01
4.314957656176346412e-01
9.985431186800162173e-01
-1.000000000000000000e+00
5.699183748283311868e-01
3.176223666877951435e-01
8.394609386346076896e-01
9.346278902690066115e-01
-9.238658889432589394e-01
-3.369351407576477442e-01
-3.649154537627896100e-01
1.000000000000000000e+00
-2.383371616562634521e-01
8.854932188886657229e-01
7.092653643736618330e-01
-1.182807918581301881e-01
6.294394169423794816e-01
9.924667426566037287e-01
-1.000000000000000000e+00
9.825089004424767403e-01
5.856287958527111037e-01
8.138430404160978959e-02
6.066328037731275602e-01
-9.976867120412447054e-01
9.403598865697119225e-01
-6.179602357733182671e-01
9.726323938132549474e-01
7.113955853209368296e-01
3.490082050361049681e-01
1.206853733540328051e-02
1.194177149314670366e-01
-9.426355002071695743e-01
-1.269181991103845164e-01
-2.579698358012046944e-01
-3.350515867366788553e-02
9.771807383902502142e-01
8.241073494592170423e-01
9.426781391722923731e-01
-9.961746513222351496e-01
-9.944054307824616856e-01
9.924739514200051627e-01
5.658395340306588972e-01
-6.210675385793158476e-01
-8.571035504832489327e-01
-9.270669584882463843e-01
9.675331273918257313e-01
8.683154188153923148e-01
-1.000000000000000000e+00
9.999814385403344996e-01
9.164408019498420099e-01
2.219617347490935866e-01
1.688316507250229859e-01
1.682314420071843730e-01
-9.782761166161945132e-01
6.774114367083514665e-01
5.634232119829398755e-01
8.265520065438470843e-01
2.556050860767358768e-01
-9.781316580713952380e-01
7.511759238905324487e-01
6.236313308468308669e-01
4.601816082169660205e-01
-5.005468893082980486e-01
4.246678481593442189e-01
9.748237917543343123e-01
1.000000000000000000e+00
-2.863631407384790162e-01
6.972063059243724936e-01
-7.264084734455283909e-01
9.999036087473939238e-01
6.930175469239792108e-01
4.660230808967890104e-01
8.319596845863972412e-01
4.517344782120605307e-02
-9.308937905961038872e-01
-8.216440519379609730e-01
8.691025604908995117e-01
-9.955396469502212353e-01
2.933324237349395347e-02
1.000000000000000000e+00
-7.995474487115069584e-01
-9.765854491718591879e-01
1.121878273109791664e-02
8.573768419021325915e-01
9.763055451867600487e-01
9.778217603688397208e-01
3.272714204652581449e-01
