1.115521369326377965e-01
5.315749806046309311e-01
-4.399412795113922248e-01
-5.482604140261876369e-02
-5.462445772707685832e-02
-1.246366976931727738e-01
-7.736911502205934266e-01
-8.370189519201196582e-01
2.732984124238350687e-01
4.100572120141379728e-02
2.815305645446259386e-01
2.624589995602681913e-01
4.896061550217989389e-01
1.314618547920426428e-01
3.154106309519311147e-01
2.632775177290056293e-02
1.000000000000000000e+00
4.743422179435395902e-01
2.046310794655694099e-01
6.106736229394288396e-01
-8.726207885043035795e-02
-2.690139658749327589e-01
-4.419325471244307524e-01
-4.219609117705198087e-01
-4.289084832170218797e-02
-2.502408066188043234e-01
2.391440968672239042e-01
-1.006311205098944783e-01
-7.801046600930606756e-01
-4.268592158835392558e-01
7.423514190727672490e-01
8.838265047219301396e-01
-2.582072157316479544e-01
5.201400794788979542e-01
-1.806504755579725341e-01
-5.004760798035016167e-01
2.467758151473096462e-01
-9.077163079797816447e-01
-4.463806144530059195e-01
-1.573481358010608844e-01
-3.458087470018897935e-01
-5.863593431615408136e-01
5.392263713695149008e-01
3.081460621002535261e-02
9.310057494787984944e-02
4.334608628832097854e-01
3.171805381169209848e-01
-9.829776391573730177e-03
-5.105636229555469974e-02
-4.925657872804378723e-02
-8.223803629873872589e-01
-3.510522425551028114e-01
-8.197961638730467682e-01
3.561414702919155628e-01
-9.390309683108460925e-02
5.949555438395794926e-01
7.292448928748076487e-01
7.290326995770649576e-01
-1.831412061116147738e-01
6.656792971318926666e-01
-4.108398939144877748e-01
5.937862289711148822e-01
-7.154576251996767056e-01
-6.730541794656177412e-01
3.560376904780994667e-01
7.088882947138681612e-01
-6.351809025690730026e-02
-6.535515631278913107e-01
8.363752760775786110e-02
-4.344391165424710266e-02
-4.333612569227766054e-01
-5.417009772892303898e-01
2.143464668243250104e-02
-2.908062997504021197e-01
-3.379817534517530475e-02
6.418328876248129422e-01
-5.300773685138612246e-01
-3.359459861521308932e-01
9.184255624304701326e-01
5.643443765437745618e-01
2.225032098569992844e-01
1.244745170001753248e-01
-9.066032304310724932e-01
-1.438719160853880463e-01
-7.397202238074327418e-01
7.225310137217275663e-01
4.052842194878278903e-01
-1.642313571049621723e-01
1.423914040386739521e-01
-8.290003640933880646e-01
1.115819141551183391e-01
2.621801209803450994e-01
4.876538585500439504e-02
4.522896016358617377e-01
6.688113842277112475e-01
-1.873137006059203136e-01
-1.759948231851875960e-02
-4.943339527175206749e-01
5.526442176444265053e-01
4.062498974264671658e-01
-9.992694311694200193e-02
2.650825340904017224e-02
-4.102732865392293982e-01
-2.864313287833278321e-01
4.314614394346892867e-01
1.925317293495453219e-01
5.747297992633726427e-02
5.227994624972213122e-01
4.303030608764879528e-01
-2.791265524852619140e-01
9.046823630875087952e-02
-3.808486480226271897e-01
-7.353139129488617254e-01
6.083620154955534653e-01
5.772150064723917673e-01
2.305672515984676374e-01
-6.553647681041490092e-01
-3.539191901663354400e-01
-5.383887985741176996e-01
9.121427011594608614e-02
6.868269475180532879e-02
-4.132010340020129124e-01
2.232333870129741271e-01
-3.621844482601778159e-01
-2.254695896944741706e-03
4.452878185721179105e-02
8.510279140136534082e-02
9.247363870760317850e-01
-3.886050865669617993e-01
-7.018490836618488382e-01
4.668618156964365884e-02
-5.603861214638183874e-01
-4.533700868982204479e-01
-1.752611550578892230e-01
4.098929148034269332e-01
-3.400278998842632960e-01
4.899150661582249988e-01
3.982103616396317491e-01
-4.463834091431618800e-01
1.025821348523202059e-01
2.629377433849010293e-02
6.829033280473405521e-01
-3.477883810332855763e-01
-2.556689117318053373e-02
-1.945240111406325578e-01
-4.778196081246364746e-01
5.407665992026314816e-01
-4.778629485222607443e-02
-1.497697533214433219e-01
1.379571182999307088e-01
-3.119942609934457933e-01
4.418166334565136744e-01
1.128898046099002517e-01
3.256887901285487885e-01
-4.589792796210727666e-01
-8.413019420025893425e-01
-2.594362721563017726e-01
2.549140507955749424e-01
-7.154537622390271245e-01
-7.097277859009877288e-01
8.668498554468372086e-02
-1.819127270688800091e-01
1.329021820520022157e-01
-3.394974558342513937e-01
4.486969026024694718e-01
-1.026580157396697196e-01
-2.615484713535474182e-01
-1.422556104746398598e-01
-3.364017484322467944e-01
4.208931945274538844e-01
3.400056046238730811e-01
-4.760854158616011356e-01
-8.304200095708798024e-01
2.240415392347211987e-01
3.901012998749677774e-01
6.906177807691153969e-01
9.373558041822156461e-01
8.948705865263414938e-02
-6.552662567596626575e-01
-8.896104752062013177e-02
1.679121646013656266e-01
-1.954624508359054103e-01
-1.867941197754361404e-01
-4.055135578443648248e-01
3.635203237979569568e-01
-7.580553314648642571e-01
-2.779705391477619303e-01
-3.985738665778163492e-01
4.667795529082591210e-02
-4.428515273747664072e-01
9.105112608898918714e-01
1.000000000000000000e+00
6.042261123850461990e-02
-4.757986782247357604e-01
4.598387132732827953e-01
3.293435010477142044e-01
4.241482023678876945e-01
-6.380385041032671234e-02
-5.466049064947102742e-01
-5.794622793691747153e-01
-3.853879554316590461e-01
4.212098237620726104e-03
8.589442008236322090e-01
1.175684006946751091e-02
5.613131166373411252e-02
-1.000000000000000000e+00
-6.633173542576948911e-01
-8.289345532162601948e-01
-1.961854338328829217e-03
2.008865061485768932e-01
1.647989851834461006e-02
-2.502819893689527952e-01
1.575926482000337692e-01
6.302742379575142495e-01
-2.926307088198424333e-01
1.159398388248898126e-01
-5.099549141608495928e-01
-6.493270123709471431e-01
-7.740951348526704523e-01
4.014002273953222732e-01
-6.397242361657103915e-01
-2.267125012956199837e-01
3.349043204995312550e-02
-9.173378972155724065e-02
6.322127548980641665e-01
-6.927646799940887501e-01
2.983768811546333999e-01
1.828673469344760383e-01
1.327779302670450412e-01
4.021346793853846635e-01
-3.314964072173171017e-01
-4.974894288709238444e-01
-6.358095824299009324e-01
-1.015258038838127708e-01
3.546321072890972620e-02
-4.128173044623646981e-01
-4.288505931050469178e-01
3.523964343821303080e-01
6.935000405672564483e-02
-1.255553327991844326e-01
-2.632776311136457159e-01
2.437983036092798705e-02
6.721744388554645733e-01
9.607125311779982635e-01
-2.961562348538773412e-02
-8.177468370833206324e-01
-4.479331864022541576e-01
-2.256921908734959292e-01
8.812358510000748435e-01
4.325706168054713197e-02
-9.082273383828967650e-02
4.004074922463220498e-01
-3.409048780021829428e-01
-1.154865473583051028e-01
-4.804622175106785242e-01
-4.020025916493509266e-01
5.142508937876528741e-01
7.347565694347835130e-02
8.099846075188520123e-02
-1.435847141190682574e-01
1.000000000000000000e+00
-7.293162435362749996e-01
5.145013077453330919e-01
-2.927433461182893382e-01
-4.457777161016103218e-01
