4.849210548876276561e-01
2.146049953565798141e-01
-3.445308671886144203e-01
9.010550170914702894e-01
-8.094418300759056439e-01
7.337323916799413093e-01
8.436391851324187563e-02
-6.418453354939920863e-02
-5.128703116550925589e-01
-3.300781981741152116e-02
1.157139288717085046e-01
-9.335393458457580396e-01
-4.230460551226521426e-01
5.764108249941424233e-01
-2.492898942305135090e-01
1.895332329691974960e-01
4.944227012393197507e-01
-5.913061844062252881e-01
-3.735484383278042109e-01
-2.218491924333086118e-01
-6.574924445091068215e-02
7.666422003735675617e-01
1.683633760323302586e-01
-2.065292011612449574e-01
-2.164336319046833157e-01
2.191513778511178234e-03
-1.587153239672886018e-01
2.059558178637049819e-01
4.998733444202007464e-02
5.489599052890470343e-01
7.616978773652710588e-02
-1.448785521012885269e-01
-2.208876469461052428e-01
-1.612564761399606361e-01
9.015845248792819788e-01
2.737081389031953971e-01
-3.146766011053087064e-02
-5.358290138984842521e-01
-1.735688272785961550e-01
3.073757722587426300e-01
2.978351261920313409e-01
-1.241307399815740897e-01
-2.031604598419674279e-01
-9.328966019972179113e-02
6.589325733252555661e-01
-1.065210056312503317e-01
-1.264199337037437421e-01
4.095042093990832188e-01
-5.159459729715192289e-01
2.975038728923481424e-01
-2.349684469269121556e-01
6.264618019592522735e-01
-6.009611010578929102e-01
-5.540899590039458644e-01
2.215601706481149236e-01
4.791751819259398859e-02
3.729579950822710099e-01
-5.664640140620396114e-01
3.952110956877938341e-01
-5.307586687894565447e-01
2.941338125185030683e-01
-8.830419138399019374e-01
-3.050560482875961377e-01
5.219774944807004102e-02
5.157321616930402586e-01
1.000000000000000000e+00
-1.000000000000000000e+00
5.444972117217662388e-01
6.960113150558687733e-01
1.117109441193527980e-01
-4.620381583582946483e-01
-1.165817424227438837e-01
4.075701527695419629e-02
-6.856710252344999645e-02
-2.596840337971732526e-01
-1.976049179079630846e-01
7.969449288895735783e-01
-4.816157547309729559e-01
-3.930330900717059484e-01
9.008142994493244932e-04
-4.057794469855789954e-01
6.441614718207320234e-01
-2.627863515698042329e-01
6.520608217255753347e-01
-9.133016808055742508e-02
-7.621102783304503081e-01
-5.862676130146532438e-01
4.326515094769646241e-01
2.654548269317931197e-01
2.922975357208115188e-01
-5.941451102104544635e-01
3.664231248191762158e-01
9.292366254971484718e-02
-1.588368903424905443e-01
-8.353311827486558094e-01
9.981998881166259663e-02
-1.818899691623803994e-01
6.861584959809652329e-03
-6.637680081424846001e-01
4.169978409966609290e-01
3.668858351834785592e-01
5.124659819496346636e-02
-3.173281179217584125e-01
-3.673496171279264089e-01
-2.960444603142181053e-01
-5.392401519550085731e-02
-1.774712124775171818e-01
-5.489535961028826350e-01
-4.363168586355342660e-01
-5.422178423815185999e-01
-5.608031800623412000e-01
-4.178405152629730557e-01
7.589048495943218064e-01
2.867726145117457381e-01
-2.456185407463069015e-01
-5.976231980821213874e-01
1.584068381351622368e-01
-5.364667370694037318e-01
-9.945880386686779817e-02
-2.852133423644628296e-01
-3.521449926005293385e-01
-3.451794306656263966e-03
1.972921882969830565e-01
3.813217087018735407e-01
-5.717120302206739613e-01
-4.271349824289785713e-02
-9.583957319956570853e-02
5.930770804575989930e-01
2.377957348420594030e-01
-5.151526385334389557e-01
7.006364542268295192e-02
2.841352469453037322e-02
-3.517955533095115106e-01
5.783617442068821335e-01
-3.264196156866352450e-01
2.752559736614776931e-01
3.163852289653732441e-01
-1.089692848722431801e-01
-4.895978682886207300e-01
3.566945506052426884e-01
-7.766380533589500867e-01
4.318648078584416128e-01
-5.371676805704694857e-02
-4.617597177629965688e-01
1.152462420420110462e-01
-7.463221825186627800e-02
-2.745487413095071272e-01
-3.482953038031153525e-01
-1.753057219402560374e-01
-6.141989761305368667e-01
5.107209886323619275e-01
3.610988269300355324e-01
-6.024112866553142931e-01
1.783527830973219430e-01
-5.720432867376651354e-01
3.407441165436794206e-01
8.154506779093025903e-01
-5.622586153425429556e-01
-3.766761480389078931e-02
-4.583638680613935090e-01
-9.476473158225362514e-01
1.000000000000000000e+00
-3.195141400302923262e-01
-1.005593245505859712e-01
-2.000489534480934251e-01
-5.061762130509737112e-01
3.057557858529304506e-01
1.137794861325575058e-02
-4.487622723370677247e-01
-1.831684478459361110e-02
2.666810166457752596e-01
-2.722824126548092916e-01
2.271245697880431846e-01
6.128503766986073131e-01
-6.240559146643137600e-02
-6.333677619215216659e-01
-4.082374741327046697e-01
-2.897516580439457590e-01
-4.653544167300763257e-02
-9.093893046471956954e-02
-3.369984809254054636e-01
-6.143272226725948748e-02
-1.882693963998006148e-01
6.397559039973822470e-01
7.177034628385839388e-02
-2.589291413829160615e-01
4.236028708234694795e-01
-4.746365118091846469e-01
-4.510014838793489633e-01
1.000000000000000000e+00
1.140672915829368528e-01
-2.813493138250404146e-01
3.612314026711422321e-01
5.057832844959639917e-01
1.522744102222831630e-01
-6.264422411429082516e-01
8.533012042144907938e-02
-5.155443916903946766e-01
-1.000000000000000000e+00
7.834730210640072912e-01
-3.642295143597530926e-01
2.425518941564690223e-01
-5.497415953023547797e-01
1.641608238648553930e-01
-3.816150122661686184e-01
-1.010263051815032398e-01
-1.900443600327449967e-01
5.511250421046220982e-01
-9.277669063508886538e-01
-5.440939021543733656e-01
2.326292244864352488e-01
3.891336850001363423e-01
-2.583145582373238547e-01
-2.212657866842850096e-01
-2.242247300299138324e-01
-1.344287563114056061e-01
3.848678073123946719e-01
-6.160924716860141093e-01
-3.970497388586478049e-01
-8.248344741993682838e-01
-7.369434379774989496e-01
1.000492126442432683e-01
4.623599390229837236e-01
5.818726895663317578e-03
-5.223548555527832704e-01
4.346810128277721619e-01
-1.698646852032747456e-01
4.213996727099955097e-01
5.600859704829574959e-02
4.502399369502183557e-01
2.399826983457840623e-01
2.661414145747883486e-01
-1.063281465069376708e-02
1.263230015661662708e-01
-9.535034060446816451e-01
1.565764533573111295e-01
2.213042302978283637e-01
2.964513619525444010e-01
2.807642256709387274e-01
1.426734641949180538e-01
-3.395887520656585279e-01
3.510206129753349336e-01
-8.582745133445895958e-02
7.516810690840470821e-01
4.462458795826407254e-01
2.368418465037536169e-02
-3.396153299210410981e-02
-9.204528015437471455e-02
5.905467338224743568e-01
-9.734870574253640108e-02
4.512554257012530434e-01
-1.059954740553790131e-01
3.859878046888454706e-01
2.129883067069487379e-01
9.326134413039982585e-02
5.105805691000099289e-01
-1.201183026630793793e-01
4.602401203361401738e-02
5.805758442546461451e-01
-4.829584280519779727e-01
-3.923229609407415108e-02
3.073142863633789301e-01
-1.821204978956330878e-01
7.337017829411733860e-01
9.586502068715715419e-01
