6.732930024459742313e-01
-5.075993624338674959e-01
1.000000000000000000e+00
-1.000000000000000000e+00
3.876773047791551297e-01
-7.291567971995327468e-01
-5.667289294512576348e-01
2.772307187162129649e-01
7.876699164496147043e-01
-2.347774464824715634e-01
4.054861742867800212e-01
-1.000000000000000000e+00
-8.849815753830229115e-01
1.000000000000000000e+00
1.000000000000000000e+00
1.272604791579211025e-01
-4.380547264610163416e-01
-4.887588434580715790e-01
-9.194419860861096083e-01
9.511282297396022045e-01
9.669357069854607190e-01
-5.145235484717634034e-01
4.615097307658994064e-01
4.982830958523514209e-01
7.956838095774057540e-02
1.000000000000000000e+00
-5.818114748794633861e-01
-1.000000000000000000e+00
6.690399379697518079e-01
3.190993991024505538e-01
-9.653342546771503940e-01
-7.727843818744333237e-01
-4.813578411488687037e-01
-1.000000000000000000e+00
-5.869370433730194403e-01
5.122439660225686087e-01
-3.223916245015759352e-01
-6.212636872672572252e-01
-5.951156669457588477e-02
4.532065595007417347e-01
1.000000000000000000e+00
8.180491079863847492e-01
-1.000000000000000000e+00
-9.250170155156451912e-01
-4.059874579833443464e-01
1.000000000000000000e+00
2.885079846630196343e-01
-7.479882497181684631e-01
-8.237401321693033074e-02
-9.498663773758163620e-01
1.000000000000000000e+00
-3.803578663909481516e-01
-1.441857357305614817e-02
-2.594893755278987468e-02
7.301624491899415537e-01
2.788493969921563842e-01
1.004448754893075835e-01
-4.002652239638313514e-01
-4.947328539715321605e-01
-9.325176888793169638e-01
3.801720523348066649e-01
-1.000000000000000000e+00
-2.498158695055449630e-01
-2.136469953212878636e-03
-5.319408849830186137e-01
4.890355106019424469e-01
3.766697207442447626e-01
7.826753059398103285e-02
2.824480873529652825e-01
-1.000000000000000000e+00
-1.000000000000000000e+00
5.432962568884940335e-01
1.000000000000000000e+00
-4.465396609590875920e-01
-1.000000000000000000e+00
-1.000000000000000000e+00
-4.942257419550858399e-01
-3.612302279304577257e-01
-1.000000000000000000e+00
-1.532812525001346626e-01
1.000000000000000000e+00
7.367115889507669380e-03
3.376517745264027148e-01
9.897658024464166537e-01
-1.000000000000000000e+00
-2.968110371132819392e-01
-6.431765082934519651e-01
3.197778986908428323e-01
5.894547800780841618e-02
-5.985875222406766838e-01
-1.000000000000000000e+00
-1.000000000000000000e+00
5.706167526157729375e-01
-1.000000000000000000e+00
-3.006510279772898198e-01
1.000000000000000000e+00
1.000000000000000000e+00
-1.000000000000000000e+00
-2.316589295547122618e-01
8.976978617605346766e-01
-1.000000000000000000e+00
-4.641105996446921456e-01
-7.671380602846405994e-02
1.000000000000000000e+00
5.687655259444376332e-01
-5.340032035370901875e-01
4.904917452961152780e-01
4.055287708248553891e-01
1.758548063514567827e-01
1.000000000000000000e+00
-6.913477912576131423e-01
7.963068572512687071e-01
2.959537712946713195e-01
1.000000000000000000e+00
4.062374391597516343e-01
5.176857627048345734e-01
7.743376051834087725e-01
-2.842579233943456352e-01
1.923024669120781960e-01
-1.000000000000000000e+00
9.342810611716749758e-01
-3.671922804860570100e-01
1.291203707903099129e-01
1.000000000000000000e+00
-4.988448960987183489e-01
2.433076419135370705e-01
3.665367375837741415e-01
1.000000000000000000e+00
8.704966547522894338e-01
-1.000000000000000000e+00
8.190456749275347725e-01
-5.038511346455285533e-01
2.115142076765279266e-01
1.000000000000000000e+00
-3.744211535928522738e-01
1.105473356484034664e-01
3.767727882231338143e-01
5.622141779397347161e-01
-4.562123253613186713e-01
2.690660974166976804e-01
7.289962164632377561e-01
-6.143332284717700764e-02
1.719505550102712887e-01
3.846992535059137186e-01
-4.360360876025291543e-01
-7.305435822430914605e-01
3.177158339583244784e-01
-9.493035753721509318e-01
-3.211551713986030010e-02
-7.943994129110512059e-01
1.577303603226175299e-01
8.228899985960311803e-01
5.631570023308402062e-01
-1.673954060575488234e-01
-2.356658676808756347e-01
-1.519879229543739940e-02
-6.835197648066799747e-01
-1.290344484684451953e-01
1.000000000000000000e+00
-9.013644443104386061e-01
1.320195447682246392e-01
-2.001829604212785885e-01
5.543119614469671497e-01
-1.000000000000000000e+00
8.629471312348052647e-02
7.914109649852408834e-01
1.000000000000000000e+00
-9.727976921323773229e-01
-2.121002026092194126e-01
-1.000000000000000000e+00
-8.990426449550172894e-01
5.516269209261226436e-01
1.000000000000000000e+00
-1.000000000000000000e+00
8.206870066198163061e-02
-1.000000000000000000e+00
2.551349887350294887e-01
8.981059390638697071e-01
-8.804306335571931985e-01
-1.917006613031951301e-01
-3.158289116005706665e-03
1.000000000000000000e+00
-1.001005037638280359e-01
-1.153079706064312482e-01
-1.000000000000000000e+00
1.000000000000000000e+00
9.740306166869749926e-01
1.000000000000000000e+00
5.984008066884030086e-01
1.988916605348782229e-01
-7.940313861132584083e-01
3.313844991430897613e-01
-8.660727527235233536e-01
-4.727056451098140544e-01
-4.558299586615022214e-01
1.000000000000000000e+00
-1.000000000000000000e+00
-7.706869191232280647e-01
4.291656882632771675e-02
1.310506283242918735e-01
7.215129204795800444e-01
-2.926949093948991720e-01
-7.916022433025671212e-01
2.480862570697682790e-01
4.408021656939407062e-01
3.582237069382722683e-01
2.492369522618297362e-01
3.087961580548469198e-02
-4.252260631280306846e-01
-8.883885014776732314e-01
-8.237779027918461505e-01
-5.546863037633000815e-01
5.836641411147670544e-01
6.399001834426909507e-01
-4.452938674322384216e-01
-9.319918770489991067e-01
-5.793185471517628971e-01
1.069443445880209065e-01
-1.000000000000000000e+00
1.000000000000000000e+00
4.848422408514302395e-01
-4.687838851024934694e-01
-1.000000000000000000e+00
5.629832260134195465e-01
1.000000000000000000e+00
1.391716093205292992e-01
2.436951216048435231e-01
6.415129775847516758e-01
3.191068791239250468e-01
-7.162550922156182276e-01
8.042384791664953791e-01
7.515768456606508607e-02
5.499570115301056772e-01
-7.163562825707529003e-01
-3.760073128159788225e-01
-1.408780093802391997e-02
6.094074959332529406e-02
8.752629538670764209e-01
-4.185857069892877647e-01
-9.457965699262330106e-02
1.000000000000000000e+00
-1.000000000000000000e+00
-6.464444539376026366e-01
4.200637744906055362e-03
1.226047499484659575e-01
-1.000000000000000000e+00
-1.000000000000000000e+00
8.585371943444624065e-01
9.907963103401382643e-01
-1.000000000000000000e+00
-1.000000000000000000e+00
9.120753421647348480e-02
-4.683085458260227707e-01
-1.598701461269099733e-01
1.000000000000000000e+00
-7.530213612637858267e-01
-1.000000000000000000e+00
-4.401427967289437415e-01
6.923653941422057700e-01
1.000000000000000000e+00
-2.180748586831782188e-01
-4.783078016080390960e-01
1.000000000000000000e+00
-1.000000000000000000e+00
-5.855123509792925507e-01
