-8.099912683195565899e-01
-1.000000000000000000e+00
4.504386124412479431e-01
1.181296122450518349e-01
-2.980839462259166073e-02
1.956678792146363810e-01
1.000000000000000000e+00
-2.862856658457675341e-01
1.497997040870724383e-01
3.283761976128130589e-01
-5.774956301609004972e-02
-7.013244422645081855e-02
1.000000000000000000e+00
-9.643616311200586821e-01
2.907347847591814638e-01
-1.000000000000000000e+00
4.738763770041393153e-01
7.521745526439040930e-01
-1.407402597594810123e-01
-6.659780321339583975e-02
6.488998324568255871e-01
1.000000000000000000e+00
6.813161146582477068e-01
-3.732435309788852962e-01
3.840277395374609992e-01
8.405795924040386502e-02
3.811012237682401271e-02
-8.411111522130340079e-01
-8.315342756625399012e-01
1.000000000000000000e+00
6.035270962135079742e-01
2.337528987580930750e-01
6.470043397924662987e-01
5.548247085354897079e-01
1.000000000000000000e+00
4.661156910032172029e-01
1.000000000000000000e+00
1.000000000000000000e+00
-6.254114202921343679e-01
-6.503260713007926741e-01
5.688472718022336005e-01
-1.000000000000000000e+00
2.583879203433994687e-01
-4.860617659953901382e-01
-8.065771593533925810e-01
2.333300190066461000e-01
4.114094356967075150e-01
9.198716588733786281e-01
4.263642335256379035e-01
-7.458444053929214057e-01
-3.993252235392807381e-01
-5.815573777291924706e-01
-7.437330838038672676e-01
-6.680365430186964160e-01
6.962167187956933567e-01
-1.000000000000000000e+00
-1.000000000000000000e+00
-9.443918624048636135e-01
-2.550281906075210769e-02
-3.887194775169695582e-01
1.000000000000000000e+00
6.824820297598354069e-01
-1.971782368098520255e-01
-7.996350975941129979e-02
1.000000000000000000e+00
2.056251600745894748e-01
4.157690755050194586e-01
-5.621741702072520219e-01
-1.000000000000000000e+00
-1.853435072132966766e-03
-5.855959658697425241e-02
-1.000000000000000000e+00
1.990331273424066350e-01
-3.498888819530442396e-01
-9.016942930705250658e-01
3.186748434669366137e-03
3.434365245179846204e-01
9.892952508432619751e-01
-1.000000000000000000e+00
2.457072940776545700e-01
-6.545136300168934440e-01
1.279999299207711938e-01
9.598898204280470470e-02
7.175515949491284573e-02
-8.412857659147712219e-01
-7.347107369366683294e-01
6.924224571546542251e-01
4.683046809870337057e-01
1.436090262228906234e-02
8.602431205646274837e-01
1.000000000000000000e+00
-4.324207421670779317e-01
-8.296283619545729016e-01
2.168172078098864475e-01
4.462970356021424001e-01
-8.223546688073314348e-01
1.000000000000000000e+00
-6.776915624124595361e-01
-8.474850610669917295e-01
7.825556545948791909e-02
4.490593459957122335e-01
6.532654046695538508e-01
7.314011289702564422e-01
-9.825785226148596729e-01
-1.000000000000000000e+00
1.459910918654104550e-01
4.658549189718189099e-01
1.000000000000000000e+00
1.992698625268199963e-01
2.615086886588621762e-02
-1.914115912048636459e-01
-1.811541294808066971e-01
-4.034829186427116854e-01
-2.123858638226510109e-01
-1.000000000000000000e+00
-1.018276459117474081e-01
-8.046346267189438128e-01
-3.314176552309341384e-01
3.947240361793438734e-01
7.439197613521509878e-01
2.026361301357287870e-01
-2.114526483829539116e-01
-1.000000000000000000e+00
2.551049066473458082e-01
-5.029154568927491908e-01
-8.869946588440132951e-01
-3.976785862169202046e-01
-1.000000000000000000e+00
-5.173904614954208947e-01
2.372102630102322085e-01
-2.420061603525671401e-01
-4.418020924099750335e-01
7.663988127362287850e-01
-4.569034809576759670e-01
-1.000000000000000000e+00
-2.501857226718207650e-01
3.434320904681821274e-01
-5.450014168511312374e-01
2.646521988946560211e-01
4.262500350017212059e-01
-9.339161906425814674e-01
3.436951975427293693e-02
3.634770407440154893e-02
7.035125960328760808e-01
-1.731462157356820630e-01
-1.000000000000000000e+00
2.082053264376069746e-01
-9.439767880926133170e-01
1.700229904575807360e-01
-2.770159910910364731e-01
-6.420638033880482487e-01
-2.945772771727364625e-01
-5.358951789617180661e-02
1.437036490393523991e-01
-3.609791015580893214e-01
-5.632809437094780103e-01
-8.005105551852059742e-02
-7.639070541156632865e-01
1.000000000000000000e+00
3.944800976445414498e-01
-5.327830763291483418e-01
7.058038823077263935e-01
9.261785909513116088e-01
4.010046771211211308e-02
3.692250099244326345e-01
4.314222473303530592e-01
2.829615508136313351e-01
-3.833973032172117712e-01
8.199201591445126613e-01
-7.451118645189920286e-01
2.078794101443873776e-01
9.080813322010860000e-01
9.553448017039825046e-01
-9.072374644487023465e-01
-1.000000000000000000e+00
9.094293941726955266e-02
-8.899937561492055060e-01
3.401387347158429386e-01
-9.629625597769410350e-02
3.642476696044710804e-02
9.572358459124183927e-01
4.977978688263507978e-01
-4.097177383664450945e-01
1.543046249475205078e-02
4.963346990646617107e-01
-6.503261730830860454e-01
6.154577618594521127e-01
-1.000000000000000000e+00
-3.912407441087484283e-01
4.814423514266764625e-01
-1.273576402593018519e-01
-2.149430377366733924e-01
-1.960453685605409169e-01
-9.555604627044602672e-01
-1.396880386055431578e-01
5.903396568890572071e-01
1.000000000000000000e+00
9.257708291192492389e-01
-7.957527130076240685e-01
-4.653206542745674801e-01
3.310148902582628061e-01
1.000000000000000000e+00
2.103614875920611360e-01
2.874772085181533932e-01
-9.006174605465845362e-01
1.786979936283715209e-01
-9.131682993840388729e-01
-8.188802949120443930e-03
2.608020368188253557e-01
-3.694258995057922434e-01
-2.967121772125292378e-01
-5.255960972480397952e-01
5.771592832940161122e-01
4.555168805840631441e-01
8.067648102204966198e-02
3.116145461274845152e-01
-8.798028936538688782e-01
-2.971389443191180257e-01
3.680428143048380396e-01
-6.093168558790179601e-01
-7.112931117005288906e-02
3.770244083179297157e-01
-1.065270139080651823e-01
-1.962400825296567730e-01
2.979663963964922502e-01
-1.000000000000000000e+00
6.496934368126293380e-02
1.597698119548837670e-01
-3.677284410788266289e-01
9.536089427132253549e-02
-8.405639529361923490e-01
4.032076894435454029e-01
2.034992263795971090e-01
2.631045887423109075e-01
6.223363476115739701e-02
2.825005631016621610e-01
-1.000000000000000000e+00
-2.983571756500694172e-01
-1.000000000000000000e+00
-1.000000000000000000e+00
1.313828409369797168e-01
-7.756460135856679816e-01
-9.078612497511375778e-01
-6.095626660787504258e-01
9.021015746814697867e-01
-2.585778901322319800e-01
-4.470271360009439032e-01
1.000000000000000000e+00
4.171829418396381106e-01
9.069025103844623181e-02
-3.490705606642760528e-01
-9.935255101072445472e-01
-4.350215387927969801e-01
5.547938790651793517e-02
2.733717011344938275e-01
1.000000000000000000e+00
-4.301074979090807604e-01
-3.442920333271079492e-01
6.735911479867062734e-01
-1.853100007307660335e-01
-5.384620845209775464e-01
6.274501134026808646e-01
1.000000000000000000e+00
1.000000000000000000e+00
3.652364298215958482e-02
