-1.000000000000000000e+00
-1.000000000000000000e+00
-8.042989733719636547e-01
4.558339543356864088e-01
4.852100021859079293e-01
1.000000000000000000e+00
-4.074495799571965504e-01
-1.000000000000000000e+00
7.165469616751449777e-01
-1.000000000000000000e+00
-1.000000000000000000e+00
4.718215976138103174e-01
3.931020509885559400e-01
5.242565694247278141e-02
-1.000000000000000000e+00
3.423748938397284669e-01
1.000000000000000000e+00
4.066433470351301649e-01
1.000000000000000000e+00
-4.710073861356992575e-01
-1.000000000000000000e+00
1.000000000000000000e+00
-2.574583655384323211e-01
9.712057259681755594e-02
-6.698046278669935738e-01
-1.234754667420930041e-01
1.964504974526173342e-01
-9.462607859690621570e-01
-1.000000000000000000e+00
-9.809756714223786256e-01
1.000000000000000000e+00
-1.125467059904538270e-01
-5.389537820711802762e-01
1.000000000000000000e+00
-7.107946120188893269e-02
-5.967424972367041391e-01
-1.000000000000000000e+00
1.000000000000000000e+00
3.689987017244435452e-01
-4.221591310314715129e-01
1.529866671273351630e-01
-9.222014426858191061e-02
-9.015682160156479608e-02
5.704679729613364447e-01
-7.290043415076747912e-01
-1.000000000000000000e+00
-7.977378496375757688e-01
-1.000000000000000000e+00
4.780612840071964964e-01
-9.414423658734749623e-01
1.000000000000000000e+00
2.109216657219302737e-01
1.886348637271508255e-01
1.000000000000000000e+00
4.752065198805569546e-01
4.825472379253306077e-01
-2.266772419484967549e-01
8.625881683350542506e-01
1.000000000000000000e+00
1.000000000000000000e+00
4.249439806775749395e-01
-3.617999926887813245e-03
8.959696655883967464e-01
6.906985645727021783e-01
-3.387133479961255689e-01
1.000000000000000000e+00
-7.164470522091382909e-01
-3.614891903539848017e-01
-1.000000000000000000e+00
5.344618485557872667e-01
-2.610354145176215779e-01
9.616337273593733581e-03
-7.243265829015625989e-01
-1.000000000000000000e+00
-6.756008866656676437e-01
5.155651362725555131e-01
1.000000000000000000e+00
-8.179146274861556210e-01
-2.387979543992443110e-01
-8.194879762289162262e-01
-2.206675958897418577e-01
7.315709490969337647e-01
7.968152960423485753e-01
-6.292301985756985072e-01
1.644301522819282546e-01
6.189683781530750384e-01
7.397521845588176381e-01
4.311707721679348959e-02
-2.681263877747102065e-01
-5.891097524447238554e-01
-3.870061129401321520e-01
6.503659354279438531e-01
1.000000000000000000e+00
1.517390144485484815e-01
-8.215782742949566675e-01
-4.310703678586269572e-01
-8.517515103267323529e-01
-1.000000000000000000e+00
-1.000000000000000000e+00
-2.759235569368703733e-01
-1.817917473585181631e-01
-2.985513778338524382e-01
9.122387162608096567e-01
2.424031318317100003e-01
-8.825366772696869866e-01
5.428420532830765532e-01
1.000000000000000000e+00
2.546198600692530234e-01
-3.683813923697895620e-01
6.342625816218525614e-01
-4.118736833851768808e-01
1.000000000000000000e+00
-1.067614312156376644e-01
-1.104514482666569819e-01
-1.000000000000000000e+00
9.793444625489864386e-01
-1.000000000000000000e+00
8.948008906838972321e-01
6.193199698847324797e-01
-2.792914316238528927e-01
-8.663638728158227220e-01
5.659321746949601550e-01
4.194818876239377325e-01
6.243741559436990496e-01
9.106534189880064467e-01
4.269466874074588914e-01
-4.359175145536668960e-01
-1.000000000000000000e+00
-2.653558580345600770e-01
9.365220951941733984e-01
-5.941997892704734552e-01
2.796203140475000959e-02
-8.511355493539043415e-01
6.952656888495097887e-01
-9.329181912099118179e-01
-1.000000000000000000e+00
-7.285707443494091606e-01
-9.025507017602221183e-01
1.000000000000000000e+00
8.056974035818889046e-01
-3.367467999023735503e-01
3.693218404152310841e-01
-3.455087000693183308e-01
3.444758812503045942e-02
-9.500150977671055763e-01
-4.365127461605468051e-01
-3.708813133994215416e-01
-9.757881843169317060e-01
2.996345533213143342e-01
-1.238636325292127305e-01
1.000000000000000000e+00
1.000000000000000000e+00
-5.723498686180390482e-01
-9.134252137029841290e-01
4.780316419716643117e-03
-8.137423033731114863e-01
-8.877974228748175545e-01
-6.674879783432490221e-01
1.000000000000000000e+00
-5.702034363324528510e-01
1.000000000000000000e+00
1.000000000000000000e+00
-9.017080541684219241e-01
4.477121444419115415e-01
7.825454906012752065e-01
-5.625693756138048229e-01
6.399585267365131003e-01
-6.760061398129146859e-01
8.155700060637361970e-01
3.315601736009602951e-01
9.560638864241856050e-01
-5.956654956892283304e-01
-9.257202233403095670e-01
-3.950091948561427202e-01
5.542511146756703422e-01
-6.356849089974471179e-01
5.272660330110416904e-01
3.545787020086641483e-01
-5.835954879371381132e-01
1.798930459082561939e-01
4.716138758770249684e-01
2.068187681701284253e-01
9.961622590236201003e-01
3.220613271544581213e-02
-1.000000000000000000e+00
5.200032474434242991e-01
-2.485162933379904682e-01
6.226239767870392905e-01
-8.205211989453775612e-01
4.035815058969478564e-01
-5.086000776989161309e-01
4.779847336599260532e-01
3.779451487398155507e-01
-2.781280921146631058e-01
1.070629711523864436e-01
-1.000000000000000000e+00
7.501200078933698556e-01
-8.783446150654812268e-01
5.495575509822445692e-01
-2.980045494474189427e-01
-7.453218257123329638e-01
-1.000000000000000000e+00
1.000000000000000000e+00
-4.341738271964840079e-01
4.008242402326019915e-01
1.000000000000000000e+00
-4.038392865028998524e-01
5.065047167045471088e-01
-4.779993477171734506e-01
1.000000000000000000e+00
-1.151314898167807577e-01
7.932108389459701092e-01
-5.236514510080818585e-01
1.000000000000000000e+00
-1.000000000000000000e+00
-1.000000000000000000e+00
6.737905497807167299e-02
4.694632218121599920e-01
6.887491818025159862e-01
-1.000000000000000000e+00
-9.736297078973862318e-01
1.000000000000000000e+00
1.000000000000000000e+00
-6.608569204973429034e-01
3.667096913052093066e-01
1.247653453405913049e-01
-1.000000000000000000e+00
9.382099699668875470e-01
6.300382339128696163e-02
1.000000000000000000e+00
-3.103040476872692688e-01
-1.674679495483178959e-01
-5.265190601186926500e-01
-1.000000000000000000e+00
-5.032792235707720385e-01
9.904293923851010817e-01
-2.024295046380333862e-01
2.174718242270110291e-01
-7.599630403301669279e-01
-8.862221162818366693e-01
1.000000000000000000e+00
-1.000000000000000000e+00
-1.000000000000000000e+00
1.000000000000000000e+00
3.651203560459346797e-01
3.322898030473946940e-01
5.506657665014350611e-01
-9.304423189437383002e-01
-7.646922601362543537e-01
-9.651153876332405623e-01
2.502826645954836504e-01
-4.061068475346251705e-01
7.521176245736879706e-02
-1.664931683792405526e-01
-3.090539752576983989e-01
7.423926456486475978e-01
7.491123459553322705e-01
5.674920185311159715e-01
1.000000000000000000e+00
9.229471832405250487e-01
-7.425522916410595142e-01
-9.882922134029313577e-02
7.787931206963409902e-01
-1.789338392197591665e-01
-8.941053351444270270e-01
