-6.336290976403050612e-01
-6.725850217019833099e-01
2.114117319369477332e-01
7.093887035436841071e-01
1.044359579643083236e-01
2.452935887966474215e-01
-4.237838874154054025e-02
5.007881117224775025e-01
-4.161777935187667143e-01
-1.077399422348061520e-01
1.117740982166998132e-01
1.000000000000000000e+00
8.669900529787269439e-02
5.425321135081824231e-01
7.949324493789949875e-01
3.525385143782536201e-01
-2.607158645997410540e-01
-5.203108738935220412e-01
2.015938124762688410e-01
3.102462326105661639e-01
-7.839681221961576352e-01
3.841619615184166947e-01
5.889302313131467015e-02
-2.212324029666623559e-02
-7.742894769846295766e-01
7.949609895974596441e-01
7.059540532305632610e-01
-9.865002595071115099e-03
-2.746614031959322411e-01
-5.380480707099926097e-01
-5.132087124943134349e-01
-3.459059238030048888e-01
1.270870244247846448e-01
-1.187287956889350182e-01
5.228675515976854982e-02
-4.721830410501245412e-01
2.468200968438394038e-01
-8.018528391436983149e-01
-5.237115816675477764e-02
-6.091418354054083384e-01
-4.291952737952529073e-01
-1.668400029263539253e-01
7.080584953970087136e-01
-5.765550782374836425e-01
3.286354384552130359e-01
7.179521882733783666e-01
-8.643030222930241369e-01
-2.786327371178076162e-01
-5.613446189724222712e-01
-6.192941329985881538e-01
-2.753019785537129116e-01
-1.636813110330108678e-01
-6.517631438015858425e-01
-3.301571654607651229e-01
1.265511725880675564e-01
2.103912030686734824e-01
-8.957324168857030422e-01
-3.046335611826972434e-02
4.554154629539319821e-02
5.806909011980337931e-01
-3.232419958137809357e-01
-4.435983846900459771e-01
-7.447312854828574968e-01
5.710896011449611009e-01
-1.845419196538657380e-01
-5.252915850497996697e-01
3.510408294996014145e-01
8.172369775728780539e-01
-2.049320277417214786e-01
-1.284173429229406305e-01
-2.551056420050603624e-01
7.638047028847119169e-01
-9.526534024404031964e-01
3.801431688954141075e-01
-7.725929663794824098e-03
6.604584084793443388e-01
-5.188371778344968988e-03
7.556299116345985833e-01
4.304503645819336421e-01
-1.714971749985553240e-01
-7.150626106724869979e-01
-4.338911706949528657e-01
-9.177301037874252554e-01
2.645986963804108916e-03
3.055794918609029409e-01
8.927892215697927902e-01
-3.443341631139194559e-01
6.535750327536993254e-01
-4.895257708580628142e-01
3.218283253540029643e-01
-7.443237306968577549e-01
-6.787631886447706986e-01
1.469105137487800583e-01
6.393409059232071368e-01
-2.163245763484418216e-01
1.267917542277668952e-02
5.084252107449580560e-01
5.577227956157149169e-01
3.480536148829241339e-02
-2.676882945377435652e-01
-8.131843822531756860e-01
2.960549714571976132e-01
-8.335283177605099514e-01
2.905580654320578660e-01
6.157784196063025295e-01
-5.479107664631308605e-01
-2.009674133752903380e-01
-6.760496446873114351e-01
4.852013736226340468e-01
2.248405885779697078e-01
-2.611686458482143092e-01
-8.253655752257862410e-01
-2.825319800830541350e-01
-4.780384636149025424e-01
3.824552951073215690e-01
-2.604919776021437094e-01
-1.581381146717532049e-01
-8.088245483562735982e-01
5.333945157686170724e-01
8.451310188590780426e-01
2.581652126260255975e-01
3.289575653447054382e-01
-3.761977429267737705e-01
7.371295448466256284e-01
-2.946774836665410624e-01
-1.345698401386797860e-01
-4.426905908561065139e-01
4.045607368102688284e-01
-4.215540212453960933e-03
7.873118414947590793e-01
-5.834837179203609114e-01
-2.215158691276422065e-01
9.295636347241869046e-01
9.796635976898955267e-01
3.437918068403694738e-02
-4.013654833041327974e-01
2.227055422712091726e-01
-7.254955550108982409e-01
3.595329033258739537e-01
5.007496693532462739e-01
-1.698478427144029801e-01
9.273724082952455872e-02
7.233313666754695448e-02
-3.475574326559286442e-01
-5.414263655804409936e-01
3.069485259474488692e-01
5.770327006976028184e-02
-6.000913361630699772e-02
8.020890123711525987e-01
-1.387056691684448451e-01
6.718692230342748761e-01
2.003662148687908595e-01
-3.738929050082845373e-01
1.000000000000000000e+00
-4.128673832672338229e-01
4.875164013871258195e-02
-8.181545723526122416e-01
3.077671291037203938e-01
8.706800047070117898e-02
2.699275430593477410e-01
-6.018135156568181487e-02
-7.385747065112698850e-01
-1.860128753059478446e-01
2.901904934659257571e-02
-4.063020600023741213e-01
3.518005903807179258e-01
-2.622680749850501147e-01
-7.206816278093899353e-01
-1.000000000000000000e+00
1.000000000000000000e+00
3.284887405390606308e-01
2.133254005466711789e-01
1.000000000000000000e+00
-9.738371092031270493e-01
2.331637530587803431e-01
8.213035912689430340e-01
-4.979595212188587250e-01
4.486008294756897996e-01
9.959078078307062598e-02
8.716827016535022565e-02
5.422051811845911562e-01
2.766912438949675757e-01
8.129935895440383309e-01
-4.747649764424821672e-02
3.240724594785421298e-01
-3.071998103164679250e-01
4.126634387008321081e-01
-5.073721858780735339e-01
-1.000000000000000000e+00
-9.070088512934126879e-01
-1.555994358331551086e-01
-2.998186574637337065e-01
-1.192087248865272286e-01
-1.360456240896668612e-01
-8.556248554704554143e-01
-5.550599605195998265e-01
1.649538905537243361e-01
-3.770852707923919578e-01
2.889398809748344732e-01
1.795033582587793330e-02
1.039911373955532126e-01
-8.642375623284754838e-01
-3.044328817898733774e-03
-5.023100237184348060e-01
1.926847524014056179e-01
-4.538284757163498773e-01
8.153941572651035585e-01
7.667273889219863303e-01
1.041919178282257885e-02
-2.034565189509980887e-01
-2.732554232368122893e-01
-2.438529253921630224e-01
-4.252903246370661750e-01
5.693365991160075357e-01
-7.996063108512843076e-01
9.971007899984352107e-02
3.632015245859125385e-01
-1.077539124637036938e-01
-4.152255043228645359e-01
-4.196565586260027070e-01
-1.383181126404127159e-01
-1.558708445777540197e-01
-8.182277243968638647e-01
4.021632784204065558e-02
-6.701203397848851662e-01
4.691073102420994512e-01
4.534937667156654917e-01
4.796717774614385199e-01
-7.838557251363424960e-01
3.019055456764382916e-01
-7.517535727572921544e-01
5.119618316526411972e-01
4.770935639808858153e-01
-5.583761072928086211e-01
8.666325337727367462e-01
3.670991198897947116e-01
9.528152250347419194e-01
5.413809619724365696e-01
8.606857994977873405e-01
5.801451111774386105e-02
-2.953636148146756568e-01
2.982473289667020855e-01
-3.004006961101328699e-01
1.629243021975985695e-01
-2.683168450906766034e-01
5.392815168246014590e-01
-2.881651247632602830e-01
-4.218834941947380290e-01
5.602635047172472849e-01
-4.243874748524765206e-01
-6.660352025896698613e-02
1.000000000000000000e+00
-2.683992593092887624e-01
-4.141123724269181738e-01
9.925125383312096705e-01
-2.395874211795101794e-01
6.009345785599142786e-01
4.992906454463000854e-01
7.394289157016513681e-01
4.871053073199094197e-01
-7.362476836022500137e-01
-3.645232763482209037e-01
4.400101208840935807e-01
4.225710869280905890e-01
-6.014381905286811381e-02
