-1.000000000000000000e+00
-4.296754384372025726e-01
-6.938295512833643208e-01
-1.751613592059175772e-02
-1.000000000000000000e+00
6.683048199331782513e-01
-5.444360531824938843e-01
2.868589278973658896e-01
-1.818507511443113733e-01
7.448629684667034123e-01
-3.145596677483962766e-01
1.000000000000000000e+00
-3.897772340329316298e-01
-6.927846067603826707e-01
2.816467972875917880e-01
-6.869865411155523516e-02
-1.000000000000000000e+00
8.710436855215977214e-01
-9.396743909413718399e-01
-2.554311375116191662e-02
-1.000000000000000000e+00
6.482855575696264694e-01
-9.266276037968295132e-01
-1.000000000000000000e+00
3.211681447158367120e-01
-7.420344784643542191e-01
5.681483989138100821e-01
-3.619022956073199015e-01
1.000000000000000000e+00
-4.178956948245169944e-01
6.050177848046429663e-01
-5.465048580818834267e-01
-8.853120130415153000e-01
-9.034353473122613831e-01
-4.958578749338684588e-01
-6.519136596876553558e-01
7.488586136886035138e-01
-9.261439286454801190e-01
-6.378905995454511313e-01
9.224293857909700023e-01
4.126857599882966521e-01
-4.692285944960833399e-02
9.556876059786508781e-01
-3.346887125960513742e-01
8.801662603323234801e-01
1.440244369947798475e-01
1.000000000000000000e+00
-8.657844447568245894e-01
3.579760992637175399e-01
-4.429155841502734337e-01
4.808232052563075065e-01
-8.324653102998347265e-03
1.077965725836933508e-01
-5.375125313110163949e-01
3.867717077752932942e-01
-8.145875806756476267e-01
4.949911742041919194e-01
-3.023042423732122952e-01
-5.107052038495329960e-01
3.539675997778610750e-01
7.647240929719371083e-01
2.988298224631254496e-01
9.688255100158110755e-01
-1.000000000000000000e+00
-1.000000000000000000e+00
7.468222479277580872e-01
2.500899279096684413e-01
-8.924718152888757583e-01
-1.499931454159462163e-01
-6.969987524594627448e-01
-6.880010562113787476e-01
1.010376005381873332e-01
-1.000000000000000000e+00
2.892448540973374116e-01
5.031949776944300012e-02
-6.413971448959970845e-02
-1.044595185441818952e-01
9.934985523313730749e-01
4.926572230639347794e-01
-4.063280331785270594e-01
1.628347983077174654e-01
2.879308652830507853e-01
-5.324836190970372307e-01
-7.805803700241031873e-01
9.588898865622870193e-01
2.680089667905438677e-01
-1.827830440221598907e-01
-5.991991536608172186e-01
-8.792072793157013066e-02
-1.000000000000000000e+00
-2.831036247218878810e-01
-2.128636570430586517e-02
-1.000000000000000000e+00
-5.660572554531397849e-01
-3.035136398150730108e-01
-7.535874360619652101e-01
-1.000000000000000000e+00
7.342505112957451452e-01
6.701571498494396373e-02
-7.044330660364794827e-01
8.883567427637826253e-01
-8.406158206437481795e-01
-9.658874009835856089e-01
-4.835651085765687029e-01
7.658889248438481845e-01
-5.984922383505300036e-01
-1.467938910233012595e-01
5.497241557634422460e-01
1.404824153399693021e-01
4.721258349502706064e-01
8.767131797116568537e-01
2.520700317107701927e-01
-9.841743119611932045e-01
6.689868746093970975e-01
7.937490860410503224e-01
-7.237041154942776000e-01
7.475427157875407236e-01
-4.713507319432689302e-01
1.627661494493445327e-01
-3.211460370212474436e-01
-1.590601009036249902e-01
-9.593768970290688092e-01
5.449304344292535962e-01
2.026764170738978299e-01
-3.629346322589164231e-01
7.443426858233888055e-01
-2.466214681959959520e-01
-4.560492613609063994e-01
1.000000000000000000e+00
7.970229249761275891e-01
2.875785867712656874e-01
2.860522105247115809e-01
2.687195221316472926e-01
-4.339563971944324638e-01
6.001944363199919197e-01
8.687955167780527788e-01
2.204262912950979980e-01
-1.193839150579273090e-01
7.180796011266670220e-01
3.527948319516736042e-01
-1.532722231704624072e-01
-1.521532862336183456e-02
1.000000000000000000e+00
8.799496912703654861e-01
-8.724956252275710700e-01
-3.882578145624859256e-01
-7.534756667562161336e-01
-2.697460868195616923e-01
6.693385023894894426e-01
-9.584179757527874211e-01
-2.002277932867413401e-01
-1.307463883553527939e-01
6.139416737928665713e-01
2.300268531688789420e-01
1.796866690613622142e-01
-6.098831865017317888e-01
-5.283556098476356322e-01
1.929116631331240228e-01
-1.000000000000000000e+00
-5.239007688814922847e-01
-5.072866645265960983e-01
4.581677412281398021e-01
7.135271847799107281e-01
3.761526127653941343e-01
-9.692845808529104712e-01
-5.427854870121506803e-01
6.317949196295304937e-01
-1.000000000000000000e+00
-1.214441741031756783e-01
-2.869205465928836851e-02
-3.225171559554054074e-02
-1.122331046418811873e-01
-9.480515404508642607e-01
3.811633736986070886e-01
-5.551893802003107226e-01
-4.879473148115494041e-01
-6.106255673521178151e-01
8.046297914423103936e-01
-3.169681252513909531e-01
-1.000000000000000000e+00
8.761339262857539278e-01
7.747589973961841459e-01
-7.105306207107602301e-01
3.089966654668905299e-01
9.198477634701274219e-01
6.453655412500927113e-01
-1.981133839688916098e-01
9.464603173275545345e-01
3.117417403922899677e-01
6.442953833886631010e-01
-6.350701233018521963e-01
3.807885857660313622e-01
1.000000000000000000e+00
-4.015006013865429768e-01
4.620811024639819298e-01
-3.082323665887838349e-01
6.385329214018347077e-01
-9.582890983503240534e-01
-2.195430929884109594e-01
5.624730618294790929e-01
-4.183129324768968815e-01
-3.387320155895272578e-01
1.262658232048612383e-01
-4.201004791034799180e-01
8.495113831028329177e-01
-6.509998913168821844e-01
-3.286279372709774438e-01
-1.892786215634834068e-01
8.735848650774786783e-01
-7.465120447566804263e-01
-6.393601296926099131e-02
-2.790547178377823512e-01
1.693831864272531684e-01
-7.064698601405976497e-01
-3.293347811659055324e-01
-1.000000000000000000e+00
7.531162869231399215e-01
-3.056306920123874615e-01
3.194035676260078560e-01
8.198150655004270426e-01
3.340610454564927334e-01
2.872192887851721110e-01
1.870966347248303185e-01
8.350079441425493076e-01
-4.382684599070698073e-01
-8.926845608668991794e-01
-6.075702408788457021e-01
1.000000000000000000e+00
-1.000000000000000000e+00
4.671058199697631919e-01
-1.000000000000000000e+00
1.830254628147429674e-01
-7.752875623876811506e-01
-3.903001828431099662e-01
-1.279793832559510403e-01
4.063726412439058189e-01
-2.698283970749735250e-01
3.877046816135347740e-01
9.750161829995803719e-01
3.314809443178429182e-01
-4.746260197983625528e-01
2.375088117273981281e-01
-5.987773508362528307e-01
7.328513472014910324e-01
9.179206321551289793e-01
-1.258098212972334484e-01
-1.000000000000000000e+00
-1.000000000000000000e+00
-6.514538838541628074e-02
-9.983635325390454174e-01
1.540602522801439722e-01
1.000000000000000000e+00
1.303372758872605175e-01
-9.464443372234063734e-01
3.175484604924729837e-01
-1.000000000000000000e+00
1.890748076123346944e-01
7.697246454328966481e-01
4.819948720427247313e-01
2.892682893665215471e-01
-7.219080224519047739e-01
-1.451094433580625009e-01
5.229720257475225509e-01
-6.578755794158170911e-01
-1.130828922667220238e-01
