-6.933470087948823135e-02
-9.657380358218690120e-01
1.268625973338783908e-01
4.011985807308415253e-01
4.074596526656248940e-02
-9.872332082036795742e-02
-6.237724418182011288e-01
-7.169614998293730168e-02
1.745586259266460050e-01
-5.357555965925480113e-01
-3.066306338742418869e-01
4.561661405584629958e-02
-7.264692964612919079e-02
2.542821501232699344e-01
6.407024201822770770e-01
-2.121969523476199826e-01
-9.510699410245071483e-04
-1.842925621059262054e-01
3.762363154114603536e-01
-1.848873623981015513e-01
2.789634454067203007e-01
-5.129465136243220869e-01
-3.777814197866771750e-01
2.000240263485811854e-01
-5.008904927936155271e-01
1.050211327244302967e-01
4.896404488846409775e-01
-2.821575346903199000e-01
7.873301729386175674e-04
5.699174111222005124e-01
1.929596663047565830e-01
-2.538622360199821459e-01
-1.086079893476110669e-02
4.413629330390932137e-02
1.332365982271307286e-02
1.485649688239649713e-01
5.744999356418209815e-03
-1.564977580197787765e-01
4.094838142690527261e-01
-2.326735157367287032e-01
-8.758034843467263908e-01
1.099186819605214027e-01
3.442453299239173203e-01
-2.353355792388546197e-01
-2.522826477968913572e-01
-5.058849945668313086e-02
-6.107869265682788762e-02
1.020132317396384714e-01
1.113845724354742273e-02
1.684840026241719024e-01
9.368505244461666770e-02
1.521268935796209476e-01
2.368657741224622360e-02
-1.185256516786374614e-02
-1.760407789587711269e-01
-3.255133446978431544e-01
-3.457508122371938941e-01
1.882002380307414013e-01
1.111475739477965630e-01
1.988654322403816677e-01
9.435335619913685912e-02
2.050921084525184623e-01
-1.868460577422902946e-01
-1.497377553862115351e-01
6.816609007118709096e-01
-4.171673563530253759e-01
-3.089470981499857216e-01
2.194406669670632970e-02
-1.610879191187173931e-01
1.395477274037229543e-02
-8.100644387284690051e-01
-7.707393140536131226e-02
-1.510691626612351568e-01
3.092480507905994158e-01
-2.917962775787513729e-03
-5.470538394572435070e-01
-1.093094117951070449e-01
3.074462076404330113e-01
9.985076215587106174e-02
-2.966146711168555772e-01
-2.261289018985358501e-01
-1.467402660175234352e-01
1.849974255527342681e-01
-1.663077188593969913e-02
2.352479237507036636e-01
4.971391685524632065e-01
4.122096442866060029e-01
1.432494295116635841e-01
-3.411735718542910356e-01
-1.224453869611527024e-01
-3.416173315273178246e-01
8.149923843956416447e-02
7.062534019743689218e-01
-2.439547696007635380e-01
-2.422303817605055420e-01
-1.976611795745714661e-01
1.580820246636065463e-01
7.003695804943765868e-02
9.246458707117405362e-02
1.735666513357814467e-01
-9.506317165810691805e-02
3.856833564549182469e-01
-9.539751452903369455e-02
2.825532631519458993e-02
-2.449684835523370519e-01
-5.434784434111757934e-01
2.501355903812797488e-01
2.020077044633586394e-02
6.021825957896578263e-01
3.257814033310277302e-01
-2.578833581681230225e-01
2.460141859447272650e-01
1.493259976296102687e-01
-9.586478859254572715e-02
-2.456086150941392821e-01
-3.859423306781650798e-01
-2.498164246178082026e-01
-1.032494402734575323e-01
5.972725031230631532e-02
-4.791648318719263222e-01
-2.467500976019210424e-01
4.816315996022021984e-02
-3.665510466166272407e-01
-7.822526505450934364e-02
4.545804196350827220e-01
-5.862850632004844298e-02
-1.441052762930991049e-01
5.045548337204937006e-01
-5.706106346670505314e-01
-1.022398036866873083e-01
3.764093370997566024e-01
-3.134997616062106252e-01
3.356411166358355125e-01
5.213561517267866208e-01
-1.506083821904263265e-01
-3.927961897627054721e-01
8.163607293892710670e-02
-1.579062582197180431e-01
-5.190272560981896710e-01
1.766401905256136939e-01
8.850573030369046634e-02
3.789249083984069233e-01
7.966806896248394831e-02
6.666786388810165553e-03
4.242996848016941103e-01
7.859636980139889095e-03
6.400780111005280881e-01
1.774255303095008673e-01
1.137517541113455266e-01
6.810430807590826807e-02
2.899267503399685642e-02
-4.879555152792336981e-01
-2.900431416409653407e-01
-4.460747239735641800e-01
-1.103290579222779288e-02
2.402865066473386935e-01
-7.191457048078669922e-02
-4.319383715186705941e-02
-5.961411733624044640e-01
3.033818402567431405e-02
-4.258182970850025728e-01
3.475138346941350487e-01
-3.728738195575350134e-01
4.245909930626433348e-02
3.211531491206344180e-01
4.896673336192606807e-01
-2.405670905564725737e-01
-1.022620992623597125e-01
1.634238838963361917e-01
1.210809697789176076e-01
1.787929718617197183e-01
-6.323771894627440437e-02
-5.525488472119091665e-02
-1.814229779406301979e-01
-3.906403040952728389e-01
-7.078799720740864831e-01
-2.602360879072651012e-01
2.160475633675012497e-01
-1.440665845002121470e-01
6.804674323944798209e-01
-1.161469796018160805e-01
-2.889362480230401875e-01
1.522420988759451421e-01
-9.217609668950060842e-02
-3.855165099170941301e-01
3.917990039560101945e-01
-5.794078363679721067e-01
7.889241870112932709e-02
2.714966196486326977e-01
-7.504431602455535755e-02
2.605687712625773256e-04
1.357272711617492633e-01
-1.452283517926533096e-01
9.879514697758796926e-02
-2.463126630573787834e-01
3.546218712830914166e-01
2.298977240035998126e-01
1.086163399115895878e-01
-7.067733975772898247e-02
1.235067148115057967e-01
5.825358520619504654e-01
3.083980423458405062e-01
2.487682416589842294e-01
2.063430184156754554e-02
5.603230406797244934e-01
2.577180217633793791e-01
-1.583350294989825102e-01
-6.067032619887049311e-02
3.761487735853918934e-01
-3.384354994306234543e-01
-5.527456723818451323e-01
3.819828051416888082e-01
-6.353580072027171788e-01
4.310980672104937628e-01
4.149266936204993317e-01
1.662077056383463869e-01
3.591747661460398811e-01
6.362092497580511541e-01
1.672638023176430400e-01
-2.020911417918266617e-01
-3.871423771090762855e-01
-3.634618934581371752e-01
-3.576687631762323627e-02
-9.922928400847191854e-02
2.026830405952413372e-01
-1.994498489422164567e-01
-4.687671568930883437e-01
2.634164517800578476e-01
-2.996539695951562499e-02
-5.730942799444447289e-01
2.069966054853593085e-01
-4.265729607875266144e-02
1.182451956031724538e-01
-4.530571657198496638e-01
-3.096144152342819034e-01
3.515840564915858057e-01
2.118946226698284196e-01
4.587817718134012401e-01
6.169529661845765678e-02
-3.312811812170521897e-01
8.030821636360889748e-01
5.621227983785999083e-01
-6.788790006623274254e-02
-5.062701639917419061e-02
2.598589500592820567e-01
-1.038612515567271105e-01
-1.633991184093248894e-01
-2.987533970628742930e-01
2.023083519371158545e-01
-3.535167136338807081e-03
2.916092925728225316e-01
2.608015498343809191e-01
1.506082706195226439e-01
-3.625471886217072892e-02
-3.745168473668795683e-01
-5.920257302915217512e-02
2.690303979720998773e-01
-1.087092546460844966e-01
1.530026360338871128e-01
1.832996528580239370e-01
1.513584604874854689e-01
-2.792010575906756498e-01
1.471880784990746149e-01
-1.354770683751913285e-01
8.727806658945311269e-02
