8.574252544336660176e-01
7.447251087045132500e-01
-9.643950846114874853e-01
-9.660805979127882193e-01
6.823915207335903288e-01
-1.606115144556077290e-01
7.047708346597860718e-01
2.060540176288508385e-01
2.095701071110844804e-01
-7.465371939691592962e-01
7.650041830347258376e-01
5.246991008836119491e-02
3.172273303162307378e-01
4.194156624623964214e-01
2.825007899182598314e-01
9.054815596642701303e-01
2.872736788274894981e-01
-3.033061728222365971e-01
9.976174356594337267e-01
4.553061733400910471e-01
-1.194722631877250807e-01
2.874519283130568814e-01
-3.069220407346697765e-01
-3.749407365761884825e-01
-7.455012871721556911e-01
1.926554347781088139e-01
7.853514003428895274e-01
7.857181472519654264e-01
-8.655750049150445768e-01
-2.315781894856913936e-01
-1.822394989797957165e-01
-4.342762925781300520e-01
-4.845820496080242568e-01
9.577652557624256602e-01
1.042681989422622191e-01
-6.031781319318254564e-01
-5.003597606077209159e-01
-4.415218022950285204e-01
-3.185872297002381726e-01
-6.874582871498939873e-01
6.379554750609507385e-01
-8.833805560832367343e-01
2.669611476808552708e-01
1.426545758190538027e-01
9.799444724800374651e-01
-5.791082001810902158e-01
-1.118295299176186447e-01
5.742395930966781581e-01
-5.998344023332009556e-01
-9.384960981136740710e-01
8.126808302593864219e-01
9.211273553912342482e-01
6.897035134717024452e-01
-2.833223844864468655e-01
-9.589200913555709915e-01
8.047535959375715642e-01
-9.469135099830133795e-01
-6.804560163769216574e-01
5.633903624768749063e-01
-1.062989280313467177e-03
3.037770711875782403e-01
2.923704365972005365e-02
8.681729471280695831e-01
-7.981569700204226292e-01
9.630170631175837270e-01
-9.012359986509927978e-01
-2.250822342443473678e-01
-6.012721581564718365e-01
4.201124723720187082e-01
8.275095448299549794e-01
-9.826513137206581705e-01
5.328180590971854924e-01
6.634737662238322509e-01
6.625163543557557322e-01
-9.288260383329376424e-01
-4.320521725999139084e-01
4.870144419901040744e-01
-1.215841227641186462e-01
-7.611504803610849024e-01
-9.085541309940995403e-01
3.448627188941338351e-01
2.991841947001503965e-01
6.385254867066919582e-01
-5.376347804544375775e-01
-4.363883370065094747e-01
1.000000000000000000e+00
5.047259824486252100e-01
-9.515635304793328419e-01
-5.003550005346143470e-01
1.140000137282489723e-01
1.749584938574130430e-02
1.424757915394853081e-01
-2.373846759696857656e-01
-3.126637438088202825e-01
7.540310832318104506e-01
-4.623566103544407002e-01
-3.699447796239355157e-02
9.541590053702642127e-01
9.193202299744566153e-01
-4.057775991382611691e-01
6.852622212422654346e-02
3.253593032605898716e-01
7.781364643036887685e-01
5.980961816667781372e-01
1.530106453718415027e-01
5.645624733204950285e-01
-8.060197039936728425e-01
1.254341105996495953e-01
4.722219786939553243e-01
-1.868925896895862193e-01
4.745191367707012331e-01
9.034083159812061892e-01
-9.845340468899037578e-01
-5.866032263249922885e-01
5.193444966182835243e-01
-1.075743697330846516e-01
-6.579381247560806001e-01
-2.880609668227319120e-01
-8.548943003508696625e-01
-4.341177627549201445e-01
1.405797666829719239e-01
3.742324380455793187e-01
5.998415707171533828e-01
-4.669660438783387324e-01
8.765081442782711729e-01
-3.526882791302057285e-01
-9.276734609155247446e-02
-9.100717358546869251e-01
3.396022369857876200e-02
3.308955618240775887e-01
2.785074363065863645e-01
-3.047564230243721695e-01
1.612259209335495103e-01
2.395838871746663878e-01
7.287021110343026853e-02
9.760151253914948200e-01
-9.849960557873799205e-02
-9.921470833472211259e-01
-6.085195758976967850e-01
-3.268623134734962021e-01
-2.823572649818583691e-01
-9.315868828104771904e-01
-6.468202009239575334e-01
-4.514085869929073680e-01
4.289853231777278064e-01
3.152848071232962623e-01
4.061124462109813593e-02
-4.047749518550943781e-01
-7.458042088957886895e-01
2.849454308865756458e-01
-7.289449415099161222e-02
8.373884787726237899e-01
-2.729323337421286633e-01
-7.272459391400234452e-01
-4.197156996792984762e-02
8.004902705886532965e-01
5.150332705702134195e-01
-8.718757977133160253e-01
1.274995912424762845e-01
-1.061832798697305846e-01
8.993219385771935581e-01
-3.251508135853280468e-01
-9.307115269051924322e-01
-5.084277467109059589e-01
8.709925513528473662e-01
8.519447402651971757e-01
8.471156342860883814e-01
-6.623089298804041292e-01
-4.472778409061725635e-01
-1.000000000000000000e+00
-9.796643710092257651e-01
8.244516523281981701e-01
9.173680357075630898e-01
8.207214024335837133e-01
-5.119727650337648761e-01
-5.680660529422315586e-01
-5.984448025372177682e-01
1.867064572883052609e-01
8.016126984571858571e-01
3.564492237360043503e-01
2.865928340725241164e-01
-5.925883352170066010e-01
-1.412218771195995481e-01
7.629785869864232906e-01
1.379476811933544045e-01
8.484594268952485585e-01
4.131332129297438094e-01
8.838297726665365062e-01
-2.767343904080160621e-01
1.005816739978938196e-01
6.028428275631452227e-01
-7.209131734613577480e-01
5.083699786872170057e-01
7.932534606843081315e-01
-1.587068257203800015e-01
-7.836844479041876754e-01
6.820232804098381729e-01
-8.449992976545220857e-01
-1.429859475471601249e-01
4.942713252956554282e-01
-3.400635845526875367e-01
-2.518200887118092202e-01
-8.035885775926286945e-01
8.537688245424557287e-01
7.326852166218265072e-01
-7.003950454340106546e-01
-9.711114981757861253e-01
-1.000000000000000000e+00
7.566428941842033851e-01
4.871453894912585181e-01
-6.710657749740116529e-01
-2.160325077415493622e-01
1.000000000000000000e+00
9.341600316178515495e-01
-7.924071399289547291e-01
-9.813051056632342561e-01
6.452362620360159173e-01
3.339859390217301827e-01
-8.369089451888663822e-01
6.447124187011586960e-01
-9.394783086585986043e-01
-4.880939662857609607e-01
-5.778849940395928975e-02
6.900505508745379268e-01
-9.870158753169980814e-01
-3.066918263444402548e-01
-7.129857860146360249e-01
-1.450079470579629937e-01
9.978854603472087081e-01
9.620338605877812865e-01
8.022246633465273113e-01
9.250660832281608625e-01
5.110938097926996937e-01
-6.544813614238127464e-01
4.608262427159455776e-01
-6.186524640379993389e-01
-3.138632333658772366e-01
6.246822821209703225e-01
-2.458635224846589529e-01
1.012422520887015370e-01
3.677165285365136538e-01
-1.919459463323167081e-01
-1.000000000000000000e+00
1.322705332426685754e-01
-5.441455420880291216e-01
-1.431824575302542979e-01
-2.658648091418644444e-01
-5.349732673308998931e-01
7.381612657411668055e-01
7.773370766246322505e-01
-5.643464297182954059e-01
9.681488718300732543e-01
9.974746861237051565e-01
4.550300929757594703e-01
-7.083229063559880467e-01
8.055643074925384894e-01
1.744483903790780277e-01
9.756436863476466437e-01
-7.504060758993952307e-01
-7.493927051822695251e-01
6.323814598022988731e-01
8.566476697697837650e-02
8.152044545652542551e-01
4.328323328616871524e-01
-6.113425545075433787e-01
