-1.000000000000000000e+00
1.000000000000000000e+00
1.000000000000000000e+00
-1.000000000000000000e+00
2.527988126755789655e-01
8.610047614525594417e-01
6.002941209596884820e-02
-7.814608237616441633e-01
-3.628001621116551112e-01
-1.000000000000000000e+00
-6.899620286643357581e-01
-9.093549021516146302e-01
-2.128575576780279976e-01
7.660395313925192351e-01
7.561675932532627709e-01
8.524914669768940412e-01
-3.655643525863463417e-01
-7.255948869073184371e-01
8.298329111808194769e-02
-2.865544058708595632e-01
-1.000000000000000000e+00
7.579598742731309402e-01
-5.205105781572599843e-02
8.180105522734055778e-01
3.188502033318637574e-01
3.919390092880545851e-01
1.000000000000000000e+00
-5.574433524451709587e-01
3.657759778867705203e-01
8.859714526389264044e-01
-5.418850125893135417e-01
9.872815769270106845e-01
1.754607276810296879e-01
9.019067193966545659e-02
7.183406618833445556e-01
-7.784606331474097640e-01
-1.000000000000000000e+00
-5.350860016593992352e-01
-1.000000000000000000e+00
-1.087309227273335344e-01
2.907860155239521682e-01
-1.727451655006417841e-01
4.952517043455201273e-02
1.000000000000000000e+00
-1.028284470522584926e-02
3.898625291796541381e-01
2.290988445287864272e-01
1.000000000000000000e+00
1.000000000000000000e+00
7.057760256161293988e-02
1.000000000000000000e+00
9.917996155222332799e-01
-7.068665810866597843e-01
-1.861845165179303319e-01
-1.165966252249108354e-01
-9.246506564293184294e-01
6.176912163964409785e-02
-1.000000000000000000e+00
8.295078482265367814e-01
2.133006910214282903e-01
-1.000000000000000000e+00
3.285670097905695197e-01
-9.956687105097974388e-01
-5.899446378490691423e-01
-1.000000000000000000e+00
7.195806771369103183e-01
1.000000000000000000e+00
7.553374151383518420e-01
1.000000000000000000e+00
2.716092588796999996e-01
5.720601782307612737e-01
-7.010717289983904310e-01
9.120265685033942527e-01
-1.000000000000000000e+00
-3.322677831446883556e-01
1.000000000000000000e+00
1.000000000000000000e+00
-1.000000000000000000e+00
5.875583680338405390e-01
7.201061562112136549e-01
1.911007587007185204e-01
-1.121564132884011744e-01
-9.213155100999036451e-01
-1.000000000000000000e+00
8.388871885201467649e-01
-5.153492546246460915e-01
-9.492099504121045417e-01
-1.000000000000000000e+00
9.038251432073708402e-01
-1.000000000000000000e+00
-3.805303636517006760e-01
2.711902216136683474e-01
5.977390141746952157e-01
1.000000000000000000e+00
1.848849070570861286e-01
-1.000000000000000000e+00
-9.927726660978237749e-01
-4.281059678267162827e-01
2.155615402680746140e-01
5.651155626677988320e-01
-1.000000000000000000e+00
1.000000000000000000e+00
-9.942535023284747586e-01
-1.000000000000000000e+00
1.000000000000000000e+00
-1.000000000000000000e+00
4.231171112495392683e-01
-4.880727811174923048e-01
-3.123453051094265964e-03
-6.303318373120270213e-01
-1.000000000000000000e+00
-8.423824335404815900e-01
1.131240202580104381e-01
-1.089925939345453079e-02
-9.074402769860685503e-01
1.000000000000000000e+00
2.423747856355071284e-01
3.601713089462856843e-01
8.988615694297206193e-01
-2.883816334168053386e-01
-7.954804970459741220e-01
-1.000000000000000000e+00
2.811638430579822545e-01
-1.000000000000000000e+00
-8.381270199976343926e-01
-7.165182602144537505e-01
-6.299809924307622211e-01
-1.000000000000000000e+00
1.719991560813785014e-01
5.714910029686066650e-01
1.000000000000000000e+00
-1.667532067869284540e-02
4.504338746767622137e-01
-1.402782550036658638e-01
7.960801655067857308e-01
-1.000000000000000000e+00
4.707715014870661463e-01
1.000000000000000000e+00
-1.000000000000000000e+00
-9.625531882238693715e-01
-4.511701493649628025e-02
-1.000000000000000000e+00
-1.690281144240901867e-01
-2.533099522863546671e-01
3.717676311171797532e-01
9.079782748476989962e-01
-2.747107325809450273e-01
1.000000000000000000e+00
-2.329716286701323524e-01
7.465959716984671424e-01
6.991474819231744409e-01
-3.266756147429760171e-01
4.735589790546219091e-01
1.000000000000000000e+00
-1.000000000000000000e+00
-8.289741894352479212e-01
7.110004980650966866e-01
8.514480814847703583e-01
-1.292394769469142057e-01
-7.957751281975906643e-01
1.000000000000000000e+00
-1.000000000000000000e+00
1.000000000000000000e+00
-8.184701582591562552e-01
-1.000000000000000000e+00
-3.283455738528145984e-02
-6.220641820268885125e-01
-8.371063265327940428e-01
-6.216088142724227605e-01
-7.514947175966567583e-01
2.686903392621413644e-01
6.115278913409456507e-01
8.468231477301133570e-01
-1.742316631815040706e-01
4.208332291899858912e-01
-8.481354986853900657e-01
-5.192343696235894868e-01
-6.524055471455801891e-01
-2.518370355126504645e-01
1.000000000000000000e+00
4.859787017411145715e-01
-8.946881236812949112e-01
-9.571932910658935700e-01
-8.388715376429320969e-01
-1.000000000000000000e+00
1.697266619046366998e-02
2.447663590447757276e-02
1.000000000000000000e+00
-5.289539560115914529e-01
-3.465729656842253537e-02
5.398599825439864830e-02
-6.263531533628183823e-01
-2.499227952034868139e-01
-2.192543967765239465e-01
-9.252325463949778728e-01
-2.423441668168799801e-01
4.666475804606417532e-01
-1.000000000000000000e+00
-1.000000000000000000e+00
6.976766252416841674e-01
8.705381748152816179e-01
2.615830500829499083e-01
-6.198404341015215646e-01
-2.402756565399091215e-01
-4.527794377283684835e-01
-9.486762319050083825e-01
5.897019134822761854e-01
1.169552709256382883e-02
-8.395072601056849937e-01
-1.000000000000000000e+00
-2.018280568033639089e-01
1.930205317816575117e-01
1.000000000000000000e+00
3.815388090916750352e-01
-1.000000000000000000e+00
2.924085807718479479e-02
-1.000000000000000000e+00
-2.385086468070938270e-01
8.999982580194143544e-01
-6.139610170753934115e-01
2.546292379454436761e-01
9.330530335091385963e-01
-5.049377793494717881e-02
9.485073410552881112e-01
-3.046757196785556676e-01
-3.042518436963587702e-01
9.287642581308249712e-01
5.186189841095860675e-01
-8.704131019454208751e-02
-7.739401307645266126e-02
6.330763011067993551e-01
-1.000000000000000000e+00
9.004163465977266245e-01
4.520712645206637625e-01
6.904592674301521793e-01
-5.057548581990068959e-01
-8.729815559405316172e-01
-8.443391632811743097e-01
4.343465280531156880e-01
4.553253994016419615e-01
1.000000000000000000e+00
6.680900370727600457e-01
-9.747828541799582469e-01
-1.000000000000000000e+00
8.130793990052881393e-01
-1.000000000000000000e+00
-2.508809812243606996e-01
5.558731185418797072e-02
-5.488478916492036674e-01
5.079519295612006102e-01
-9.338250811422628139e-01
-1.000000000000000000e+00
8.197335357828353097e-02
1.000000000000000000e+00
-9.072353890263704645e-01
1.000000000000000000e+00
1.000000000000000000e+00
1.000000000000000000e+00
1.000000000000000000e+00
1.896141052707333852e-01
1.000000000000000000e+00
9.217853888730513923e-01
3.833276653604215101e-01
-3.629647963886932782e-01
-1.000000000000000000e+00
