-4.091798874661833202e-02
8.260477226601881107e-01
7.583313591305664847e-01
7.521794143245680297e-02
3.912994416534222308e-01
-6.482376594464144270e-01
8.483992104614204166e-01
7.470831717961018414e-01
1.645850269836818813e-01
-5.965927800001908921e-01
3.846121535265811797e-01
2.456098223776294609e-01
-3.240933882846808167e-01
4.363821178310041127e-01
5.280755546259300326e-01
-3.124876867473691533e-02
1.470852696055122144e-01
1.032358807434670123e-01
-2.716371268033224151e-01
-2.679867517919970465e-01
6.560501707720239883e-03
-5.838777443231186748e-01
-2.897387933265603843e-01
-3.543898601969322493e-01
-1.552303263946251122e-01
5.595129762953253705e-01
1.395510516412101221e-01
-9.390565338771411641e-01
-3.125080351869631290e-01
-5.525680118168225796e-01
4.663164006725755151e-01
-3.169406118009122086e-01
-1.676323814879946972e-01
4.525872815517450465e-01
5.780365317692774951e-01
-5.535263217088471910e-01
-4.284931752900971169e-01
-6.034394686173291111e-01
9.742967671355817760e-01
4.483919611749948020e-01
7.654960949739533227e-01
2.951071675463107225e-01
1.000000000000000000e+00
-1.423147634145982277e-01
2.706359061243174269e-01
-4.912874126715429113e-01
-3.269778479408927407e-01
-7.021327104054940760e-01
-6.356684678991577631e-01
1.823223096611223393e-01
-6.294668185269124416e-01
3.313185808162390500e-01
5.715779426511097272e-02
-3.082498875665577454e-01
-5.674201077532330384e-01
-3.607324611722774188e-01
-1.597138676707954841e-01
7.446412244313140860e-01
-5.797413655139305177e-01
2.638421375890959153e-01
2.228825950377397447e-01
-5.125213625912664606e-01
-7.801792263096292146e-01
-1.000000000000000000e+00
8.622274741514346363e-02
-5.905128524704249537e-01
-2.390757427355538756e-02
6.301297862044481501e-01
-2.012750763110491281e-01
-3.083966473490835081e-01
-4.602662287460698720e-01
-6.840397233122053056e-01
4.661252053235691584e-01
7.654619339540563727e-02
-3.329976473967289907e-01
2.652325205704452182e-01
2.535162116772105567e-01
-7.239174672769932428e-02
3.462886553464255557e-01
-4.376638557089133907e-02
4.069517760071577617e-01
9.124513931730890426e-02
5.994483392120873999e-01
-6.266878911131984475e-01
3.481092095957242782e-01
4.145511646796247174e-01
1.064119396400198259e-02
-6.521172828403581923e-01
5.463799605549394256e-01
4.132976259387121098e-01
-2.902576792475847212e-01
-5.435798545015406713e-01
-1.330827171171185541e-01
-2.916441706663061573e-02
-7.361750413200556231e-01
8.197979539992544806e-01
3.992241342741095766e-01
1.803627401189910606e-01
5.056661323402504848e-01
-3.878764148268306622e-01
2.247500714951477241e-01
-2.701685800908323887e-02
5.286643181756911503e-01
1.000000000000000000e+00
-7.111227719786257229e-01
-8.672645903308086324e-02
-6.100571216540660036e-01
-4.511296422035347975e-01
1.152697491325670870e-01
3.287809644583433166e-01
3.680052944467889220e-01
-2.006905133603719138e-01
-2.196796247573904459e-01
-6.124343544859593702e-02
-1.808372153540141469e-02
-2.939503744642608662e-01
3.075062748628251130e-01
7.700590573136315564e-01
1.714341988429790298e-01
-6.386955513742622603e-01
-2.551586453066138072e-01
3.580232643721229513e-01
4.559235299252206719e-01
-7.157966471271995368e-02
-5.623689421561426371e-01
6.849845648616589289e-01
-9.441993509897896875e-01
7.327531327558873819e-01
-4.056833416666539849e-01
3.075787736898950020e-01
-1.955309617346061568e-01
-5.240423212320352020e-01
-6.408907192689391463e-01
-5.563986585085882730e-01
-6.138282977566683618e-01
-5.213099742945076498e-02
7.795383764738688104e-01
1.759928325315376352e-01
8.786592450235211071e-01
5.783544111027653090e-01
-4.420672865370061655e-01
-3.941803170992668193e-01
3.620770215944564829e-01
-8.282435767000979610e-01
-2.095217598124202163e-02
9.143785631848250217e-02
-1.226352488322355605e-01
-6.573806730692735578e-02
-3.322304679592615884e-01
-5.883171676309656428e-01
-1.474945406974170758e-02
2.372154499391199156e-02
-4.829668915973641674e-01
-1.000000000000000000e+00
2.685995347933695099e-01
-7.916675707323912736e-02
1.395481804149140137e-01
-8.732237820772820180e-01
-2.623770437922642307e-01
-4.849057143653162094e-01
-2.265266817421818235e-01
2.907123907219729686e-01
2.025185001244109717e-01
-9.712706101792295543e-01
7.146587409116544887e-01
3.666170021301302928e-02
1.301361920115966797e-01
-1.734128678300046744e-01
-5.430146074458668259e-01
4.819859240416214385e-01
-1.623092796387892722e-01
-3.179435846942675892e-01
-6.993259581775440603e-01
3.947345517866131526e-01
-4.007540830047207070e-01
2.062861608433890215e-01
9.609594383957195673e-02
1.140682009943387032e-01
-1.559567983717566053e-01
5.424959233563159122e-01
-1.088068163610237532e-01
2.337274717483680542e-01
-6.508908345337375279e-01
1.549363764247549957e-01
4.147767586988591049e-01
7.912139734613853337e-01
-5.104465667387425576e-01
5.954742177683205462e-01
-7.187432263904303120e-01
7.217176640771200136e-01
5.852584898457663387e-01
2.294291590734158781e-01
-8.308792020142047319e-01
-1.788289416423561318e-01
-6.851966046264020838e-01
-7.411702539604617113e-03
-2.099473529921153658e-01
-8.065456689888710340e-01
-1.651354554941086850e-02
-9.111890957838936211e-01
8.524666978926015437e-01
-6.793619179950476372e-01
-3.673697414372010805e-01
5.116210448494900032e-01
-4.038380541223617337e-01
6.809072916119371932e-01
3.128651920500760686e-02
1.264003502891731245e-01
4.859394371234017351e-02
3.337587660339877416e-02
-9.307083468616511590e-01
4.552165687915939452e-01
3.494980488428273691e-01
7.188785447055954236e-01
-3.894092092620985435e-01
4.719408417781979503e-01
-6.329829014616161764e-01
1.393179205926017850e-01
1.975805937045647109e-01
-3.904484477209812510e-01
5.675236749318725987e-02
2.045552152204566099e-01
9.362752376893984652e-02
1.851192013339034992e-01
3.367864997500424895e-02
4.864209530307977980e-02
-1.877493631420119324e-01
7.411273308627190914e-01
1.159885305703411279e-01
-8.439674674214669992e-01
5.275978054483770885e-01
1.826268441443862633e-01
-2.661705365721626637e-01
3.960782904526865544e-01
-1.097816565961179103e-01
1.004763647627057166e-01
1.392988659498709536e-01
-1.000000000000000000e+00
-2.115856965418759228e-01
-9.738399455326117726e-01
-4.878139755938050715e-01
-7.073972491321708356e-01
-8.864642470826172849e-02
3.175632246377655399e-01
-7.058813283645776204e-02
5.719418992763525278e-01
8.201910275911390436e-01
-3.582190417509134028e-01
2.853223504760234452e-01
-6.845342666733975623e-01
9.973687376908832447e-02
1.000000000000000000e+00
-2.258624890320878875e-01
4.954588741988241729e-01
-2.275892247165270665e-01
5.566752640766127191e-01
7.110847727152729003e-02
-1.015920764131572063e-01
6.887475458155669639e-01
3.443593359469316884e-01
-2.993006071661352685e-02
1.083403551760018235e-01
-4.745111063183132805e-02
-3.783529538785296853e-01
1.086959411676995391e-01
