3.487770641349980383e-01
2.767139400115610215e-01
4.072999051620125321e-01
3.950558218617454265e-01
-3.269292372731544827e-01
1.446912196695880337e-01
-8.255791420332053709e-02
-1.444778444973321418e-01
-2.952176299603495591e-03
-4.792107808669265889e-01
-9.977461214770369513e-02
-2.822496835192222497e-01
5.282934875649725193e-01
-2.275340811421884268e-01
3.028703769833494125e-02
3.659324128302079981e-02
1.264696057935198181e-02
2.394955495100438425e-01
2.782028305695557480e-01
1.204405728986329277e-01
-7.430359767678740290e-02
1.159470644616738821e-01
-6.413009523868997697e-01
-3.350224033086355302e-01
1.715357864685152223e-01
-2.290745231750746513e-01
-7.684172489236458237e-01
1.527949141740717609e-01
1.197824513841455607e-02
2.435370927436710520e-01
4.546068671432119679e-01
-8.924033629450672800e-02
6.183109088313482049e-02
3.931805449722385326e-01
-2.811106233159307854e-01
-9.063971412599830524e-02
3.152575184428005883e-01
-2.776345442073084313e-01
-3.472726741554242880e-01
3.087444882668536339e-01
-6.118290718609609158e-02
-1.888505933667058156e-01
3.426594104286058706e-01
2.292105999825547746e-01
1.005254543100320697e-01
-5.196109697802540062e-01
1.288949247847227114e-02
1.339603097337109805e-01
3.132177191683453987e-01
3.617116862885932926e-01
-9.980487301338691886e-02
3.714642895456435889e-01
-3.270708118158493494e-01
3.065536383939270748e-01
-6.384841085126928550e-03
-1.454542726808816244e-02
1.009530555518376449e-01
-1.442212439421884929e-01
-4.733919100536878588e-01
-3.162573878885169189e-03
5.046000577418841004e-02
-2.823032896452128959e-01
-6.251893257136167947e-02
-2.376334536975612255e-01
1.730963268448227621e-01
4.067607328418341162e-01
-3.591911348467112242e-01
1.666466446088141207e-01
-8.747422496974505135e-02
4.155852179860226592e-01
5.965441475630581802e-01
3.910206351156471638e-01
-1.867640255563323692e-01
2.972766269514610649e-01
3.227212647239888210e-02
2.715850977786843368e-01
5.784853775468355719e-02
-3.582001025489940371e-01
8.746257776854932109e-02
5.392027536001536836e-01
1.949505237113147160e-01
-1.601120567857367005e-01
1.344753478095141452e-01
-5.225569272558416856e-02
1.191310249008830646e-01
-3.694405362598405795e-01
2.217684899486573324e-01
8.509386946137234564e-02
-1.563400345618856102e-01
3.205980628492715034e-01
5.382586468117073197e-02
-2.703615848345958805e-01
-5.391151842284101769e-02
8.817619434526136057e-02
-2.087308361118145605e-01
-6.972086848257108560e-01
-1.687726383894181392e-01
4.635024962215215927e-02
-5.165826837141126449e-01
3.497068504465156158e-02
-2.868615490801466050e-01
-2.655994950216362671e-01
-2.645962926146799843e-01
-9.910983720701421751e-02
-7.392384770049853504e-01
4.767346713043651985e-02
-3.162487768263218257e-02
-2.445028654326087889e-02
-5.194877239017813286e-01
-2.289466745690922900e-01
3.790749925147499644e-01
2.784968988997668093e-01
7.989324957356477852e-02
1.369919294382163644e-01
-5.862904509152420118e-01
1.413653069213343105e-01
-5.734590123225495883e-01
-2.356217462207192970e-01
2.989764515192206984e-01
3.933704281555150395e-01
8.049449314024570423e-02
-4.332301117291967318e-02
-8.492430190038853521e-02
3.313414384630308795e-01
-5.332813019004650767e-01
2.011995186028522065e-01
4.898244587675361361e-02
-1.484475737602825030e-02
-3.363757283189488523e-01
2.601986397301039311e-01
3.258560776467633868e-03
-7.251799696771640824e-02
3.997579021715923914e-02
1.580079231072310797e-01
2.353421460705702462e-01
-3.565712957670200689e-01
2.427403847110191915e-02
3.295407464199954228e-01
-2.214883153152404430e-02
6.129837301538153260e-02
6.625135550235393689e-01
1.153556812112852825e-01
-3.397453357137658614e-02
2.014065092609703400e-01
-4.596480701960285464e-01
2.097546936173894094e-02
3.206758050197084375e-01
5.569444972047933595e-02
2.972539500855529426e-01
-2.196276147999546291e-01
5.023656111463370433e-01
4.326605666528601790e-01
2.625898053079985806e-01
5.920164953921269735e-02
1.345357753245232102e-01
4.227017594376103471e-01
5.145123184379183368e-01
-1.223697837739581573e-01
-7.920001434572707666e-01
2.460986814164538294e-01
-2.361957778207484926e-01
7.507730977792587135e-02
3.504330967496701588e-01
-3.141004885319501616e-01
1.918817764887468802e-01
5.926426904562664966e-02
4.932358030456948650e-01
-2.421397194031371936e-01
1.606494013495489703e-01
1.429251118609628501e-02
2.287192509153027353e-01
-8.820858278903055683e-02
3.168724338047421152e-02
-4.323710795059004797e-02
-2.388175016069855050e-01
-1.521872425158051212e-01
-1.555474408340542236e-01
9.271662315658149578e-02
-3.864101978471261301e-02
9.772069662686311275e-02
2.845428768104969475e-01
5.164960799922577728e-01
-1.481822444656032967e-01
4.561717722497482530e-02
1.770079412714786748e-01
5.066537638811527966e-01
-2.517277486110657270e-01
-1.019879904153019878e-01
3.031778263141374219e-02
1.573129402147322997e-01
-2.559925658203620613e-01
-4.532948737409002726e-01
-5.928425356793509682e-01
-4.857012329256582550e-01
-3.202380632812998895e-01
-3.329456219187816313e-01
-1.220222938281375763e-01
-1.260783645488853799e-01
-2.387863167459186031e-01
-5.932896282599381399e-02
3.912141107199229584e-03
5.310191639950134768e-01
-1.027371449846426754e-01
-1.015777097083498115e-01
-8.618288116777039765e-02
-3.916760034957558062e-02
-4.356442302475312944e-01
-3.209498771168123321e-02
2.503953591384069366e-01
-7.544109581160521882e-01
-4.247685384225233785e-01
-5.802822447564698338e-02
3.387927378903844988e-01
-1.801067833681924135e-01
-5.864656540008250651e-02
-4.436089619193606670e-01
-3.104788742184325656e-01
2.919067038462849206e-01
6.759508497985886599e-01
-3.890779474774924696e-01
-1.523224671463461188e-01
-2.676466288415558226e-01
2.445004634868143123e-01
-3.354409646907585141e-01
1.587611280815391934e-01
3.049958631457353464e-01
-3.088349797020939480e-01
-4.062795892512955920e-01
-2.673592166625138322e-02
2.579660970682148835e-01
-1.407841798517859289e-01
-1.266487124632081074e-01
2.528751978166986908e-02
5.428911622309412488e-02
1.997744062764585382e-01
-2.328461827863373967e-01
-4.864220750396319737e-02
3.013835131506182874e-01
3.352039601577188610e-01
-3.643768167065431496e-01
2.441030860153810822e-01
-7.867957018695503901e-02
1.722472617008707907e-02
-4.667382297354987220e-01
4.878727022634131716e-01
-3.839817617634360136e-01
1.284851026184410105e-01
-1.633106407343692945e-02
4.122863167677456864e-02
1.112042126384772817e-01
-1.524675786785096299e-01
-1.647341809196491424e-01
-1.469048146090778384e-01
2.264066716359607323e-01
-3.109686190152234908e-01
3.405097806219697931e-02
1.912930713201530519e-01
-2.085063205398319797e-01
1.919086708548191356e-01
8.183515603389274196e-02
-1.236003031364154847e-01
-4.616558427139533932e-02
-5.794488455637767516e-02
1.946689123235704477e-01
-7.331460679528029045e-02
