-7.579734173221922555e-01
4.035177737146487531e-01
-1.289594580606267249e-01
-3.111242714496879058e-01
5.216798930143687896e-01
-1.569888447914558616e-01
-1.100974902944473477e-01
9.957966990236826188e-01
-7.767187501731995791e-01
-8.932873884797540853e-01
4.719958960527098069e-01
5.092747819591717517e-01
8.031318851257790437e-01
1.303517592081830934e-01
2.268579067371410962e-01
-8.447008876994860360e-01
-8.054993789577471475e-01
-5.329387166667700626e-01
-6.681698147725366466e-02
8.566814209230694255e-01
5.981384405972740570e-01
9.839834659701393038e-01
-4.810355266803409968e-01
-1.058556006772273794e-01
1.000000000000000000e+00
5.541071321333467248e-01
9.752917291503612196e-01
9.355976692821106333e-01
-1.000000000000000000e+00
2.715003909483847955e-01
-3.404081610643565070e-01
-1.000000000000000000e+00
-5.723177056689011666e-01
2.092192343875379223e-02
-8.873430381887156271e-01
-3.859871759301614080e-01
9.676346131256471361e-01
-8.780492557969519218e-01
9.969993437438353645e-01
3.031134062045121591e-01
1.000000000000000000e+00
-2.791874180681154782e-01
8.550200499923658048e-01
-2.768431022424184818e-01
5.636035140969144486e-01
-1.000000000000000000e+00
4.041216750645459377e-01
-2.921052888995749885e-01
4.206151061954618298e-01
4.023754264463166308e-01
-5.533428716086059573e-01
-1.530724120205164199e-02
-9.878833423104265155e-01
-3.216691066067502436e-01
9.226019422420795868e-01
-8.261500039396740824e-01
9.865962683078216555e-01
2.842935610249506251e-01
-2.199927762597052999e-02
-1.000000000000000000e+00
2.276247714562932289e-01
1.000000000000000000e+00
5.751028464435847809e-01
4.167531726226937350e-01
2.858098980151568269e-01
9.330776844095810540e-01
7.111875899118125233e-01
9.654195592656621416e-01
-1.855211661995910810e-01
1.000000000000000000e+00
-1.000000000000000000e+00
9.287930129883084640e-02
-1.000000000000000000e+00
-7.265408614400062359e-02
3.213805888670221989e-01
-7.211552913016122668e-01
6.614475630713024801e-01
6.755359944964801910e-02
1.000000000000000000e+00
-1.627700616122895183e-01
3.702327415846152769e-01
-6.865063298718900864e-01
-9.740393311204527116e-01
9.996380662023898189e-01
-6.918117852734998463e-01
-2.309946681369462185e-01
3.054362902044391315e-01
2.400055840041699362e-01
7.614175088847601192e-01
-5.537644489950148685e-01
-7.171812067426913684e-01
-1.905296369825306424e-01
7.561295456662597836e-01
-4.871756742435187637e-01
3.366963925785944611e-01
5.900601553936932753e-01
1.000000000000000000e+00
-9.288218986572681635e-01
9.930759730549368891e-01
7.752521031616931291e-01
3.862347183004234963e-01
5.364588767099210953e-01
-9.963456939204274887e-01
1.028880536213749169e-01
1.000000000000000000e+00
-1.000000000000000000e+00
5.218513671728393089e-01
-9.985187134056794367e-01
9.494065261786356347e-01
-1.000000000000000000e+00
2.007612475264871910e-01
-5.365856738939502879e-01
9.702225031064458660e-01
7.278551276565906614e-01
-9.883944169711658123e-01
6.912531664763987838e-01
8.060080402975765557e-01
-9.528121839032968055e-01
1.760452533094040151e-01
-4.567178197067843781e-01
-9.981884780891727704e-01
-9.663017381086901336e-01
-9.631308437402765765e-01
8.745956200219444643e-01
-9.660011308908179606e-01
2.432333269311188484e-01
-3.945161287694554098e-01
-2.118309565546253326e-01
2.255861520591792013e-01
8.836265465140422104e-02
1.000000000000000000e+00
8.137512927626437687e-02
9.984569567244148125e-01
1.000000000000000000e+00
7.884224119982692625e-02
3.233012151806079898e-02
9.882595451582539825e-01
9.413912237205905864e-01
-9.925447836576233307e-01
2.426427759013117802e-01
-6.608635565437706028e-01
8.867192176561420336e-01
9.186976331649308047e-01
6.052187600830161163e-01
-1.730323388200711784e-03
-8.395186071699830554e-01
-4.188652733807544104e-01
3.609243368412493602e-01
1.000000000000000000e+00
-5.977365856269641897e-01
4.868106151689705063e-01
8.610370289182420755e-01
-1.878626114817932291e-01
-3.031133343460465923e-01
8.730302902291665890e-02
5.316966851140934036e-01
5.711793848372379717e-02
3.039806957976206592e-01
-1.000000000000000000e+00
3.386365615950009400e-01
4.809786055107319047e-01
7.885240796324795021e-01
9.163513717827611593e-01
6.974045793709825192e-02
3.253278261662224113e-01
-1.110257439851227573e-02
-1.991243874628843002e-01
-2.958240800502999202e-01
7.573053050096839600e-01
-2.426483342996471060e-01
3.678008649863628854e-01
-9.047922077845895750e-01
9.112066628464043916e-01
1.935039786135287626e-02
-1.000000000000000000e+00
-6.760910574284182406e-01
-9.717124080843648759e-01
8.290305185128570287e-01
7.961555270983108334e-01
-2.057491506897926037e-01
-1.000000000000000000e+00
8.446339706156844596e-01
5.691591299630247569e-01
3.837114535330542475e-01
1.000000000000000000e+00
-1.000000000000000000e+00
-7.458701484102849832e-01
2.651784428809343397e-01
6.345860795063298365e-01
-8.195950001393083051e-01
-4.447438414736195472e-02
-7.088513968392555764e-01
-6.119236347296216350e-01
3.692030878135735827e-01
-5.438365694770996850e-01
-1.391564495115578948e-01
-1.955492507396366375e-01
1.544666838456730251e-01
7.965185607360947273e-01
-6.517772114589078791e-01
5.052358099402701752e-01
-2.182553737522132942e-01
-4.668140762265231003e-01
-8.513366423801396188e-01
-5.447861491845956694e-01
-6.565819764718181517e-01
-1.910660762563954895e-01
-7.577606883407672633e-01
-1.257684049730989073e-01
3.438077315321191318e-01
9.973686061792538249e-01
6.459883683899628748e-01
8.275499935504249116e-01
-5.549009747478197419e-01
-8.278855255295010096e-01
-4.883459172715299834e-01
7.924807717436266330e-01
1.696708784452215235e-02
-3.610606994964258853e-01
6.789130039451565235e-01
-6.980445508765028562e-01
4.466854736531124248e-02
6.525691381044795847e-02
4.295716668236901903e-01
6.928741523364548849e-01
1.000000000000000000e+00
7.444930924813637496e-01
4.661898229349850653e-01
-4.824728592158217255e-01
3.978272827582385873e-01
-6.883877748440447863e-01
5.052808940080116828e-01
4.363150625769834368e-01
1.038801667682489466e-01
9.896164803843346958e-01
-7.972645057552496528e-01
-6.162872706612192442e-01
-4.004381431486553344e-01
-5.215129004412536462e-01
-8.444909436740781761e-01
7.335852179622250890e-01
-6.321179779462667847e-01
-3.776624212484461229e-01
-5.918887477354616011e-02
-9.831096440651875268e-01
-7.420117880113030751e-01
-7.838589559748143643e-01
9.818897993587228923e-01
6.862590479188426240e-01
-1.200733209571331131e-02
1.371443920646212011e-01
-1.000000000000000000e+00
8.232284124285972338e-01
1.000000000000000000e+00
2.097130477619411071e-01
-3.117362201990235282e-01
-1.000000000000000000e+00
6.306558343733623673e-01
7.330997810476247434e-01
-5.693448457912685390e-01
2.582183074379807985e-01
-9.356067871148050497e-01
-3.266300868123452328e-01
-5.724987794480174141e-01
-8.801177742285767325e-01
