1.605404519693135468e-01
1.263564321476209062e-01
7.631781861088900998e-01
-9.645776374576852108e-01
2.445475611808909655e-01
9.658843892727810854e-01
-2.630109961460645740e-02
1.692976784995169903e-01
2.208366315034525351e-01
4.572916297278394326e-01
-3.962608863833029516e-02
-9.611363433136319578e-01
-7.514199748790341138e-01
4.041672446745643299e-01
-5.952345294968570677e-01
-7.697110927050937468e-01
9.693932328384513575e-01
3.462215845152352006e-02
3.442449385798717065e-01
-5.623064836404944034e-01
-3.349909418049716314e-01
-4.257112608174176693e-01
5.206396734929991110e-02
-5.170726774602510956e-01
3.611659859264310102e-01
5.944278263029620923e-01
-8.244496595105496040e-01
5.192671681956530227e-02
-8.724545188682287788e-01
5.183711515599029873e-01
2.873970639579604969e-01
-1.525362477098946568e-01
9.864281266792200853e-01
-3.594624412432993465e-01
-5.731937869170403710e-01
-4.834087281899856481e-01
-3.759403758716606814e-01
-3.076589735631476974e-01
7.524236910166782755e-01
-9.699000843447214137e-01
-4.622012954095495729e-01
-8.709060183649141029e-01
1.000000000000000000e+00
-1.311445693031892124e-01
-6.915548676858949140e-01
-9.808435000352970778e-01
7.828498091017045413e-01
-1.000000000000000000e+00
-6.560157494558983560e-01
-1.271101031267853898e-01
-1.634813291635212051e-01
-9.998800395257697593e-01
-6.422250534017145407e-01
4.279964398578394169e-01
-9.420301772443543387e-01
6.955061772721983226e-01
8.487541521672415934e-01
-7.794962948702196560e-03
9.032022224684560507e-02
-5.675577585243980483e-01
-4.937796400184478740e-01
-2.477893590845339222e-01
-9.110112545526819483e-01
7.939583012333386591e-01
7.097602079853118084e-01
-4.154300736978269182e-01
8.464950299249336396e-01
6.125569616053633260e-01
1.389633014672877476e-01
-4.550738945730175011e-01
-9.976438387360485605e-01
-5.318350293397133832e-01
-3.323861600192338228e-01
-4.419915986013315257e-01
9.118390950283411511e-01
-1.660223105464971871e-01
8.181662695062106305e-01
9.334617521696870757e-01
-8.458235673430261059e-01
-8.507337289669444358e-01
9.999222301513207567e-01
6.009460754070324873e-01
6.279300429701881736e-01
6.225820471284840840e-01
6.385705185394701111e-01
-9.935155814118001860e-01
-5.543035089378891556e-01
-6.092366759886450600e-01
1.639457577484889628e-01
-9.602979973837822980e-01
-4.913441494323700920e-01
-6.317848559775703920e-01
-4.453200532771967590e-01
6.466704085264047830e-01
-2.034276399692104553e-01
6.014631837929591551e-01
-4.777474836819347037e-01
-5.351603987293099829e-01
9.919057545498624062e-01
5.725878340465569982e-01
-9.365299583578275966e-01
1.134276979337333346e-01
-1.000000000000000000e+00
8.156617160525233556e-01
-1.871798540469834723e-02
-1.828934467829474164e-01
-6.441530298739192029e-01
-9.908262058684087492e-01
5.603561879822199776e-01
-9.183318870219133734e-01
-8.745584700328118410e-01
4.452029707633435862e-01
-6.834178694597833337e-01
4.594436305851022362e-01
-1.139079570177705392e-01
-9.999999619914293758e-01
-4.940351850401359379e-01
9.226757731161303600e-01
7.604564339415794683e-01
-4.140045903776461422e-01
7.326473458978304265e-01
-9.140105467744903400e-01
9.508875544442779715e-01
-1.709924491519679290e-02
9.578621831321285640e-01
-9.890434240206235073e-01
4.146268753620668129e-02
2.101076408479485569e-01
-2.224436089038290751e-02
4.029831498631123443e-01
-2.126952287066188330e-01
6.740818217630399900e-01
-9.678979256214311766e-01
-3.900810345045905292e-01
7.786514146442047313e-01
5.304383408093309438e-01
-4.856221058584647143e-01
-8.958141251884824685e-01
9.057871992013674101e-01
-9.921225116005514266e-01
5.500463707672972324e-01
8.998141626767682810e-01
1.659007420989691214e-02
9.996660507791642614e-01
-2.110347856206833683e-01
1.929766372067794611e-01
-4.568102888132117290e-01
7.440450762198401735e-01
7.495485477715303491e-01
-9.957619803532151703e-01
-8.621622217209907735e-01
6.038200698497865337e-01
8.506728639352799382e-02
4.325311855555261653e-01
-3.788867673939509684e-02
-1.554393072908878959e-01
1.585268465425308526e-01
9.155524831778633077e-01
-5.594238213757759537e-01
1.466588614764150790e-02
-2.062001094819640723e-01
-4.323064551372990394e-01
-6.947550193152741693e-01
3.922332487157897396e-01
9.612498076127189428e-01
-2.022743885976374667e-01
6.489406349071797919e-01
3.809379809592099431e-01
6.953419482148406328e-01
-7.703932062348016474e-02
9.904788834954165733e-01
6.017133135868443228e-01
8.685056419369228120e-01
5.454718154921602835e-01
3.376477774292282463e-01
2.739555186932174369e-01
4.883827305160949872e-01
-5.463509242667552446e-01
-2.534442949006596169e-01
8.905420879830172609e-01
-4.078875006608987941e-01
9.408101002125419665e-01
3.803512725573517939e-01
1.298461154060136513e-01
8.483799864973781135e-01
5.458560880488153577e-01
5.547612183184452705e-01
7.572397480821713156e-01
-7.037793209027146668e-01
-3.479003271166398181e-01
8.453777010493007671e-01
5.865540019680407502e-01
-5.983995401911375023e-01
-1.364943585924992542e-01
-6.541174339403691418e-01
2.203772840735387650e-01
-4.600214966441161790e-01
-6.541617084816118144e-01
9.994029093657526008e-01
9.982130477790630563e-01
-9.056665666702745643e-02
5.477868487951184084e-01
-6.788072718794626592e-01
9.716959104169145545e-02
1.967594911957246118e-01
-9.933308054896317074e-01
-4.454153126362955101e-02
6.614777063007613034e-01
9.975970329269193693e-01
-3.025351405195070287e-01
2.026886958807965766e-01
-2.071098277424344714e-01
4.339662295648486490e-01
-3.515724535968478004e-01
3.989569393164924538e-01
1.146014681477870584e-01
-4.825619014925366379e-01
1.483315232437123210e-01
-3.382361247216627009e-01
9.826269704723497034e-01
6.959653037633217743e-01
8.700803470944790119e-01
4.534915704754450272e-01
2.516289142466830997e-01
2.113377028824315329e-01
9.691687485143947178e-01
-9.376123108634517589e-01
7.094890464978006461e-01
-2.434485892436080712e-01
-9.157488780401269457e-01
-9.999142425530844758e-01
7.877522957423974126e-02
9.786193803029028526e-01
5.429976886409412229e-01
5.711734672737360796e-01
-7.922930811671917706e-01
3.970339904900088701e-01
-8.388368842005343717e-01
4.129131005558346335e-01
7.467043600019246385e-01
9.859863046987203949e-01
5.070542304149087132e-01
3.959762373226480281e-02
-2.361316417675030643e-01
-7.678114471280693687e-01
-4.489138391828654262e-01
1.949235742902938051e-01
6.698251866368888363e-01
-2.098035447784178664e-01
9.744761451145703690e-01
-7.687648846910415390e-01
9.000112188446279804e-01
-2.825780577634457447e-01
-2.893320184870142309e-01
2.258303448708948724e-01
6.765087566845521261e-01
-7.472741448172258438e-02
5.040874333239484528e-01
9.815271838011970784e-01
-9.999802435599807193e-01
7.061722019014289309e-01
9.549768843498710469e-01
-2.578072870410492712e-01
9.999783140238398538e-01
-9.989692298416974481e-01
