2.818490327319992383e-01
-4.025389693984058326e-01
2.877270331943999615e-01
2.220466707352265409e-02
-3.495398149066201721e-01
1.795088871009627163e-01
-2.394156015893377995e-02
-1.129404571064542284e-01
2.557012922686088263e-01
-4.286537537316704172e-01
1.345151793627378245e-01
1.716686964477606714e-01
-6.176320478970567796e-02
1.705152322104055429e-01
-3.236857158447522531e-01
-1.448160239407904892e-01
-2.343792528119750807e-01
2.637407093383389162e-02
6.874498255329083984e-02
-8.399622482703412996e-02
1.206727692717411426e-01
-3.081996032797350987e-02
-1.648106699860319990e-01
-2.997304889456780391e-02
-2.244526357742825107e-01
9.889742171584156583e-02
2.346195143123338545e-01
2.054272528063938452e-01
-6.890625104225947539e-02
-5.217477467948016256e-01
1.670759879922369961e-01
7.595817466666993090e-02
-2.160719203824922052e-01
2.247052523474987046e-02
2.037119419051938995e-01
1.614567037919084624e-01
1.333768634993982849e-01
4.639406108763826642e-01
1.960861654560885070e-01
2.067895077353221478e-01
-1.923498978145333771e-01
-8.049772244280467559e-02
-2.878343466903351411e-01
-6.032117117795313121e-02
3.377138177896073234e-02
2.008592759648950010e-01
6.019579510419845181e-02
2.594409608600801165e-01
-2.691312439473479423e-01
2.260026443296219156e-01
-2.718050787884448427e-01
2.414508245319890445e-01
-1.253946343753410408e-01
4.738490354940162741e-02
1.017777382888170323e-01
-2.712830937193093025e-02
-1.749571891256419265e-01
-9.595284876565890464e-02
1.229081431810553071e-01
-2.329533532638117244e-01
1.198575289737346394e-01
3.171679836131003488e-02
2.535354197963471390e-01
2.698923388092615561e-01
1.338982549969230940e-01
-1.273954669943948292e-01
1.216281473332011531e-01
2.817016068407248719e-01
-5.466799514042886693e-02
-1.645271088007945748e-01
1.747565509286709007e-01
-1.047248267647155479e-01
-8.850440979677748343e-02
1.803041886951804729e-01
-3.809751878825410887e-01
-1.821096440209939993e-01
-1.709516712547960449e-01
-2.433299242374673266e-01
-2.254541374270803145e-01
1.391325061414916409e-01
5.561002561421746204e-02
-1.683664590628525526e-01
-2.235235135459978650e-01
1.153785932289031757e-01
-2.061809944078956125e-01
-3.724904048203397933e-02
-1.927997144908870641e-01
2.234269952053426767e-01
-1.927688264611431279e-01
1.448242935339157378e-01
-1.473228880755249603e-01
-1.841971913224031421e-01
1.121666819930730169e-01
-2.485703437940874616e-01
-6.799773573193160225e-02
-1.666038868699303011e-01
1.046773867835300714e-01
7.392969611340986791e-02
-2.469265189187808685e-01
4.943630828918549325e-01
-6.293032926572354052e-03
1.618449341505502626e-02
1.183410204155760648e-01
2.188801060045962033e-01
-6.612711538628123220e-01
-1.900124173718627241e-01
-3.941004750336311868e-02
-4.270889161452542937e-02
3.169440861119474095e-01
-8.367843747372535890e-02
-7.601062198480242060e-02
-3.770376260583990224e-01
3.484680982753720485e-02
-1.301679478279179625e-01
-1.319932291285183246e-01
-5.584109679229613821e-02
-3.119911831819726089e-01
8.334096342262560519e-02
2.134949478021243019e-01
-3.586771438076771790e-02
-1.140515436032180363e-01
-2.028685548383042658e-02
-1.362715080976306670e-01
2.417417896578747394e-01
4.431385183437049069e-02
2.868594070823935471e-01
-3.459270130578813163e-01
1.173216272821041573e-01
1.982012704468120445e-01
2.002103689584988910e-01
4.325990239940166737e-02
-2.853737649447177227e-01
-2.607952522809451890e-01
1.227334332643548048e-01
1.994252763787179306e-01
4.566317221900359491e-02
-3.487174659127179055e-02
2.820647834804780596e-02
-1.359279694666075122e-01
2.514348368769003250e-01
-3.612692641578276187e-01
-8.273162661981769972e-02
-2.426233314942273234e-01
2.753251852738477362e-02
2.933987206925913749e-01
-1.743698564272408436e-02
2.587888372723504138e-01
6.640102423669687337e-02
-1.036644876411204619e-01
-1.114576288588459974e-01
6.874015901553931496e-02
-3.594878600934401369e-01
-9.677366479990877346e-02
2.724150129839499335e-01
-7.314857838411227553e-02
2.681384821279684388e-02
-2.189309007275100361e-01
4.426304780174193931e-01
2.752404191021722846e-01
1.342171345375647862e-02
-4.530186720638513798e-01
2.591381741830026120e-01
1.999751342136814325e-02
3.299142206588456805e-01
-1.022803041441169014e-01
4.946154106626413083e-02
1.690983208199140220e-01
-7.536812897791270172e-02
3.112697083041976454e-02
-4.093526238443824794e-01
-2.628479887661186454e-01
1.799550684277873014e-01
3.926111360476510770e-01
4.651868829772509151e-01
3.784745164803259287e-01
2.780237476887047476e-01
-3.762493277306686035e-02
3.749651207324193325e-01
1.136921118701928954e-02
-3.956691934331292293e-01
1.302295512481344009e-01
9.251610563639425799e-02
1.088606075150795188e-01
-5.975392485342656546e-02
-3.206858961207003644e-01
-5.644883284792144573e-03
2.854054485059077106e-01
-6.125853477203047764e-02
3.420989874413968845e-01
4.814369862758410834e-02
2.011675455249953004e-01
-2.109838746266803344e-01
4.571921617816332439e-03
-4.776604046262949987e-02
1.672197584365442136e-01
-2.267578976695506232e-01
-1.082113295550326537e-01
6.347634551152148141e-02
1.869084128617789498e-01
2.199336499637172260e-01
6.339762531750611774e-02
2.490378599340666022e-02
2.921303184374611783e-01
4.378877076186622752e-02
-1.225917286734465594e-01
-1.687085987503051387e-01
8.810166446206368907e-02
-4.958921985945945188e-02
1.631552032363806914e-01
-2.839828973517853905e-01
3.509771059965249851e-01
-1.870846611830561945e-01
5.302620947063316770e-01
-6.748414551139987616e-02
-1.839741840575793985e-01
-1.103339053197004427e-01
-1.019453278424166387e-01
9.066151145265920197e-02
-1.015074671987411248e-01
1.891169072136061335e-01
2.473835981757738223e-02
-1.710788766878349465e-01
-1.019313169042291578e-01
1.935606421915151976e-01
1.938908214392778828e-01
-2.922659754828180745e-01
-2.440326740373350012e-01
5.607630354704599973e-02
3.844803326444207192e-01
-3.678526658772086205e-02
1.135543718262851942e-01
1.642593453820282157e-01
1.306548380437816959e-01
1.236045657054642422e-01
-5.292683061702049829e-02
1.258953584946815030e-01
2.489420657273490600e-01
-1.728712077007807379e-01
2.141086309830508849e-03
-3.453801220128549510e-01
-2.101495134270127130e-01
1.895492217722098416e-01
1.377413772029755512e-01
4.073280785874646703e-01
-2.618883993214250472e-01
1.379795533642604599e-01
3.572547597926563345e-02
3.776494117334661116e-02
3.392749068489731012e-01
-7.895815391867194721e-02
-3.007788665227480451e-01
3.849457953695812479e-02
1.826954844549655843e-01
-2.742542638183701476e-01
-4.441845811823300072e-02
3.008292804607712312e-02
-1.968518399511991895e-02
6.610102161830176681e-02
5.547675182063818711e-02
2.490766486938057744e-01
-1.441979034855744857e-01
4.870203287659184699e-02
3.577715587489616045e-02
-2.278975670994317082e-01
2.137241294879691778e-01
