3.219451968793273777e-01
-1.705244504760950464e-01
3.704846000220482494e-01
-2.132966673907340377e-02
3.867732905174928737e-01
-2.006016302182017652e-01
7.481054248232203996e-01
1.944576953465062541e-01
6.085981535241720419e-02
-4.885175857918726272e-02
-7.236744834516843639e-02
-4.979814502139521259e-01
1.032037030509115605e-01
-3.102908823103266434e-01
6.420795416256552812e-02
-1.262615479591759626e-01
4.107544877282823803e-01
-3.575788941593549541e-02
4.218676813659884561e-01
1.673268046797175557e-01
-3.784623136223539408e-01
1.003805996781322735e-01
2.094773997646261904e-02
3.371268246659170353e-01
3.901314417221800612e-01
-2.181488283824613017e-01
-3.650742546123668109e-01
-7.223553669239243802e-02
-3.861677053683614247e-01
-7.560127342265590689e-02
3.027204098476632410e-01
1.251659087961076167e-01
4.943007556421399329e-01
-1.447948045590840838e-01
8.446243490014090916e-03
-1.191984102973245169e-01
2.779937317171720101e-01
3.957147437773064214e-01
7.130765878733341667e-02
-1.243514047858610694e-01
2.085883173629093645e-01
-1.030660189097099139e-01
-2.269459805185886636e-01
3.040233605176438370e-01
8.446555506162674309e-02
-3.260265046254860466e-01
-8.403112413922669832e-02
1.100977313166564692e-01
-1.079586076917026932e-01
7.311263423705333109e-03
2.364101311585964649e-01
-7.134033034457606948e-02
-9.184674625072021537e-02
4.250178575230080247e-01
-7.450630543850206289e-02
2.632609253292205187e-01
-1.046534053499031669e-01
-2.216035575623259146e-01
-2.893731144186449944e-01
9.831334624355361762e-02
-4.335542530830123198e-01
-3.020767970498041688e-01
-2.455532561051720908e-01
-1.259719665129699906e-01
2.757072165397982944e-01
2.380604692908232234e-02
4.476091698881355940e-01
7.948427228339685624e-02
-1.891798411490478934e-02
1.222214879920631263e-02
-3.741739768082340267e-02
4.067201618038861211e-02
-1.145153648886747949e-01
-5.404506561144689636e-02
-5.882227185622665444e-02
3.831166630986243549e-01
-2.996349036564116552e-02
5.909715455061016753e-02
-2.117776370002963093e-01
-1.033406404208500745e-01
-5.157456641333743041e-01
1.387518817304098095e-01
-1.656025052406936426e-01
-1.444964158140671084e-01
1.255636388046268426e-01
-2.197298920100913544e-01
1.955104477971598420e-01
-1.007552168975959783e-01
2.327171121554951483e-01
-2.749736663400415559e-01
-2.272201349777666912e-01
2.304696702248661827e-02
-2.849946910377094689e-01
1.492482196933839211e-01
-5.153624344832635762e-02
-8.622205125932924652e-03
7.764912025994447076e-02
-1.135610804484138286e-01
1.126512498552547509e-01
-1.907460565238714573e-02
4.276574090893368041e-01
-6.258615423441316050e-02
2.747173560480888899e-01
1.957707663206923465e-01
2.429754291670256916e-01
6.832718290386141646e-02
3.818651498660292909e-02
1.140081017650003553e-01
-4.863778049231082257e-02
1.732501702680080968e-01
3.660987042374337641e-02
-4.456048913961945246e-01
5.766216233760317333e-01
-2.331183122301599686e-01
-4.291144605622768116e-02
1.077519438254829209e-01
2.926792185894811493e-01
-3.229034074552021849e-01
-7.712001226722017821e-02
-3.822526478752533152e-01
-1.381465642701135144e-01
3.104622851990638255e-01
-1.035563836972030471e-01
-1.545992854344388837e-02
4.893967030466786494e-02
-4.360162754484577241e-01
-2.501998762365015283e-01
1.491940279074666087e-01
-3.134035397092596043e-01
-9.931223665722600791e-02
5.128570203967822705e-01
2.182402356896623319e-01
-1.150565947066153338e-01
-2.887546290013681127e-01
-8.597014373557029798e-02
2.801088058196516961e-01
-1.153809569318161032e-01
8.739861236432180935e-02
4.371997726625445613e-01
2.478062612185381597e-01
-2.073124261772159027e-01
2.896905175966289492e-01
-8.203548920761850882e-02
-1.278718890338652603e-01
5.834071367370410877e-02
-3.523173134499549830e-01
2.440456190775845691e-01
-5.802235375280377638e-02
9.602936641156759046e-02
-1.832405179380546256e-01
-6.015092395821801385e-02
1.729335695788893068e-02
-2.809717923972052667e-01
8.739352348821402550e-02
-2.739161829420880268e-01
-2.947323309919662737e-01
9.624991948240063655e-02
4.455624906123798468e-01
-1.893250488891223826e-01
-3.979410671966411295e-01
-1.692798516174264800e-01
3.199186493685495791e-01
-1.325555670242175854e-01
1.607894307260233913e-01
-3.335327341922239563e-01
5.391450490656125860e-02
1.728699682883966804e-01
-3.800928170204457279e-01
-2.342613555368810996e-01
5.514417687235405319e-02
2.928291482364106524e-01
-1.755438929607617271e-01
1.036638605353182307e-01
1.151472101952602800e-01
4.157730598178508430e-01
-2.553845930328595415e-01
4.891734681493094539e-01
4.195948498147147321e-01
-9.029527054845558343e-02
-1.233047902123868972e-01
1.405948202414171178e-01
4.326361733260886688e-01
1.687057089755017447e-01
2.060104527330651747e-01
-3.862164542415408991e-02
1.888742341953376924e-02
-7.408960755450656466e-01
-1.888760290205389880e-01
1.926186068363680282e-01
-2.203299218631488143e-01
2.362740118135163089e-02
-1.896475612252440934e-01
-4.442745072803420958e-02
-7.466086413012107403e-02
-3.057159857588892526e-01
-4.442795076789091691e-01
-1.183036966063854833e-01
-4.541447219861550755e-01
-1.017414662792108515e-01
-1.451525208556883606e-02
-2.770456512781963587e-01
-4.682322578615318864e-01
1.915210332347250244e-01
5.031622233744148520e-02
-8.975034358033218140e-02
3.353063891818817699e-01
-2.992781828534944455e-01
2.325157443252578449e-01
-1.886718166607547764e-01
3.116544068744487861e-01
-5.318790536967048510e-01
9.575116626353993854e-02
2.087221149223704997e-01
3.305097607374574142e-01
4.056889592094048425e-03
-2.594870727341518912e-01
-2.055885394047943238e-01
1.883918070567175973e-01
1.391088910712557913e-01
-3.905397968042207957e-01
-2.437852175561182611e-01
-4.099539892434439503e-01
9.198589479462393470e-03
-5.350145365977680700e-02
2.018251373920896818e-01
-2.238152914993278009e-01
4.715286497351922623e-03
-3.407877614951845269e-01
-1.236718704796409968e-01
-1.961230175790737440e-02
-6.979552333517739793e-02
-1.750091967443395680e-01
1.329904705100984075e-01
3.379634090314254102e-01
5.010967861846399307e-02
2.027606692513675146e-01
2.444084009753402786e-01
-7.883268422349792859e-02
3.262967147113952082e-01
-1.717880470592117736e-01
-1.277149800687516490e-01
-1.530143379865972486e-01
-4.053061258383568455e-01
9.574477513661527883e-03
2.693855370996545706e-01
-4.906908639971876984e-01
2.128491951302010632e-01
1.628862018683761015e-01
1.400678142837516460e-01
-1.280635765412765914e-02
8.602997577222382120e-03
2.591592391017087937e-01
2.427919164728502555e-01
-5.062048731929587320e-02
3.769642969349309980e-01
-1.429505093921047965e-01
2.834460813860975592e-01
-3.853825304816182462e-01
-1.340613352557683546e-01
9.405368828905751044e-02
1.966358106883701051e-01
1.183234984158765268e-01
-3.440482982633576992e-01
-3.486048774526741278e-02
-3.146639213359825882e-01
