-2.808529003466111451e-01
-3.222308596784306811e-01
-1.626740561945172470e-03
9.160984167338075412e-01
2.188344755102837880e-01
-8.852944621137414094e-01
7.898029049939709889e-01
2.813663945812064915e-01
-2.884851692199991158e-01
-1.940337064288164270e-01
5.903168574371537858e-01
-1.460537981211130210e-01
-2.339359859200975666e-01
-5.299450869487186688e-01
6.709197118419272243e-01
-3.847433194353856722e-02
-2.533657303743162559e-01
-1.951747145616256618e-01
-6.972368759989494569e-03
-1.991288344909434016e-01
6.909097474327534627e-01
-8.721291684914864728e-01
-1.126771443638592274e-01
-3.348037994188823308e-01
-2.229117898457533276e-02
4.326635498390278278e-01
-8.783707394652656708e-02
2.046129199509938157e-01
-2.838595950571748960e-01
-1.788547630235526320e-01
5.111051368610063372e-01
-9.412587650768114989e-01
7.587430037125639237e-02
9.106561913017303944e-02
1.811490226335680243e-01
1.767894921890175719e-02
7.754020364460896264e-01
-3.497084994180360562e-02
-4.082565984907783330e-01
1.603411619950712574e-01
2.318445124217696773e-01
-5.803635183212473292e-01
8.456959621132011107e-02
-1.206514294768974531e-02
2.317108260792264396e-01
1.000558349913021616e-01
-1.335580067123004200e-01
-1.426233763072840000e-01
5.984424874434817188e-01
7.430021378929060338e-01
-6.864784583756984304e-01
1.137130827985843168e-01
1.862601122759810490e-01
1.147605314354870620e-01
7.273479284233075326e-02
-3.742763113315658030e-01
-1.000000000000000000e+00
4.503197706859230487e-01
-2.160261698082477089e-01
-3.439547525171953724e-01
4.496853304499995319e-01
-4.330080523890276339e-02
-2.669148358555031852e-01
-1.912736550271758040e-01
4.134984885827975853e-01
8.631640770081148162e-01
2.846617322494829905e-01
3.558106287013986790e-01
4.777215783787871484e-01
2.865113176936096573e-01
5.388814288702618027e-01
-5.774737913589169658e-01
7.078078578019518785e-01
-2.352465684828931036e-01
-8.095196243942232028e-01
-4.798094664015811750e-02
2.029206002178618462e-01
4.382067740581832571e-02
6.390537429688287752e-01
6.281734006514759772e-01
-1.033578000667612073e-03
2.970298187908887444e-01
3.952467501141766482e-01
-2.267757223655099408e-01
-5.742360080324010463e-02
2.062953304840156044e-01
3.459561764417017349e-01
-3.570583002541323769e-01
1.579666213201035285e-01
4.539274002958625376e-01
4.812417774999386277e-01
2.045593691704228889e-01
3.396981964823254652e-01
2.115719221812082940e-01
-4.471880160193693332e-02
3.879576101609967798e-01
8.983569247518254086e-02
-1.774282167088005457e-01
-1.149174556219422910e-01
-4.350683978056584245e-01
-4.084788337235693012e-01
-9.535605376861677751e-02
7.026150009350806691e-01
-8.986126823487879944e-01
-3.584795478115233580e-01
5.862233867153137101e-01
-2.738886841528152538e-01
-5.712723980998412054e-01
1.215382715042642725e-02
2.534697578047740429e-01
-2.573608067540242295e-01
4.516803375592683967e-01
9.596394829631094137e-02
6.846377181269068801e-01
2.526702600377063734e-01
-3.076420442146480805e-01
6.437093447247046463e-01
1.443121843098428558e-01
8.833757909666722918e-01
1.541038757560291850e-01
-8.236021692696746666e-01
5.970486920264792552e-01
-4.041276507347446589e-02
1.000000000000000000e+00
-4.685689077915052014e-02
-1.608391385438470433e-01
3.655234058777836470e-01
-1.329302989576856830e-01
-9.849025538374891475e-01
3.493134431691110042e-01
-4.197724930248997732e-01
4.481693635113904728e-01
-1.409511996471060069e-01
-1.126874969942197047e-01
-7.967561728247840591e-02
-1.151465506598580851e-01
2.769818458318323851e-01
6.476370690509032357e-01
7.468653984499619147e-01
-8.711473104928769695e-01
-2.327724543123347034e-01
4.059040509650858053e-01
-6.670760107145863593e-02
4.593675672952124422e-02
-5.443839517140671713e-01
8.195158399058793952e-01
2.467749569612595617e-01
6.810728812657693698e-01
6.452989368545660742e-01
-9.153383451407399729e-01
4.370718467468948099e-01
2.197337550798803552e-01
2.458327610413223174e-01
2.903415942856589771e-01
4.338628337108305089e-01
9.595618095733593478e-01
2.479918957353885456e-01
6.683404208569160287e-01
5.479552572179540171e-01
-5.591431272396701901e-01
7.033320883449215577e-01
-1.636044570706294277e-01
-5.557841623458040781e-01
-5.596001173715069443e-01
-2.218640462372027111e-01
-3.742312146875310108e-01
2.138174057016979657e-02
4.471345645710385064e-01
1.165436148541628691e-01
-7.014349230862574336e-01
-2.757584497087933739e-03
5.489475926058737798e-01
-3.825530896809617443e-01
4.494499232549531986e-01
-2.773512362976494616e-01
-1.635655386330553684e-01
2.851231978629297781e-01
2.625117405978598661e-01
-1.241365111068525873e-01
5.446607890581290912e-01
-2.835294992065414132e-01
4.801240824010031827e-01
-1.229356675046729547e-01
-6.558998736927539319e-01
-4.661851181916827902e-01
-1.131282983203111547e-01
5.725338321669205532e-01
3.222534788668436345e-01
5.719006299758646605e-01
5.855007426425693495e-01
-3.725620472049467891e-02
-1.916995467000806863e-01
-4.986590900788209213e-01
5.584819585477477366e-01
2.053549303377561475e-01
1.000000000000000000e+00
8.881054567057089510e-01
-2.119733255284366458e-01
-3.715740847182769091e-02
8.572687982287940933e-01
3.103329377573459391e-01
-2.726881936253828242e-01
-4.918983966249033113e-01
-1.731115506266722726e-02
4.501413162068333418e-01
6.699687558357868555e-01
9.547577220547027732e-01
-2.930582387605424888e-01
2.653861000365962952e-01
3.367038367737065774e-01
-6.334597247669556674e-01
-4.725265433694132433e-01
6.547822406633338477e-02
-1.424327339952115579e-01
4.051724583227376275e-01
-6.977639331186014093e-01
-1.463018161771703074e-01
-7.118506339761843105e-02
3.131581375119770749e-01
6.631311919080233874e-01
6.490924283589933896e-01
2.264013663467586701e-01
4.123947983017648422e-01
3.161451547117513639e-01
5.786796718982711862e-02
4.216496184934657998e-02
2.762771369984302616e-01
8.354154870231867980e-01
6.854220675646375271e-01
-4.467092904506615447e-01
-7.848619853885550057e-01
-3.311785007292022409e-01
1.827412132936094558e-02
-4.404877806576698029e-01
-2.272727062301773127e-01
-1.977740591207927390e-01
-2.094414574989829636e-01
4.463584215355573814e-01
4.933631141105206952e-01
-6.122858175096085320e-01
9.344026983889701654e-01
-4.150841584821859942e-02
-6.429637707616631115e-01
-5.015875464550333396e-01
-2.869990803817533687e-01
-6.022878765387027489e-01
-9.814925755730419255e-01
-8.179367512207612601e-01
-2.235923385512272321e-01
-1.000000000000000000e+00
-1.155329901779506008e-01
2.911690865723064459e-01
1.279824098999487458e-01
2.303257586048301220e-01
-1.683392372709382467e-01
-8.024629683746727915e-01
1.597019475749464901e-01
5.633272037463371573e-01
-5.215034912612925844e-02
1.186970575490854385e-01
5.197916497898451560e-01
7.771169682655367783e-01
-1.773552784211238909e-01
8.740735613579387886e-01
1.471898029996708823e-01
