-9.286814643364605937e-01
8.794363848521330462e-01
-8.499051690365725387e-01
9.580247285072714947e-01
8.575049946245790755e-01
8.031834075749390012e-01
-9.855736460798318888e-01
6.967929700008638205e-01
1.000000000000000000e+00
-1.000000000000000000e+00
-1.388083253231673087e-01
5.916814197656110608e-01
2.794129964890078588e-01
1.000000000000000000e+00
1.770554494660154798e-01
-4.544131387916484632e-01
1.000000000000000000e+00
9.990997950925206705e-01
5.412643881232580556e-01
-1.588923241434503919e-01
-1.000000000000000000e+00
9.682959800889792135e-01
1.000000000000000000e+00
-9.829281716274903546e-01
-1.285621371694166404e-01
1.000000000000000000e+00
-9.677447541933027475e-01
8.512578445250691406e-01
-1.914033294176741840e-01
9.580859857469897767e-01
7.534675425097919765e-01
-1.000000000000000000e+00
-8.100755034935189780e-01
1.827865927910210520e-01
-1.088389415999580362e-01
-1.000000000000000000e+00
7.616632674881627096e-01
-1.000000000000000000e+00
2.720636907317104392e-01
-1.000000000000000000e+00
9.953314961175248055e-01
-2.945149248642632278e-01
-3.417531769006756370e-01
-9.844722678082112877e-01
-9.900819654191607144e-01
2.352754256631189866e-01
-7.885952071732638125e-01
8.701726974924376412e-01
1.000000000000000000e+00
1.000000000000000000e+00
-4.560660760413549619e-01
5.961728466485057831e-01
2.428773120013045794e-01
9.506873618484147359e-01
1.000000000000000000e+00
-9.512599437356689114e-01
-1.000000000000000000e+00
-6.732260685501091357e-01
-9.862126237755366454e-01
8.965408759629930335e-01
-9.327625074784331449e-01
-8.501520446742384385e-01
-1.000000000000000000e+00
1.000000000000000000e+00
-9.346743246702213792e-01
-1.000000000000000000e+00
1.599552244391521660e-01
-1.000000000000000000e+00
-6.445899108716306447e-01
1.000000000000000000e+00
9.415701055896894545e-01
9.974800000000000333e-01
9.386697412910709470e-01
-1.000000000000000000e+00
-9.674545232060300926e-01
-9.981563861452182884e-01
-9.987181196556406126e-01
9.031341479987290422e-01
-1.000000000000000000e+00
-9.759663066773937024e-01
5.736634094221852997e-01
-8.711525290100416985e-01
6.791537646426624164e-01
1.000000000000000000e+00
-9.905200771718872810e-01
7.668064708487596359e-01
9.363974458474120244e-01
4.800549798101540477e-01
9.385881487158128644e-01
-1.000000000000000000e+00
8.351055112734973029e-01
2.125644473522861899e-01
-1.000000000000000000e+00
1.000000000000000000e+00
-1.000000000000000000e+00
3.903186147885732149e-01
-9.891545994785635454e-01
9.900842428804125239e-01
-9.735370450723517255e-01
9.983956447433749437e-01
-1.000000000000000000e+00
-9.552452358414098565e-02
-2.996502737432059360e-02
-7.688098888082999238e-01
-7.377402939881330668e-02
-8.792331729658270367e-01
8.860079886226979173e-01
-8.052365267778308633e-01
1.000000000000000000e+00
-1.000000000000000000e+00
1.000000000000000000e+00
9.948806708970514556e-01
-1.000000000000000000e+00
2.652338693559346816e-01
6.551863616634263643e-01
9.759918731303266481e-01
3.242522579885490780e-02
2.047460722514775622e-01
5.701017219158628357e-01
-7.431903317787393881e-01
-8.841821509814014046e-01
-7.741939832347833894e-01
2.799735111015925204e-01
1.901187052407009859e-01
-4.725237365470678075e-01
9.908860755288153577e-01
-1.000000000000000000e+00
1.072985375268613317e-01
-9.210524314106688371e-01
-9.775306443145852509e-01
-1.000000000000000000e+00
1.000000000000000000e+00
1.000000000000000000e+00
-9.933355202726292799e-01
-5.951550246076325879e-01
9.869784146531699331e-01
2.506206363568272422e-01
3.236785879904522378e-01
-1.000000000000000000e+00
1.060367316154739309e-01
-7.313201134359910149e-01
1.000000000000000000e+00
1.000000000000000000e+00
9.971784670665529982e-01
9.600863867136325558e-01
3.611273831420346858e-01
-1.000000000000000000e+00
-1.000000000000000000e+00
-9.999218024909853897e-01
-9.824438385567991761e-01
1.000000000000000000e+00
-5.553352172454082414e-01
-6.635470860095225021e-01
-5.833951271013601003e-01
9.985250074289124811e-01
2.955821652134571487e-01
9.784562517272622495e-01
8.131059687249247991e-01
8.940594446280878405e-01
9.640617414673122720e-01
-9.496347761939852861e-01
-7.292885333732858077e-01
9.207190034269812084e-01
-3.471435220474143879e-01
-6.392813568504113197e-01
1.000000000000000000e+00
6.461329377629088100e-02
1.980775289097077840e-01
1.000000000000000000e+00
2.358476506496053615e-01
3.524286231609455311e-01
-1.000000000000000000e+00
-8.067901256160684431e-01
5.494608221448527008e-02
7.762537464274424370e-02
-4.412036576112356168e-02
-1.000000000000000000e+00
-9.600396786065864552e-01
-9.974265628242238169e-01
9.067765155868636739e-01
-1.000000000000000000e+00
-1.000000000000000000e+00
-5.682156117559385988e-01
-1.000000000000000000e+00
-6.396170166099756083e-01
-5.531207424685207208e-01
-3.005400373386029611e-01
6.997545137405321303e-02
-9.978532136422043619e-01
8.608769736634825920e-01
1.000000000000000000e+00
-4.211742980081444321e-01
7.787715773906463967e-01
1.000000000000000000e+00
1.000000000000000000e+00
9.578531812229228448e-01
-9.926169560795907731e-01
-5.003361453290656735e-01
9.438711907933274858e-01
3.523151857379645535e-01
-1.260814840795608238e-01
5.757502226290073244e-01
-9.993781293020729262e-01
-1.000000000000000000e+00
1.000000000000000000e+00
4.728910434318833733e-01
7.820581679249342111e-01
9.834078828590299137e-01
1.000000000000000000e+00
9.914631020439506059e-01
-1.000000000000000000e+00
-7.332622779086673814e-01
-4.338236724376300368e-01
5.090582974883502976e-01
1.000000000000000000e+00
3.332940948926167435e-01
1.403244981416785775e-01
1.604256005761105219e-01
3.807252477457240825e-01
1.000000000000000000e+00
-2.770193458798625441e-01
9.626077657739917637e-01
1.000000000000000000e+00
7.552065256771349766e-01
-9.992854516116493890e-01
9.477150241693026445e-01
9.938439479863578341e-02
7.303953006172382301e-01
-1.000000000000000000e+00
-1.000000000000000000e+00
-1.000000000000000000e+00
1.000000000000000000e+00
-2.540261730865179812e-01
1.000000000000000000e+00
-5.608350582791009620e-01
-8.539563614168373951e-01
9.906612119822678642e-01
9.501643674556267127e-01
9.878379799905724346e-01
-8.006095295111322896e-01
-2.148328721829660670e-01
-7.029495543390409384e-01
8.928488130341171169e-01
9.041373196099503629e-01
-5.843830684975040990e-01
-9.967948464631286587e-01
-9.916131558218148623e-01
-1.000000000000000000e+00
9.935233547703491430e-01
-4.832781387578296006e-01
-5.281278632207471180e-01
-1.000000000000000000e+00
5.620749996392739867e-01
-4.397733492212883011e-01
-6.013491729882943782e-01
9.546400000000000441e-01
1.000000000000000000e+00
8.009950666890514048e-01
-4.185014289116505415e-01
9.794644642738807860e-01
-5.900064429141537170e-01
-9.965133047116688791e-01
-9.380666635705752210e-01
1.000000000000000000e+00
7.692090020317631227e-01
