8.862736027171228548e-01
1.000000000000000000e+00
7.137544722096181293e-02
-8.566860324934890691e-01
-9.952747822672270983e-01
4.077079947981090413e-01
1.000000000000000000e+00
-1.861065331177060578e-01
9.645573459896064072e-01
-7.697212659533093637e-01
-8.267077528804872566e-01
-6.631426377293609953e-01
2.192599040177956038e-01
8.228341681238389160e-01
3.704949940514192797e-01
4.014676584848879126e-01
2.379767783241867884e-01
-5.734191538394199927e-01
9.800732655511259356e-03
-1.360057044410075688e-01
-1.840642655573146436e-01
5.343078472583097094e-01
9.032366849853972202e-01
-4.057134200833703019e-01
-7.859812794004306102e-01
-9.508706537030746642e-01
-3.571630549462583293e-01
4.532448842938314737e-01
-3.022381574403485982e-01
-1.000000000000000000e+00
-1.323503065876203422e-01
1.000000000000000000e+00
-4.919138696812364042e-01
4.906944339824632628e-01
6.887418599492446392e-01
-9.755970661476690009e-02
-3.580304859731583966e-01
3.912111161058661191e-01
6.896716517830188131e-01
2.922397481645834239e-01
4.533302361016728899e-01
3.453402958888543983e-01
-9.716680774683489341e-01
4.759851869429644888e-01
-1.046266192742079798e-01
-5.865340246065391394e-01
-9.895501444565609761e-01
4.590673499926610224e-01
6.511744744777926419e-01
2.035403300896101719e-01
-2.087727245059385339e-01
2.775965667366085965e-01
-4.678974777133094176e-01
-6.409806479605895113e-01
-8.515665727506794846e-01
-6.888356452338285640e-01
9.648717977556331427e-02
-5.620421465193684574e-01
-2.448535369562655217e-01
-4.958265673002402729e-01
-5.335606415631245492e-01
6.976313994810805497e-01
7.826364335163945585e-01
-4.120309057834474764e-01
1.355123204083294453e-01
-4.939295358517679091e-01
1.000000000000000000e+00
-1.000000000000000000e+00
-8.038229399526490848e-01
4.673770188187835739e-01
-1.000000000000000000e+00
6.253308383008655547e-01
6.945488617112712815e-01
5.461533227662592749e-01
1.000000000000000000e+00
-8.005643336290283463e-01
-1.000000000000000000e+00
-6.247998240719074836e-01
1.752504171899244845e-01
6.920733320045687753e-01
-4.585186898149991586e-01
-2.494186742389369049e-01
-3.179930020882656416e-01
6.431216203467076120e-01
-7.255864995210058455e-01
-1.066851363729126867e-01
9.943918624726681976e-01
2.540011666569369497e-01
2.903514587826533377e-01
-6.584762050057511029e-01
1.202480942466167546e-01
-1.000000000000000000e+00
6.371606305073530818e-03
-9.012037803110075629e-01
2.030685927892927900e-01
-1.000000000000000000e+00
1.665571809898979683e-01
1.000000000000000000e+00
6.575618921811539341e-02
1.731431732217674491e-01
4.913824737225164219e-01
-3.485592249915355212e-01
-6.643704588263038557e-01
-1.000000000000000000e+00
-1.261037414718214067e-01
1.000000000000000000e+00
3.441040200674893024e-01
-7.790396290733613283e-01
9.723625721475566419e-02
1.003665932582759462e-01
-4.000373266710223752e-01
-2.562472665302104602e-01
-9.384638037813707312e-01
-8.186117571726247988e-01
1.544843143457694246e-01
-4.018921406874330360e-02
9.834638589951806287e-01
-8.578475818424797783e-01
2.743907007578968438e-01
1.154166427127845396e-01
-2.674833819967707971e-01
2.237990503123252900e-02
-9.999569039067013332e-01
6.457736109293241711e-01
-8.016322235129323959e-01
-2.659163311994017231e-02
-7.553024258225673471e-01
-7.211207372016022188e-02
-4.695797063279517625e-01
-3.335616465050957880e-01
-2.795784705885372978e-01
1.636512006297274058e-01
1.148804472132308185e-01
1.213572355785893786e-01
6.428774602086844148e-01
-9.991307429292085596e-01
9.900212433533490675e-01
8.572379775731442386e-02
-3.090791109618705179e-01
6.649147253524770318e-02
-3.342123760111976871e-01
-6.887000190827382573e-01
1.071871354007891963e-01
-4.871987730654374626e-01
1.000000000000000000e+00
6.942593963895489217e-01
-8.966607484320640031e-01
-1.931184650423625054e-02
1.000000000000000000e+00
1.000000000000000000e+00
5.380150901217066739e-01
8.589067926204940751e-02
-2.196931743742781828e-01
6.601489246002902878e-01
-1.809831102920449464e-01
5.326551362973429571e-01
-1.636784897866730148e-01
3.365340636600090973e-01
4.932374697660094065e-01
2.874960789997892951e-01
-3.137877712713076916e-01
-8.245145983087375230e-01
1.000000000000000000e+00
6.511408490641751312e-02
1.333415811991068289e-01
9.317727691268614665e-01
-1.033620006741526876e-01
-2.258822434545059710e-01
-3.165043937245098360e-01
-6.699356061489762926e-01
1.000000000000000000e+00
-1.886758841454030944e-02
-3.428248378066412472e-01
4.402567641739624782e-01
4.066213958754649749e-02
4.773878743875915043e-01
2.445710889168083435e-01
1.385880910061280946e-01
-8.329963206124453290e-01
9.332705574662234493e-01
-3.240368691540079782e-01
9.397995835304319145e-01
2.306306937762178100e-01
3.021150494421907529e-01
-8.173866146671935340e-01
2.677845772145532321e-01
5.399496999304790323e-01
4.139456925869484105e-01
-4.632060340883899924e-02
8.166049532873369543e-01
7.225806378148399434e-01
-3.074732701212081198e-01
-2.004530743110521651e-01
1.174361248836855165e-01
-2.578254985871895055e-01
-1.000000000000000000e+00
6.338104526806329631e-01
3.446634730164518379e-01
-8.027667103025976081e-01
-5.368734664062287942e-01
-3.027304840191107904e-01
-6.968381013631019805e-01
5.164630810872431477e-01
-1.000000000000000000e+00
5.402773948035478613e-01
-1.000000000000000000e+00
-9.497852002526534498e-01
9.898913079519701397e-02
-5.314998444532433863e-01
-6.210757283860157685e-01
-4.251006745619973493e-01
-4.077605014069611844e-01
3.917592095430987853e-01
-7.174238658394095358e-01
4.654119390222885566e-01
-3.588873278605949069e-01
-8.367194633915274737e-01
5.671608224971583789e-01
7.329654941572163462e-01
-4.342197563523073622e-01
3.316851954107570277e-01
-5.775563854718784862e-01
-2.432387708186924680e-01
5.278123157331451321e-01
-2.479940223959971046e-01
6.123045760486424127e-01
1.186820717368680389e-01
4.506486125983508728e-01
1.004467411517166384e-02
-3.027335210132793275e-01
-1.000000000000000000e+00
-3.971582807810853932e-01
2.447169983502516799e-01
-4.283978475933047370e-01
9.926717244021335262e-02
5.569486863017538703e-01
8.982260204333963882e-01
-2.127525998893517734e-01
-1.000000000000000000e+00
8.243351441940899305e-02
7.271129669692978359e-01
-4.423755540252923280e-01
-4.107815799406240864e-01
3.143472131545025361e-01
-1.000000000000000000e+00
-6.985185463155125785e-01
4.357225748981870539e-01
1.000000000000000000e+00
6.747253142928303360e-01
-4.003867956790717053e-01
8.393625518445585465e-01
7.265026177123998785e-01
9.798261686735278142e-02
-8.969518328391937745e-01
-6.741642540677135198e-01
-9.350121353244014166e-01
5.766148932637161773e-01
1.000000000000000000e+00
7.452094225631972213e-01
2.725142825104222635e-02
3.490121494101419142e-01
-7.797182861814144772e-01
9.530105737832680335e-01
-1.552881337100335823e-01
-3.689492916104758491e-01
