9.463575582331589242e-01
1.584449937460406799e-01
3.484804009917685241e-01
3.773292312764405798e-01
-9.953664880042236707e-01
2.633463092998268862e-01
-4.988178012899662783e-01
-7.670674918865308944e-01
7.749378306829718399e-02
-1.049031636278259239e-01
-2.347333698631140220e-01
7.264930771393177666e-01
1.554412533494934912e-01
6.585763142437138784e-01
6.303276819898949723e-01
-4.172450977179922305e-01
-6.898316453796851100e-01
2.750978292312561413e-01
-1.966426399711517781e-01
-6.693119923029795526e-01
1.931060656009884191e-01
6.201282096816561618e-01
-7.297837742881924106e-02
-1.399751954366144080e-01
3.612423507125578359e-01
-4.783020071675919693e-01
2.302064740545011201e-01
-4.109489275610712644e-01
-3.495052674187671959e-01
-9.721062900833574716e-01
-7.351237955592373474e-01
4.640629546394641758e-01
5.811374991702724646e-01
6.750743575103165250e-01
4.544370498976879613e-01
8.696871364504574764e-01
2.752390135133067628e-01
2.678991457664051112e-01
5.446509276597600868e-01
7.402081878218770283e-01
-2.342096059498572636e-01
-1.282487564238152800e-01
-8.303130010564070407e-01
-1.000000000000000000e+00
8.166047355263945928e-02
7.965310349653986766e-01
-6.923920072883478216e-01
5.194564930932430435e-01
3.335075195415331817e-01
-7.390410062548503911e-02
9.117467728399632210e-02
7.822066590658854901e-01
-3.086980938955722342e-01
-1.898783225112390255e-02
-8.761643381314165868e-01
-8.026657544374392605e-01
9.644388641722267952e-02
-7.763047329423545806e-01
9.563332258519087192e-01
-5.848109906378198275e-01
1.694742813135580173e-01
1.380100871991343237e-01
5.739035165786611215e-01
-1.379280718372642156e-01
2.475917983439296088e-01
7.547731084119170264e-01
-5.075938361645300212e-01
4.679759809131682213e-01
6.855106590603085234e-03
-8.329466327525392177e-02
8.032119932985412603e-02
6.314295180078244307e-02
3.653775361706375069e-01
-4.139619453566185658e-01
8.796775149695896800e-01
1.974044824887504213e-01
7.194650426459088255e-01
3.604907500078829985e-01
3.641021249386465486e-02
2.806500441278650393e-01
-5.808639803008218694e-01
4.735299581750535558e-01
-7.859722040551802014e-01
-4.337845299998210891e-02
-5.609719083365737324e-01
-2.448952162368935592e-01
5.215146143749195273e-01
4.554964844730235440e-01
5.593500547372560749e-01
4.047958049172261513e-02
6.234775256980614744e-01
-4.486934845956399021e-01
4.985743559315428119e-01
-5.177011733773875246e-01
-3.766358771116846971e-02
-9.045389646519010896e-01
-4.897339222416247084e-01
-5.114100445294925690e-01
-3.022182386541564791e-01
5.980837587384499332e-02
-5.044995288945948175e-01
5.337793262343712986e-01
9.056786404637161558e-01
9.486386635187963323e-01
1.850425576983077691e-01
-2.078094209813173207e-02
4.601470867660507058e-01
2.140777779259632752e-01
-2.923865473758746059e-01
-5.733379797441283676e-01
3.420473418015563816e-01
-1.534216185529820864e-01
5.106419902545584755e-01
2.912359658880254720e-01
1.282968900282295266e-01
5.410420700766015445e-01
-1.825238412773965424e-01
1.343104601912218088e-01
3.810647355120755364e-01
-2.719413624903364024e-01
2.130087292840757152e-01
1.606182964064772345e-01
2.361901456158771728e-01
-8.677152577826623414e-01
5.841298159117457311e-01
2.276192029125374272e-01
2.839462978190637060e-02
2.519959646845833928e-02
8.653573922344138802e-01
1.874683879026702860e-01
6.571097548392075272e-01
2.595440059333616878e-01
-2.871970701189474062e-01
-3.102650117963525189e-01
-8.679474875659185518e-01
-9.999047287270406148e-01
5.888118579448724521e-01
-5.015063154366499187e-01
-5.283142998007627211e-01
-7.890839883679936495e-01
-5.172309821940173080e-01
-9.975307483692865684e-01
-9.464864713158125387e-01
5.512153351316810834e-01
2.525955158835960918e-02
-6.930995631375029831e-01
5.808558067439087980e-01
9.981659779155163115e-01
6.450474748488700394e-01
-3.849611918987100867e-01
2.265666160817333963e-02
1.000000000000000000e+00
4.413406222443836957e-01
-4.835961712309819749e-01
6.497668991207459221e-01
-2.921402792765377676e-02
2.588221927070639139e-01
-2.983257188224857637e-01
7.417631777541033866e-01
9.503564553894984224e-01
7.094996409226780321e-01
6.688132872759455783e-01
2.600208154821186946e-01
7.446296920813981306e-03
3.495974767627625379e-01
9.104261939510561730e-01
5.994520008315835646e-01
7.729945573573543394e-02
9.311811858040620615e-01
-1.000000000000000000e+00
-2.006285132103646229e-01
-4.187292941751996067e-01
-6.117954922667347140e-02
9.781720561630961042e-01
3.069617308920650767e-01
-4.504734152125439706e-01
-8.632275748659971881e-02
-3.726102641856920417e-01
7.997631303776101541e-01
-7.790295561170124117e-01
-9.564415901086904537e-01
3.786319679039184538e-01
4.110545417823668196e-02
4.804279854989157994e-01
4.031542976731036787e-01
5.263796027851270765e-01
-2.182063322295664243e-01
7.533371534096638955e-01
-9.971509836922393122e-01
-3.048305757218090772e-02
1.974076547667562020e-01
-2.287030488345642432e-01
7.188665444471804833e-02
-1.000000000000000000e+00
-4.630691152561174917e-01
-2.368402557952028475e-01
-2.390227557326393137e-01
4.875406907963835135e-01
3.842674475763188657e-01
6.966268365878911517e-01
3.471122384415788464e-01
-9.201927930926403487e-01
2.865689156053981002e-01
7.861692521005188283e-02
5.255791266668087269e-01
4.724013339609929307e-01
3.571710630025268229e-01
1.892233780185122727e-01
3.562605674880336970e-01
-9.570634959642064787e-01
-3.804173357692711144e-01
-9.944512734037240786e-01
-9.751357820504112928e-01
4.145187223268398391e-01
1.265722593181133893e-01
-6.221423342714431648e-01
-9.147464980622984632e-01
9.773104547600199865e-01
8.337036864553446502e-01
4.689853961826261353e-01
-5.356378522637278428e-01
-9.597003450867676311e-02
9.802688417312913627e-01
4.866668572519118607e-02
-2.846919441951042407e-01
-2.129023236099384653e-01
-4.847237261730950181e-02
-1.611597749460929041e-01
-5.821634284268560888e-01
1.761966696711532721e-01
-1.913946397012603329e-01
9.631410680638537170e-02
-3.189851634593546259e-01
9.890190662179838554e-01
4.255439931707424850e-01
-7.139062720786611971e-01
7.922567931136800246e-01
-5.231877079029217947e-01
-5.931212837605852606e-01
-6.389909461895690868e-01
-1.914985832933029930e-01
2.066397465065280270e-01
-3.756483767165614829e-01
-9.884512673206417022e-01
4.307643898918952496e-01
5.281912911863837490e-01
3.568289808944209995e-01
6.145809785563630667e-01
-9.113536946877661693e-01
7.496947022241576830e-01
5.530468655047892507e-02
9.827418817163888765e-01
7.107232429459504619e-01
9.976907708854420020e-01
1.419203422771056315e-02
4.955312486173590325e-01
-1.311037925808944127e-01
9.848449999618266171e-01
7.972037377686830295e-01
9.333190605394336981e-01
-3.605268699030764745e-01
6.191017548691554184e-01
-6.546850306447751233e-01
-8.641184891067666962e-01
2.763510810539066553e-01
