4.297626258348216655e-02
-3.265231669215780119e-01
-2.802998756459673668e-03
1.426263634977342765e-02
3.214223332653075998e-02
-6.620919040992745419e-01
-4.285357056019942212e-03
-5.260116588508614299e-01
7.162873025898635060e-01
1.987192434038378974e-02
-2.255106457843217282e-01
1.531805635984095915e-03
-1.433740763365083382e-01
-2.141261041707437363e-01
-6.807766223990887600e-01
-6.662458524209888266e-02
-2.029114738264009565e-01
2.700956728110228688e-01
2.309072787844972385e-01
-3.300566616020305100e-01
-6.916905659660189942e-02
5.799107022967473490e-01
2.270760097511459741e-01
-4.046075607841490007e-01
-9.336842824262814311e-02
2.593817261023157461e-01
1.171544389977278305e-02
-1.687400123574788746e-01
3.036287921137645895e-01
4.086806335258735268e-01
6.781816955648593825e-02
5.457276204216792159e-01
-1.973772275970323564e-01
4.151451870327826921e-02
6.799536580036631417e-01
-3.080335712637790047e-01
-7.252653034785587760e-01
-1.964986521603891978e-01
-3.750744223964219692e-02
4.982643575186830320e-01
-2.203910056743651480e-01
-3.524374749041426225e-01
-1.422065744832374246e-01
4.372969724685156767e-01
4.850296834321382589e-02
-2.841913232188916782e-01
9.250001562480791861e-02
5.812589912350440979e-01
5.407450982219392799e-01
2.466347128425894208e-02
-8.990086796924452450e-01
5.641789794046462303e-01
7.395108832924235376e-02
-2.372954177045177859e-02
3.364236450079705065e-01
1.677649844820883196e-01
-1.300535177115826890e-01
-1.414464972796281583e-01
-2.690933670657433274e-01
5.015538547031228589e-01
7.663390613340066437e-01
5.709991743617857107e-01
2.277404141123922088e-01
8.033120345059684420e-01
-6.456451517257979500e-01
-2.374131122559136053e-01
4.031460688726226649e-01
-1.694022445153637313e-01
-9.246978529383226286e-02
2.582105604946278166e-01
-8.223142709446047416e-01
4.248915939681540133e-01
3.314245251686355198e-01
-3.776265296716105890e-01
-4.600439467293466755e-01
1.968483045620827987e-02
3.909005410423631033e-01
-4.028172940979812822e-01
-1.608481811353445201e-01
8.486274569856785965e-02
-1.831532820541666440e-01
-3.129011092545171957e-01
1.765842685318783079e-01
1.107875822290725898e-01
6.355164305383531609e-01
-4.248519120579071773e-01
3.628196311152033227e-01
3.382502041166359774e-01
-1.070040377183020808e-02
2.216918205596231928e-01
-5.029642524003037352e-01
1.799656525418571462e-01
8.070686330807454179e-02
4.188830257587446426e-01
-2.050402459541553757e-01
-2.534543160156186303e-01
2.823346353368451078e-01
4.989701091962825963e-01
-9.103263493424476049e-01
1.396229305560381384e-03
-6.057676458974329270e-01
1.515280267925851465e-01
5.001205592920725529e-01
-2.208318936654377063e-01
3.276779690281499402e-01
7.821913684662773480e-01
2.463475345939447059e-01
2.550213689914605508e-01
5.054443905732541875e-01
-5.216849126341802645e-01
2.932669966522532534e-01
1.123486425136682176e-01
-5.464919983273469617e-02
-2.501764351368382933e-01
-4.205413364316484270e-01
1.781106578342606106e-02
-3.910353436915985359e-01
-3.357834309344602808e-01
2.313440748077572051e-02
-3.606843371132542053e-01
-2.318569097311596050e-01
6.205075889688930202e-01
-3.335009990292446824e-01
-1.180757427965853090e-01
7.672714596194096792e-01
-2.787724963073941464e-01
-4.675505373683674359e-01
-2.910882145166271417e-01
5.480517956531669732e-01
-1.488485783516931837e-01
2.158266102967964783e-01
-5.986128854621990403e-01
6.268623082473701036e-02
3.228641799380878585e-01
1.903205643560710314e-01
-3.186952615930177535e-01
9.982116500939532955e-01
-3.351501199718764923e-02
5.449525081406140226e-01
-1.058312826676392621e-01
-5.392959901608118667e-01
-3.682425529732850644e-01
-3.510242721861771553e-01
1.297843529170040755e-01
2.154961025935759611e-01
3.653614059558626947e-01
-3.349998852368319957e-01
4.806886967024331936e-01
-3.591603630803155145e-01
-6.140525730174517527e-01
3.180700094835461900e-01
2.318591469903534819e-01
2.714375120550751586e-01
-1.084285897077228444e-01
-1.025553850603134060e-01
3.031951275060934536e-02
-5.150052484088443183e-01
-2.520416481756900806e-01
-1.361296206940369180e-01
-1.214118340522460093e-01
2.319715532348469167e-01
-3.178275175523010976e-01
-2.570270814172720408e-01
-4.599286563294450181e-01
-3.635498013851417021e-01
-7.379016555114721321e-01
5.665914662858766437e-01
-1.936006955619218317e-01
2.774874770208908270e-01
-5.469544518767883723e-01
-3.385184434560893352e-01
1.051505941853436710e-01
2.011688126135793842e-01
3.399605210184991622e-01
5.786382686387137042e-02
1.792053758678060216e-01
-4.419507685402336294e-01
8.979977609632200375e-02
-4.768201797295659183e-01
2.266163533211784653e-02
4.742195244339109106e-03
-4.206114516262379754e-01
-1.993803916657483355e-01
-4.047762211624308937e-01
-7.682039078553790645e-01
-4.967746721445636116e-01
-1.779498377867707593e-01
5.767623390822386176e-01
-7.007977516332815071e-01
-7.306353357488291067e-01
-2.347523911699916366e-01
-4.812757008372826606e-01
-3.266821913409112543e-01
1.047874708025081092e-01
-2.960632451625387906e-01
-5.486782637073266411e-01
2.292684665157784796e-01
-6.822963498589600384e-01
-1.588245224814671674e-02
-3.969065796249171552e-02
1.016206704826192186e-01
4.323969017749088040e-02
-4.219016121099276040e-01
3.634057229556949542e-01
3.557122330900654439e-01
1.107852803676829812e-01
-2.508589534791116904e-01
-3.784135595493524074e-01
6.839083401587204847e-01
-9.387333838432493360e-02
3.893692160450727413e-01
3.109205531698853997e-02
-1.981563794223975272e-01
-3.316353611057870632e-02
-2.077957504174931247e-01
-7.591671100705464914e-01
-1.201256909125532624e-01
-3.838968863769576245e-01
-6.823402152216855310e-01
6.287527757007399520e-01
2.701175186641821546e-02
-2.050498531493314402e-01
-9.901386045725457663e-01
-1.400222702329768087e-01
-4.315934090286011049e-01
-3.139881333497390736e-01
1.843174228948354365e-01
-7.099113791416913344e-01
-2.578595635699940658e-01
-5.971784901099119747e-01
-5.083672936206005272e-02
6.378048608347872128e-02
7.845450345881177512e-02
7.923950727791724269e-01
-2.177644853140101588e-01
2.030981986158802433e-01
3.134650455080343345e-01
2.474336070809721733e-01
9.330792797818849849e-01
5.410700322739262491e-01
2.673487462761465761e-01
1.027678357570743772e-01
-1.711112533220944532e-01
-5.085411753531506873e-01
2.360524122104453726e-01
-2.806367147148334240e-01
6.267055253370421575e-01
3.865038924235538742e-01
3.792739695709931302e-01
2.056786464570147244e-01
2.123271671192500376e-01
-1.893697540946024382e-01
9.422935964349703486e-01
1.455934432514638388e-01
-8.626571571299820884e-02
-6.142280638171052631e-01
-8.261450444639719670e-01
4.763506286729295436e-01
5.214832133018350024e-01
3.641683395111779964e-01
-1.377077147607330687e-01
2.474674525585118245e-01
-1.085995192578628754e-01
1.615725711691745614e-01
-2.001664642320897802e-01
