-2.154832936034841440e-01
-4.095123489001180062e-01
1.183122150705974707e-01
9.006184106166257308e-01
1.758441899269863051e-01
4.430616621546632494e-01
1.933118660000374689e-01
1.266972682678518258e-01
-4.395851525549460126e-01
3.380936005905950115e-01
-4.602382399105243715e-01
3.112271714589335825e-01
3.586646748403933826e-01
-8.171817541245773864e-02
5.826295418485619715e-01
-7.219938938428475117e-01
1.060736216776671514e-01
-9.679447820156572568e-02
-9.940437966288608873e-01
-5.142138403312049855e-01
3.951954193748752897e-01
2.743662365002282055e-02
-1.657536521997302614e-01
4.460642392275586676e-01
2.071161710945172152e-01
2.479279151483849142e-01
-5.748512763561931527e-01
-6.719838726106218685e-01
3.239094825410783196e-01
-1.554160088440579290e-01
-2.865760418371319784e-01
5.352073266515569028e-01
2.103000391854022988e-01
-1.000000000000000000e+00
-8.500758196469789807e-01
6.221819680050283408e-03
8.323624200880172519e-02
-4.896137717426921054e-02
-5.211626774616226476e-02
5.755181696467138730e-01
-1.161114578973177075e-01
2.265549048324396186e-01
6.623887791579718964e-01
1.360131029027505933e-01
2.135473087266516468e-01
-4.737770370269899223e-01
4.458134800070591153e-01
7.512062041516297528e-01
-1.543708135815276272e-02
1.993335230725210572e-01
1.000000000000000000e+00
8.201269435846068045e-01
6.038491815726455547e-01
6.061978062436861325e-01
6.352624087828567800e-02
7.494786465806924092e-03
-9.955236010132462177e-01
-5.915734188391242876e-01
-9.480817604138219723e-02
-1.664741680860665207e-02
1.261759665936960095e-01
-7.538029049403457416e-01
-3.123120393794324712e-01
-3.611925085300382587e-02
-7.308850487964835274e-01
-6.524299005255662642e-02
3.774730790255574897e-01
-3.775142443918405588e-01
4.054939983709582307e-01
6.640874927671136518e-01
-6.056451872176629725e-02
-2.878573072679628808e-01
-8.221565383052326093e-02
4.448966394920286782e-01
-7.987133978234822740e-01
4.658060521263110987e-01
4.717902583908827330e-01
-2.194055395985082535e-01
-1.197572852006743571e-01
-9.364380486597743136e-01
9.345041923936341366e-01
6.837888539039800317e-01
-3.193946972888899172e-01
-7.199864989938420390e-01
-3.573147612284588437e-01
-2.613993818574320560e-01
-1.980203585403387256e-01
6.879416088871872503e-01
-1.717525957618087629e-01
6.649659658885110902e-01
-2.985021239375766355e-01
-9.525286262700682904e-01
-6.424090970897702313e-01
4.828778104082654954e-01
-2.041250755530625016e-01
-1.660398239122981012e-01
8.627240523338296496e-01
-3.719474649512399256e-01
2.344243675105106561e-03
-2.871808247491428601e-01
-7.316848588835418443e-01
-3.874704651930535038e-01
2.028071288008037598e-02
-1.073943866233090239e-01
-5.792474379724207312e-01
-2.053195334286384011e-03
-3.456152040753621701e-01
2.412554842898457785e-01
5.983345285535119906e-01
-9.521368101651244142e-01
6.319460680306484557e-01
-1.859091171595057546e-01
-9.809557882830940989e-02
-6.973303856725895367e-01
-4.350347756573665903e-01
-3.107077923044906376e-01
-4.696256037174371956e-02
-7.826491669031174769e-01
-2.717056184490400650e-01
-8.346871095457622514e-02
4.470525335607144490e-01
-3.029825857174172077e-01
-3.174036582952434182e-01
5.175979378593369429e-01
-1.023905667610756076e-01
-2.640512871459867877e-02
-3.182569359055658631e-01
-2.797933131138723439e-01
2.112558078347960278e-01
7.073200857132727615e-02
4.181740155910396162e-02
1.606037266557902021e-01
3.625807932474383044e-01
3.289060735210003195e-01
3.593735315140852982e-01
-7.945857490623932373e-02
6.426417908283451608e-01
-4.606810872493827813e-01
1.665957853465151184e-01
5.876567091643734031e-01
3.772914231903735094e-01
-2.600657977327785475e-01
7.177378925839983381e-01
-1.058926183010549527e-01
-7.913161673375529448e-02
3.989235653117684244e-01
2.181891762518297639e-01
-3.510983525140957129e-01
2.403556559209429899e-03
-8.585225815470071131e-02
4.977870614767593294e-03
-4.295628918210728786e-01
9.862442771730661750e-01
-7.997497563024726086e-02
7.871540602653087637e-01
-4.293902161853865307e-01
-5.534069568905120029e-03
5.220048771105711971e-01
-8.825761580220484182e-02
-1.213842866309772783e-01
1.367827721062198632e-01
-1.853384905609145594e-02
-2.566439116349239491e-01
-2.091685627914751100e-01
3.536438842383641257e-01
-1.339179911933880973e-01
-7.901639069757029343e-01
-6.303843801067621211e-01
-8.194828884965654758e-01
4.489220187110278260e-01
-7.095092801139120109e-01
5.421330822549710327e-01
6.124029459548030463e-01
-1.994680131016558500e-01
-5.427415181858417093e-01
-5.426695545903972295e-01
-3.631505892999553620e-02
2.901837604039944618e-01
-5.450666950874671901e-01
3.941035147526210647e-01
-1.569544461320520057e-01
-2.698500218489223168e-01
-5.173720983305405419e-01
1.196214613790440029e-01
2.700640011255708295e-01
-2.798696412277528744e-01
2.933345104481980825e-01
8.234461956675824812e-01
-2.238367490918999614e-01
-2.365255438571947089e-01
2.814560629490376331e-01
-2.650326369324881304e-01
-3.492541758902211191e-01
2.814297231384313980e-01
5.724159957997132508e-02
7.886244743235598653e-02
6.926895876493698034e-02
-5.566361402289521365e-02
-3.517080793935293270e-01
-1.000000000000000000e+00
-1.151579681197751753e-01
-6.900208035456907307e-01
4.485585442922954691e-01
-1.619718538314307843e-01
2.808843754177714480e-02
3.616253327217487934e-01
-2.066380543232907430e-01
2.606549491490079973e-01
2.659749240659402547e-01
1.265260611940830504e-01
-8.621133089606818345e-01
4.997475757631838489e-01
2.583033579952295211e-01
3.699504925035306258e-01
6.002162951496499144e-01
-7.316884405795593960e-01
-9.046652416322433776e-01
-5.631982589218618163e-01
6.695629799851942066e-01
-4.720858187198906375e-01
2.803219193917669827e-01
-5.282816475068679019e-01
1.098784894777457555e-02
-8.162708171699786242e-01
-4.806130419278735744e-01
-4.260343192715586591e-01
1.027091303956720880e-01
4.032135736913641105e-02
8.637171655181710150e-01
1.021524460001763113e-01
7.251702411958560468e-02
-2.362346197884290233e-01
8.162493240531232264e-01
-3.487168880203497245e-01
-3.118140636253596831e-02
4.699346985066444327e-01
-7.379148527919219269e-01
1.957931705659659849e-01
-2.802585347815490791e-02
-4.344074746147482680e-01
2.289749882544114129e-02
-7.679105958458734005e-01
-2.227620302878400849e-01
7.076885550134276448e-01
-6.876919879776974831e-01
-6.628960478353391750e-01
-1.512695073367493759e-01
2.300663749822611792e-01
-2.290270895944446494e-01
-1.150241114874260284e-01
1.179594880015275293e-01
-8.468362109039373475e-01
-2.803819214959208939e-01
-4.291415139248517252e-01
3.900670823114386621e-01
-7.063096976829934537e-01
-6.023517159133330301e-01
-3.752262284712624268e-02
-6.087671795476262693e-01
-1.000000000000000000e+00
-6.438437206070766194e-01
-2.892226080066563343e-01
6.997747000058176514e-01
7.220295876778497490e-01
3.669956697481177588e-01
