2.995832204433087620e-01
1.517378521444860406e-01
-3.928344262518847496e-01
5.814849292252197710e-01
6.291711752631133914e-01
-5.051367574646682679e-02
4.030783366637882281e-01
-7.459581642910764407e-03
5.530495192377727909e-01
-2.020977623121681666e-01
3.827024588227413426e-01
1.000000000000000000e+00
7.050490775064826021e-01
4.294986551131282221e-02
-9.999202829047146857e-01
3.224679833101573023e-01
1.054608526216351816e-01
-7.688208301239538578e-01
7.961473683021492720e-01
4.072090259575202875e-01
-3.227633281822235856e-01
9.453110571614501412e-01
5.486991042891925519e-01
-4.855561032762865104e-01
-5.411688886802494824e-01
-3.614848129209410899e-01
-6.164877553585845771e-01
3.700688490852778456e-02
1.631123625009973099e-01
-6.657951789641431972e-01
-1.000000000000000000e+00
-9.966831339895514397e-01
1.218858128356899440e-01
7.320042834669037157e-01
-3.360330414106270092e-01
2.361624734352724131e-01
-3.213047360220968596e-01
8.636823360847547537e-01
4.508321340166402402e-01
2.933098061593470973e-01
-2.944110776297332449e-02
4.993554313001441480e-01
-7.629831303025109979e-02
-5.371417533861798654e-01
4.331593132050572115e-02
7.543321368349898970e-01
3.860392587781901197e-01
-6.499258631440971712e-01
-3.689722269326442539e-01
-4.696826955532507758e-02
1.000000000000000000e+00
-1.819531116710148555e-01
6.466910283517508518e-01
-1.116112247489763204e-01
-7.231511334953636405e-01
3.842321428146988627e-01
8.557740008902725570e-01
6.276341506609356413e-03
1.000000000000000000e+00
-5.497485195419005155e-01
-2.403166617853137454e-01
3.876725831569747815e-01
-6.452954463903897153e-01
-2.496197042017291867e-01
1.764313666926057567e-01
-1.464292660370906662e-01
9.463189313275819359e-01
6.761808098874809714e-01
1.000000000000000000e+00
-9.810316771828442306e-01
-6.806926141065905433e-01
5.911966351739467163e-01
1.060409507300781456e-01
-2.725844739124372307e-01
-3.706756727833312448e-01
-9.984032079057596487e-01
-5.607323260043880486e-01
-1.000000000000000000e+00
-6.638314240680427414e-01
4.356300154591895568e-01
2.549143943763860776e-01
9.592573018199274104e-01
-8.011800740880151706e-01
7.118758761830699111e-01
3.416719567052208251e-01
-9.743128609530637974e-01
-6.308603042681317774e-01
4.475390504856436857e-01
4.581410961148287830e-01
3.809254238137247395e-01
-4.799479818799144981e-01
7.602436534615409913e-01
-2.535273922301675142e-01
5.420061010143103486e-01
-9.966679616744371362e-02
1.000000000000000000e+00
2.445251668985235771e-01
-2.663521007097326421e-01
-1.152850296427133797e-01
-2.854988307358765631e-01
-8.023387307282808800e-01
8.165469536323196609e-01
7.759388471513460894e-01
1.224379621410953550e-01
-2.188966104290250569e-01
-6.108126356979245442e-01
3.625283347683352919e-01
1.710084351658799073e-01
-5.077261520390480287e-01
-5.418135727177403327e-02
-1.000000000000000000e+00
5.584316964719780382e-04
-2.903256407678090345e-01
2.584626457479409778e-01
-6.487673852433045729e-01
1.000000000000000000e+00
-4.953241500043263912e-01
7.417182223863829638e-01
-2.107018192696191727e-01
5.666655844395053487e-02
4.393115110890922353e-02
4.297756069407796531e-01
-3.460031465288539998e-01
5.012747825134941104e-01
-4.447135671889846931e-01
-8.795806828489330376e-02
-6.966596945461093204e-01
5.181689769609982843e-01
7.998756572170527199e-03
-3.811466514640730607e-01
7.035717570686811362e-01
3.202610763310685393e-01
9.345982739808458284e-01
-3.805947639518975634e-01
6.906215803050906876e-01
-5.601580261243276349e-01
1.294015952094830502e-01
-4.497843245925821631e-01
-1.058818282885235981e-02
3.411610131312121236e-02
3.141306832196134602e-01
9.968741276131373175e-01
5.842104876403263480e-01
-1.158492603115412606e-01
-7.078379590809165123e-01
6.050775662333096605e-01
-6.065647791824529955e-01
-6.680326969545089533e-01
3.895352161627056026e-02
-1.000000000000000000e+00
6.416459057701026092e-01
-1.383191322839430193e-01
-5.847656739574154106e-01
6.789514490907888611e-02
9.570734457308707199e-01
7.736944039561036157e-02
6.260041422331889815e-02
3.880109895295689171e-01
8.576644166002386216e-01
-8.254628701961587156e-01
1.886299659641395565e-01
-7.509348709124062937e-01
4.228965036436197478e-01
-3.468748286185782681e-01
-4.931729809986005186e-01
4.309261479756866242e-01
-9.974514991599789937e-01
-5.727781134656575457e-01
3.913588637733254605e-01
-2.571372235808224715e-01
5.516537138440076316e-01
-4.030089947498406433e-01
-2.768515864261845150e-01
5.970681128338088950e-01
6.387749414322861918e-01
-5.369309539882149984e-01
-6.037088013591204172e-01
-9.846024927156296069e-01
-9.198683205646971395e-01
7.300991483676676497e-01
-9.004824553533055664e-02
5.820037173376314543e-01
-5.055162526116684374e-01
-6.751698379095859570e-01
5.022144230331032633e-01
-4.337440970542046914e-01
-9.597864105009014102e-01
-5.872321138916022365e-01
1.681175708536712388e-01
-3.045779259231431446e-01
-7.078020502614951193e-01
-9.196206521880732065e-01
-4.110018837578280348e-02
8.160867781687541900e-01
1.575892282604854922e-01
-4.543184555041566708e-01
-2.247687587842617241e-02
6.457432205651429946e-01
6.085503004066251664e-01
-2.691121037950431893e-01
-1.503824762461169473e-01
-7.563391533760382979e-01
-3.552369726184775173e-02
5.875218545287409500e-01
7.201032290757479748e-01
5.770761242834063776e-01
9.331533000133899192e-01
1.549516101156717951e-01
-9.992991468566511659e-02
-4.899343048586513594e-01
4.395759954315575646e-01
-1.297913435271159238e-02
6.638405904601414331e-01
4.001667148487848547e-01
6.480853041749298216e-01
-9.626529194686902491e-01
-3.692244333178136273e-01
-2.121767703001305183e-02
-8.238138104019397945e-01
-4.597889144566252861e-01
-9.739227195316391139e-01
9.016275553981102364e-01
1.507344345540632402e-01
-4.970977879785544729e-01
1.055605024394127844e-01
-3.254060279733125283e-01
-6.249542073156441058e-01
-1.526824002208837794e-01
-5.944364894455519410e-01
-2.196687095754285557e-01
1.777923399224602408e-01
2.448857925893674070e-01
-7.779850748944409089e-01
4.437871281275337365e-01
4.897623127587025227e-01
-4.481520115894342682e-02
-6.953135690636889077e-01
-2.996574027953954888e-01
2.943262752004684457e-01
7.701553575113852246e-02
-6.259852876567529867e-01
6.215739950040009010e-01
-7.427647371136333887e-02
-1.634899575448212419e-02
7.797826620617877014e-01
2.897728987484218810e-01
-1.000000000000000000e+00
7.294258519286423992e-01
7.929440948136953216e-01
-1.332068985864786337e-01
6.784649170814170960e-01
-4.789282256671902882e-01
8.469754446357239397e-01
6.990145902990386739e-01
-1.663319239419855933e-01
-7.374427348481633615e-01
-3.521080783440853068e-01
3.169116686644336822e-02
5.886528285320223874e-01
2.809647115766208958e-01
-5.940459672367554012e-01
2.865222578765810879e-01
9.781910004567384576e-01
4.843428754898784216e-01
-1.131151428037489443e-01
