-1.051591783391838952e-01
3.763370125313153514e-01
8.429772395530619189e-01
-6.239985731976293026e-01
-1.000000000000000000e+00
2.143483769338616618e-02
-4.573797881626542883e-01
-7.410247928956484875e-01
-1.000000000000000000e+00
-3.352791825160477135e-01
-6.784647141967754536e-01
-4.432185348952040749e-01
-9.339876704519869399e-01
-3.738520345493016039e-01
-4.040290755591851024e-01
-2.986051089165820960e-01
-2.183678961345709157e-01
5.284721175091759704e-02
-1.000000000000000000e+00
-8.031100570182846399e-01
-8.039801287127072982e-01
-8.348210426360920255e-01
-7.792952324910544792e-01
-4.751868611220325667e-01
9.619542409511130376e-01
7.015469253817321338e-01
-9.660235152334859521e-01
-7.981606379918987360e-01
-6.188610296937446797e-02
-1.633158446630137983e-01
3.637170608337347288e-01
-5.115167992503251160e-01
5.788601045502008713e-01
-4.850713555103639552e-01
5.655312073245744031e-01
-3.499344014910711342e-01
2.786186003829141944e-01
3.928778451528602833e-01
-6.442445591188137310e-01
5.082961063510127442e-01
6.721893067799943333e-01
-9.280405573255579021e-01
8.832932077425452722e-01
7.211655376635323078e-01
5.484272707736896901e-01
-1.885391450771068400e-01
-2.133273455481697056e-01
-9.333467756698389517e-03
-3.927541447966471644e-01
6.958205423580894333e-01
4.777273765805964967e-01
-3.710890267708983892e-01
-1.868876727829215934e-01
4.348850243386432890e-01
1.000000000000000000e+00
3.376565013214156696e-01
-5.664576117501638475e-01
4.574697555824062123e-01
-8.927571937708049798e-01
8.297996388738511087e-01
6.261357206167446066e-01
3.591087245449092746e-01
2.947138863668252728e-01
2.042855556681100193e-01
-9.190070036527905328e-01
7.653314177102290561e-01
1.000000000000000000e+00
6.856137693657696208e-02
5.282221972011569289e-01
3.050806552121325121e-01
7.721072533192400167e-01
1.000000000000000000e+00
5.264460891909301665e-01
-2.966930980351817349e-01
-6.757746275706935091e-01
-5.673523126118358295e-01
3.395370399712583920e-01
-2.291278756343661516e-01
2.081150988668458157e-01
-8.079523544775620847e-01
3.681165200794763726e-01
8.741821152924095228e-01
-3.087341077943688838e-01
-4.328416706964768879e-01
6.023936420285143090e-01
1.651345083910081279e-01
6.424045748028304192e-01
-7.448622498934716063e-01
3.920800661748728988e-01
4.587085710632757829e-01
-4.342088291149822088e-01
-8.837461211214181489e-02
2.148686940260264855e-01
7.150264576458857935e-01
9.555058963518205939e-01
2.785951992174459102e-01
8.963773178874995251e-01
7.283762237950420770e-01
-8.811181977421830291e-01
9.852059836381651947e-02
1.692193614372596855e-01
1.493100293931690636e-01
-2.217829232551661867e-01
-4.223226238539576904e-01
-7.798216826950660208e-01
-9.114216817276471483e-01
2.846794944083494427e-01
3.327030744798313844e-01
2.595086673379696229e-01
4.948490327519374232e-01
2.491445997633621179e-01
2.334858352120106617e-01
-7.846378408956763417e-01
-1.768265558777561974e-01
-4.848550691042295968e-01
-7.458323649151221701e-01
-1.000000000000000000e+00
1.000000000000000000e+00
8.334629376926366850e-01
-8.856271064905811841e-01
-3.034398966743717119e-01
-2.481890230939919895e-01
-9.632759071298563347e-01
6.297644136332106735e-01
-3.210695756772574683e-03
-2.932153367831352719e-01
-5.456322767448584798e-02
7.024452323816476884e-01
-1.573091485232818165e-01
-4.433423445574595778e-01
3.813264339746445519e-01
-2.938464328774689771e-01
-2.937533903346125630e-01
5.891863477288593609e-01
1.425822194457886660e-01
-1.955402521931668691e-01
5.109101342809507784e-02
-6.341662473927889287e-01
-7.824257391332791745e-01
-4.017219839739629705e-01
-1.000000000000000000e+00
-2.389957758828427092e-01
-1.000000000000000000e+00
6.619180280758980572e-01
1.420381638851367645e-01
5.777935272653242915e-01
3.585963383290452500e-01
-2.418969716960370775e-01
9.910249248683627998e-01
4.522942024088432156e-01
6.250700693122852591e-01
-5.048131292127511216e-01
7.784989196297682490e-01
-4.665996451132095046e-01
-7.149179295367517062e-01
7.942650830203159540e-01
8.116077022427368171e-01
5.625983809525068047e-01
3.186071714112685971e-01
-2.478156296624337007e-01
4.697928373624091769e-01
8.778884478690682780e-01
1.468355889861792107e-01
5.991443572672366935e-01
-5.055058520893418450e-01
2.225155941681520588e-01
9.325094029671202600e-01
-2.397902802734754035e-01
-6.718724321843303482e-01
4.853509286319276361e-01
-9.820716230881847419e-01
-7.394349243966018559e-01
-5.733685096194576225e-01
-1.617378541524899793e-01
6.240711264444724904e-01
5.712197070485325323e-01
1.000000000000000000e+00
1.000000000000000000e+00
-7.454342505267053109e-02
-6.548356201956501144e-02
-2.519740324517466545e-01
7.269578317226776942e-01
8.923731625961189851e-01
3.526428872899389222e-01
7.682858917223267525e-01
1.000144842384331767e-02
7.657928926691216498e-01
3.567924922914260666e-01
9.571099818575703466e-01
4.342158472119954649e-01
5.095326792998454701e-01
-1.000000000000000000e+00
2.260932595810561663e-01
2.374620996476286550e-01
-1.206656334531102243e-01
-5.561630491771840656e-01
3.385789223519516944e-01
5.333775443538711913e-01
-4.251595359673243646e-01
8.641025878164219076e-01
-1.350661918828678365e-01
-3.087512303134254399e-01
-1.528913556153797537e-01
7.111141165999443903e-01
6.498587349437385807e-01
-9.782581667371594847e-01
8.087282181555334182e-01
-8.659345766343916617e-01
6.343238690393652179e-01
7.383669550684885952e-01
-6.437560721161320609e-01
5.797868977864958362e-01
4.152152360153218424e-01
9.615671826657781196e-01
5.196737514310784123e-01
-7.679882341496357956e-01
-4.719200353034166406e-01
-8.718729323396661179e-01
7.319206820626077414e-01
9.949305681998281692e-01
-7.419415065580754476e-01
6.158959290347115756e-01
1.396305876430029014e-01
-1.428782981671084529e-01
6.115997788215161712e-01
9.775572991601512163e-01
6.926378255670831430e-02
-8.845483038493906491e-02
-6.151004516146112433e-01
-2.385375234680996714e-01
-7.169194754562142613e-01
-5.853465260158267069e-01
-6.280025243797765500e-02
6.874046887637413894e-01
-7.573650974215095921e-01
1.000000000000000000e+00
6.355820633995861169e-01
8.903402145656671429e-01
9.785823545608797192e-01
-4.556078402121293003e-01
2.346594556002354615e-01
-1.386411870649911227e-01
-1.519676192029937589e-01
3.220344204943528243e-01
-3.765798667555177448e-01
-8.964676532522146690e-01
-6.932991277959572596e-01
3.551621866647240999e-01
-7.592711725451417593e-02
-2.489296995237467169e-01
1.269422672579916256e-01
-5.609256567590645837e-01
-1.217298070319728642e-01
4.069291792791028539e-02
-2.032130117326899355e-01
-4.416316082564277767e-01
-4.037330783558470415e-01
-6.869522019944118707e-01
-4.849505706753279854e-01
-3.905579319827378049e-01
-3.254167017374585136e-01
6.526099211532869482e-02
7.293048272981901281e-01
-8.939006880751065864e-01
5.175561869750808786e-01
