-9.094367969180774391e-01
-9.983061905666301694e-01
-2.485625313635697609e-01
3.718061646376276119e-01
2.645439611850064487e-01
1.467243667717233468e-01
7.680255485761799950e-01
-8.109873093004760225e-01
-6.736974772056750771e-01
-1.404648043007231395e-01
3.956452809090640343e-01
6.816464027201143971e-02
-6.923695918602509325e-01
-8.392579333376317674e-01
1.782345434000185691e-01
-6.211703469712289705e-01
-3.330362206264648184e-01
1.580591451701338079e-01
-1.000000000000000000e+00
-1.000000000000000000e+00
-6.209879204906109118e-01
8.514387196709922723e-01
3.478976716099801414e-01
8.178926842709017819e-01
2.039507796428167985e-01
-4.076694997780072605e-01
9.198731207605070903e-02
-1.034076786500779110e-01
9.538243528696741524e-01
8.922993729894476700e-02
-2.770541878696022864e-01
6.417850526560778812e-01
1.058950572781052757e-01
-5.180864506714539797e-01
-6.101328015692961682e-01
9.886866821669143546e-01
5.171458712699805726e-01
5.644170232654823760e-01
-3.681877234610094196e-01
-5.812950866498098890e-01
3.316670778751304449e-01
-9.911735855834121756e-01
-4.095924301380220456e-01
3.776455947461708762e-01
4.566305869333125433e-01
-7.631086734085948953e-01
1.000000000000000000e+00
-6.125426415154929805e-01
2.036694223532395931e-01
-2.812047212725277134e-01
7.598232153188753113e-01
-2.332914231611807332e-01
-9.221936470118616835e-01
-7.577628546186980785e-01
2.937191194238591430e-01
-2.517354455719099104e-01
-5.926545552853745846e-01
-1.779942036779687264e-01
8.489797870705622085e-01
-7.813693485587586141e-01
-1.255317515125184413e-01
5.658816728313911248e-01
-4.019354631348478479e-01
2.783506078766913583e-01
-9.214703455658307396e-01
1.149478798428311410e-01
-6.116714502186469948e-01
-1.038806019220240295e-01
4.206993613596112791e-01
-2.423353436712397113e-01
-1.000000000000000000e+00
6.087001653018258018e-01
-3.152575171151230649e-01
-6.737987507756635353e-01
2.794869478926105266e-01
7.579566126730384878e-01
-6.589503004751006143e-01
6.143131757052278097e-02
-9.840791310041876461e-01
-3.154207297865547766e-01
-8.155590757170887439e-01
7.482408147955998956e-01
3.521892701377791757e-01
-4.105530169884769043e-02
8.663263909303178800e-02
-1.081792493468677618e-01
-7.895056545538230441e-01
-7.416312679361419802e-01
-7.441281672949444648e-01
7.704743162614204888e-01
1.000000000000000000e+00
4.566863592057622823e-01
-7.051140395573879394e-01
-9.197469406839836603e-01
-8.245492799672143880e-02
-6.580216018043092419e-01
1.850606549181844918e-01
3.298215828898258262e-01
-4.731741931864099637e-01
-3.371629190279360477e-01
6.069210315943079914e-02
-5.149862019473429031e-01
4.906905067849226532e-02
-2.367690681249213780e-01
-4.825139396198273589e-01
-4.156569346831128220e-01
-3.210957261662237272e-01
-1.494602097245459060e-01
-3.329630227119493302e-01
4.285277357367293649e-01
1.893186656094921205e-01
4.901813621654305120e-01
5.846155112546200794e-01
5.502831076753933459e-01
8.598500506022552781e-01
-1.000000000000000000e+00
-9.742312527583409931e-01
8.417757472100120819e-02
-5.235495438434868420e-01
-4.971115738673151374e-01
-8.495320894840226872e-03
-2.495452922771393689e-01
9.700307119893243346e-01
-2.415858387588421252e-01
5.165657658716431566e-01
6.396303169113222165e-01
-1.000000000000000000e+00
2.627968144555392072e-01
-5.494131402247095508e-01
3.380467818266019719e-01
7.672174018088007141e-01
7.743865903412110452e-01
-1.000000000000000000e+00
1.000000000000000000e+00
9.779461026399159929e-01
3.546493271002562064e-01
-1.008800589885325144e-01
3.492989804776878149e-01
1.166285390494194163e-01
4.051988406278431154e-02
-2.086984665507413128e-03
1.088153749021869426e-01
-4.759029695929938297e-01
4.813607582336228430e-01
-2.570757937547694660e-01
-8.301266079507234608e-01
6.000071997776861288e-01
2.561661898615117949e-01
9.819286501838953019e-01
7.420100297412338675e-01
4.802074360215081716e-01
1.066655481032835057e-01
-6.943963867549060032e-01
2.293240709619037698e-01
-3.834133154741546368e-01
4.535292734298822515e-01
-1.509505384377965442e-02
1.634944424140497288e-01
-3.317398957434768425e-01
-2.422725223544160977e-01
1.000000000000000000e+00
-6.923366315856682718e-02
-5.529305349089612687e-01
-9.066914452776701772e-02
-4.801477274304871701e-01
-8.556475550164981403e-01
-8.496983725402116328e-01
-8.347249213612184526e-01
-2.485150771902597810e-01
9.965885500823318255e-01
4.376828923633279134e-01
4.614113208502310659e-01
-3.783279301128972816e-01
-1.184619970661400234e-01
2.282649782247324899e-01
2.772763372419133066e-01
5.734934360975741940e-01
-1.012576234898127092e-02
-4.036692635955712039e-01
-1.000000000000000000e+00
7.988948260657188216e-01
-4.973439162530896573e-01
9.154847069607358057e-01
3.689219645780467127e-01
6.145184786400745836e-01
-5.921518033128759795e-01
5.903654438120697900e-01
4.609857895299703245e-01
-1.413311465995658323e-01
-7.535769561666190164e-01
9.174868150543338263e-01
5.943469621379855461e-01
4.092345372111834689e-01
-4.224490281112822099e-02
3.007670721872317543e-01
-1.000000000000000000e+00
1.000000000000000000e+00
8.073251223787138997e-01
-9.847472951771667482e-01
-9.268313845310119925e-01
4.495647280883138808e-01
-9.640982676479830094e-01
-1.878723734205433593e-01
-1.591180272534451767e-01
2.317774519298431701e-01
-8.084603319609729999e-01
-6.523813186405460485e-01
5.300333842562987563e-01
5.170365759175129527e-01
1.652579019426087259e-01
5.621397187408273544e-01
-2.752693773306417180e-01
4.081182926241305187e-01
3.752321183796176740e-01
5.200911164461412550e-01
-7.108203705916534831e-01
7.471250712992937304e-01
-5.872414071547945452e-02
9.382177057135681064e-01
-8.319442327748474142e-01
-1.000000000000000000e+00
9.550169614574548493e-01
9.772747839789146518e-01
-6.186288307648377671e-01
-2.908454779050384520e-01
-1.646516703517509894e-01
-4.428374516824342549e-02
-3.000044842239693033e-01
-6.936823821684190428e-01
1.365185061234356623e-01
5.594519266487079090e-01
-4.148855282358402397e-01
8.080629058426600508e-01
6.611173117250018771e-01
1.096471643813858310e-01
-4.600668054976746468e-01
-9.612614408642095043e-01
-6.898682807851281851e-01
8.198862968458648925e-01
-4.655605285724888076e-01
5.236901121536001735e-01
-2.854684334608022928e-02
-1.843207104770674953e-01
-3.424394330485063254e-01
1.410537058191167203e-01
4.383441706322679376e-01
-5.233521254884041518e-01
6.040375823272942091e-01
3.507283116889692298e-01
-6.663738728973672698e-01
4.254954018094931900e-01
4.306361755442602579e-01
9.962117847669960113e-01
5.453626012271015067e-02
-6.385710056045146299e-02
1.000000000000000000e+00
6.105431641417389255e-01
1.830464868140684875e-01
-1.000000000000000000e+00
-1.000000000000000000e+00
4.601054950617672890e-01
3.049221000540617843e-01
5.394272880737456255e-01
-3.769579835664913503e-01
-5.340424403089659711e-01
